0.024331872058433006 -0.25777334003743874
0.024331872058433006 -0.32790482810842014
-0.018973785226704468 -0.36797996414898093
-0.07671466160688777 -0.3779987481591211
-0.17776119527220854 -0.3880175321692613
-0.19219641436725438 -0.3980363161794015
-0.19219641436725438 -0.3579611801388407
-0.2066316334623002 -0.34794239612870054
-0.23550207165239184 -0.3779987481591211
-0.23550207165239184 -0.4080551001895417
-0.24993729074743767 -0.4280926682098221
-0.30767816712762097 -0.3880175321692613
-0.2643725098424835 -0.36797996414898093
-0.30767816712762097 -0.3980363161794015
-0.35098382441275844 -0.4180738841996819
-0.3942894816978959 -0.4180738841996819
-0.40872470079294176 -0.4080551001895417
-0.3654190435078043 -0.3779987481591211
-0.42315991988798757 -0.3779987481591211
-0.42315991988798757 -0.3579611801388407
-0.3798542626028501 -0.4080551001895417
-0.3798542626028501 -0.43811145221996234
-0.42315991988798757 -0.4781865882605231
-0.4375951389830334 -0.4982241562808035
-0.3942894816978959 -0.45814902024024273
-0.40872470079294176 -0.4781865882605231
-0.4375951389830334 -0.5182617243010839
-0.42315991988798757 -0.5182617243010839
-0.4375951389830334 -0.5583368603416448
-0.4809007962681709 -0.5683556443517849
-0.46646557717312503 -0.5382992923213643
-0.4953360153632167 -0.5382992923213643
-0.5386416726483542 -0.5883932123720653
-0.5530768917434 -0.6384871324227663
-0.5963825490285375 -0.6485059164329064
-0.6252529872186291 -0.6384871324227663
-0.5963825490285375 -0.6585247004430467
-0.5819473299334916 -0.6485059164329064
-0.5530768917434 -0.6585247004430467
-0.6108177681235833 -0.6885810524734673
-0.6252529872186291 -0.6785622684633271
-0.6252529872186291 -0.6585247004430467
-0.6252529872186291 -0.6485059164329064
-0.5819473299334916 -0.6485059164329064
-0.639688206313675 -0.6384871324227663
-0.6541234254087208 -0.6685434844531869
-0.6829938635988124 -0.6685434844531869
-0.6974290826938583 -0.6485059164329064
-0.6252529872186291 -0.6284683484126261
-0.5242064535533083 -0.5883932123720653
-0.46646557717312503 -0.5483180763315045
-0.46646557717312503 -0.5583368603416448
-0.46646557717312503 -0.5082429402909437
-0.42315991988798757 -0.4280926682098221
-0.40872470079294176 -0.3980363161794015
-0.3942894816978959 -0.3779987481591211
-0.40872470079294176 -0.3579611801388407
-0.45203035807807923 -0.36797996414898093
-0.4809007962681709 -0.36797996414898093
-0.4809007962681709 -0.3178860440982799
-0.40872470079294176 -0.24775455602729854
-0.30767816712762097 -0.20767941998673772
-0.30767816712762097 -0.23773577201715831
-0.3221133862226668 -0.27781090805771913
-0.33654860531771263 -0.27781090805771913
-0.3654190435078043 -0.24775455602729854
-0.3654190435078043 -0.21769820399687792
-0.35098382441275844 -0.21769820399687792
-0.3798542626028501 -0.22771698800701812
-0.40872470079294176 -0.2878296920678593
-0.4375951389830334 -0.2978484760779995
-0.42315991988798757 -0.2677921240475789
-0.3942894816978959 -0.23773577201715831
-0.3221133862226668 -0.22771698800701812
-0.33654860531771263 -0.21769820399687792
-0.3221133862226668 -0.22771698800701812
-0.35098382441275844 -0.21769820399687792
-0.2643725098424835 -0.21769820399687792
-0.2643725098424835 -0.23773577201715831
-0.24993729074743767 -0.20767941998673772
-0.3221133862226668 -0.21769820399687792
-0.3654190435078043 -0.24775455602729854
-0.4375951389830334 -0.25777334003743874
-0.45203035807807923 -0.18764185196645733
-0.4375951389830334 -0.14756671592589654
-0.42315991988798757 -0.13754793191575634
-0.40872470079294176 -0.13754793191575634
-0.5242064535533083 -0.17762306795631713
-0.5819473299334916 -0.18764185196645733
-0.6685586445037666 -0.15758549993603674
-0.7696051781690874 -0.17762306795631713
-0.7984756163591791 -0.4280926682098221
-0.8706517118344081 -0.9089943006965516
-0.8706517118344081 -1.4500086372441225
-0.8129108354542248 -1.9108727017105716
-0.7262995208839499 -2.371736766177021
-0.5242064535533083 -2.882694750694171
-0.33654860531771263 -3.4237090872417415
-0.2066316334623002 -3.9547046397791723
-0.06227944251184195 -4.465662624296322
0.03876709115347883 -4.84637641668165
0.11094318662870796 -5.036733312874314
0.31303625395934953 -5.146939936985856
0.4718236640048536 -5.116883584955436
0.6450462931454035 -5.096846016935155
0.8615745795710908 -4.886451552722211
1.1935846187571448 -4.465662624296322
1.5400298770382446 -3.724272607545948
1.9153455735094362 -2.7624693425724884
2.117438640840078 -1.8006660775990295
2.1463090790301695 -1.0592760608486547
2.0741329835549402 -0.6685434844531869
1.8864751353193445 -0.45814902024024273
1.669946848893657 -0.2677921240475789
1.3956776860877864 -0.11751036389547594
1.0347972087116408 -0.01732252379407394
0.7172223886206326 -0.007303739783933743
0.3707771303395328 0.032771396256627054
0.1398136248187996 0.11292166833774865
-0.018973785226704468 0.17303437239858985
-0.10558509979697943 0.24316586046957123
-0.13445553798707108 0.2632034284898516
-0.19219641436725438 0.2632034284898516
-0.23550207165239184 0.27322221249999185
-0.29324294803257517 0.25318464447971145
-0.30767816712762097 0.27322221249999185
-0.29324294803257517 0.283240996510132
-0.2066316334623002 0.31329734854055263
-0.2643725098424835 0.32331613255069286
-0.2643725098424835 0.32331613255069286
-0.24993729074743767 0.33333491656083303
-0.3221133862226668 0.34335370057097325
-0.2788077289375293 0.3934476206216742
-0.23550207165239184 0.3934476206216742
-0.2643725098424835 0.3734100526013938
-0.2788077289375293 0.34335370057097325
-0.29324294803257517 0.33333491656083303
-0.3221133862226668 0.3734100526013938
-0.24993729074743767 0.3934476206216742
-0.17776119527220854 0.4134851886419546
-0.19219641436725438 0.3934476206216742
-0.2066316334623002 0.36339126859125365
-0.23550207165239184 0.3734100526013938
-0.24993729074743767 0.3734100526013938
-0.2643725098424835 0.3734100526013938
-0.2066316334623002 0.40346640463181443
-0.23550207165239184 0.40346640463181443
-0.24993729074743767 0.38342883661153404
-0.29324294803257517 0.3734100526013938
-0.2643725098424835 0.4134851886419546
-0.1633259761771627 0.4635791086926556
-0.10558509979697943 0.483616676712936
-0.13445553798707108 0.4435415406723752
-0.10558509979697943 0.4134851886419546
-0.12002031889202525 0.42350397265209483
-0.1488907570821169 0.4635791086926556
-0.12002031889202525 0.42350397265209483
-0.13445553798707108 0.40346640463181443
-0.1488907570821169 0.38342883661153404
-0.17776119527220854 0.34335370057097325
-0.17776119527220854 0.34335370057097325
-0.1633259761771627 0.4134851886419546
-0.10558509979697943 0.43352275666223505
-0.047844223416796124 0.4635791086926556
-0.06227944251184195 0.4435415406723752
-0.047844223416796124 0.45356032468251545
-0.12002031889202525 0.4134851886419546
-0.1488907570821169 0.4435415406723752
-0.1488907570821169 0.483616676712936
-0.10558509979697943 0.483616676712936
-0.1488907570821169 0.483616676712936
-0.10558509979697943 0.47359789270279584
-0.0911498807019336 0.4635791086926556
-0.07671466160688777 0.5036542447332164
-0.018973785226704468 0.483616676712936
-0.004538566131658644 0.4635791086926556
-0.018973785226704468 0.43352275666223505
-0.004538566131658644 0.3934476206216742
-0.004538566131658644 0.40346640463181443
-0.047844223416796124 0.4134851886419546
-0.03340900432175029 0.4134851886419546
-0.018973785226704468 0.43352275666223505
0.024331872058433006 0.43352275666223505
-0.004538566131658644 0.40346640463181443
0.03876709115347883 0.4134851886419546
0.03876709115347883 0.4635791086926556
0.12537840572375378 0.4635791086926556
0.1975545011989829 0.40346640463181443
0.15424884391384544 0.3934476206216742
0.09650796753366213 0.34335370057097325
0.06763752934357048 0.3032785645304124
0.024331872058433006 0.2632034284898516
0.03876709115347883 0.24316586046957123
0.053202310248524655 0.2632034284898516
0.09650796753366213 0.27322221249999185
0.11094318662870796 0.23314707645943103
0.09650796753366213 0.19307194041887024
0.1398136248187996 0.15299680437830945
0.22642493938907457 0.14297802036816926
0.22642493938907457 0.08286531630732805
0.22642493938907457 0.06282774828704765
0.18311928210393708 0.012733828236346657
0.18311928210393708 0.022752612246486857
0.16868406300889127 -0.007303739783933743
0.2408601584841204 -0.007303739783933743
0.26973059667421206 -0.03736009181435434
0.2408601584841204 -0.027341307804214142
0.26973059667421206 -0.05739765983463474
0.28416581576925787 -0.12752914790561615
0.22642493938907457 -0.15758549993603674
0.26973059667421206 -0.18764185196645733
0.32747147305439533 -0.17762306795631713
0.2408601584841204 -0.18764185196645733
0.22642493938907457 -0.21769820399687792
0.22642493938907457 -0.22771698800701812
0.22642493938907457 -0.23773577201715831
0.26973059667421206 -0.23773577201715831
0.31303625395934953 -0.25777334003743874
0.31303625395934953 -0.2978484760779995
0.29860103486430367 -0.32790482810842014
0.32747147305439533 -0.32790482810842014
0.28416581576925787 -0.32790482810842014
0.29860103486430367 -0.34794239612870054
0.3419066921494412 -0.2978484760779995
0.28416581576925787 -0.2878296920678593
0.26973059667421206 -0.30786726008813975
0.1975545011989829 -0.3379236121185603
0.18311928210393708 -0.34794239612870054
0.18311928210393708 -0.3379236121185603
0.21198972029402874 -0.34794239612870054
0.12537840572375378 -0.3379236121185603
0.09650796753366213 -0.34794239612870054
0.024331872058433006 -0.3379236121185603
-0.004538566131658644 -0.3178860440982799
0.024331872058433006 -0.2878296920678593
0.053202310248524655 -0.25777334003743874
0.009896652963387181 -0.25777334003743874
-0.03340900432175029 -0.24775455602729854
-0.13445553798707108 -0.2677921240475789
-0.1633259761771627 -0.24775455602729854
-0.1488907570821169 -0.22771698800701812
-0.1633259761771627 -0.21769820399687792
-0.2066316334623002 -0.24775455602729854
-0.23550207165239184 -0.23773577201715831
-0.23550207165239184 -0.23773577201715831
-0.2788077289375293 -0.17762306795631713
-0.2643725098424835 -0.18764185196645733
-0.2643725098424835 -0.16760428394617694
-0.30767816712762097 -0.15758549993603674
-0.33654860531771263 -0.14756671592589654
-0.35098382441275844 -0.18764185196645733
-0.46646557717312503 -0.17762306795631713
-0.3942894816978959 -0.14756671592589654
-0.35098382441275844 -0.12752914790561615
-0.35098382441275844 -0.11751036389547594
-0.3654190435078043 -0.10749157988533574
-0.3798542626028501 -0.13754793191575634
-0.40872470079294176 -0.12752914790561615
-0.42315991988798757 -0.10749157988533574
-0.40872470079294176 -0.07743522785491513
-0.46646557717312503 -0.05739765983463474
-0.4809007962681709 -0.09747279587519554
-0.4809007962681709 -0.09747279587519554
-0.4809007962681709 -0.08745401186505533
-0.46646557717312503 -0.03736009181435434
-0.42315991988798757 -0.01732252379407394
-0.4375951389830334 -0.027341307804214142
-0.46646557717312503 -0.03736009181435434
-0.5097712344582626 -0.08745401186505533
-0.5530768917434 -0.04737887582449454
-0.5675121108384459 -0.03736009181435434
-0.5530768917434 -0.01732252379407394
-0.5530768917434 -0.007303739783933743
-0.5819473299334916 0.002715044226206457
-0.5675121108384459 0.022752612246486857
-0.5242064535533083 0.07284653229718785
-0.5242064535533083 0.08286531630732805
-0.5097712344582626 0.052808964276907455
-0.5530768917434 0.022752612246486857
-0.5963825490285375 -0.007303739783933743
-0.6252529872186291 -0.027341307804214142
-0.6829938635988124 0.022752612246486857
-0.6685586445037666 0.10290288432760845
-0.6252529872186291 0.13295923635802906
-0.6108177681235833 0.11292166833774865
-0.6108177681235833 0.08286531630732805
-0.6252529872186291 0.04279018026676725
-0.6685586445037666 0.032771396256627054
-0.6685586445037666 0.032771396256627054
-0.6829938635988124 0.04279018026676725
-0.7262995208839499 0.04279018026676725
-0.7551699590740416 0.052808964276907455
-0.7840403972641332 0.06282774828704765
-0.7696051781690874 0.09288410031746826
-0.7118643017889041 0.09288410031746826
-0.6974290826938583 0.10290288432760845
-0.7551699590740416 0.10290288432760845
-0.7118643017889041 0.08286531630732805
-0.6974290826938583 0.032771396256627054
-0.7551699590740416 0.04279018026676725
-0.7407347399789957 0.032771396256627054
-0.7118643017889041 0.052808964276907455
-0.7551699590740416 0.04279018026676725
-0.7840403972641332 0.04279018026676725
-0.7551699590740416 -0.007303739783933743
-0.7551699590740416 0.012733828236346657
-0.7551699590740416 0.002715044226206457
-0.6685586445037666 -0.007303739783933743
-0.6685586445037666 -0.007303739783933743
-0.7262995208839499 -0.07743522785491513
-0.7407347399789957 -0.09747279587519554
-0.7551699590740416 -0.06741644384477494
-0.7407347399789957 -0.03736009181435434
-0.6829938635988124 -0.01732252379407394
-0.6974290826938583 -0.01732252379407394
-0.6974290826938583 -0.04737887582449454
-0.7407347399789957 -0.09747279587519554
-0.7262995208839499 -0.11751036389547594
-0.6829938635988124 -0.10749157988533574
-0.639688206313675 -0.11751036389547594
-0.6541234254087208 -0.12752914790561615
-0.6541234254087208 -0.10749157988533574
-0.6974290826938583 -0.14756671592589654
-0.7118643017889041 -0.10749157988533574
-0.7118643017889041 -0.08745401186505533
-0.6685586445037666 -0.05739765983463474
-0.6685586445037666 -0.11751036389547594
-0.6685586445037666 -0.13754793191575634
-0.6685586445037666 -0.16760428394617694
-0.6541234254087208 -0.15758549993603674
-0.6685586445037666 -0.13754793191575634
-0.5530768917434 -0.07743522785491513
-0.5530768917434 -0.09747279587519554
-0.5819473299334916 -0.11751036389547594
-0.5675121108384459 -0.12752914790561615
-0.6108177681235833 -0.09747279587519554
-0.5675121108384459 -0.05739765983463474
-0.5242064535533083 -0.04737887582449454
-0.5097712344582626 -0.06741644384477494
-0.5097712344582626 -0.08745401186505533
-0.4809007962681709 -0.04737887582449454
-0.42315991988798757 -0.027341307804214142
-0.33654860531771263 0.032771396256627054
-0.2788077289375293 0.04279018026676725
-0.30767816712762097 0.022752612246486857
-0.33654860531771263 -0.04737887582449454
-0.35098382441275844 -0.03736009181435434
-0.33654860531771263 -0.03736009181435434
-0.33654860531771263 0.012733828236346657
-0.22106685255734604 0.06282774828704765
-0.2066316334623002 0.09288410031746826
-0.19219641436725438 0.12294045234788885
-0.22106685255734604 0.13295923635802906
-0.23550207165239184 0.11292166833774865
-0.2788077289375293 -0.007303739783933743
-0.3221133862226668 -0.15758549993603674
-0.42315991988798757 -0.25777334003743874
-0.45203035807807923 -0.2978484760779995
-0.46646557717312503 -0.3379236121185603
-0.46646557717312503 -0.34794239612870054
-0.45203035807807923 -0.3379236121185603
-0.4375951389830334 -0.3379236121185603
-0.4953360153632167 -0.3178860440982799
-0.5242064535533083 -0.3579611801388407
-0.6108177681235833 -0.3779987481591211
-0.6252529872186291 -0.3579611801388407
-0.6252529872186291 -0.3880175321692613
-0.6108177681235833 -0.36797996414898093
-0.6685586445037666 -0.36797996414898093
-0.639688206313675 -0.3880175321692613
-0.6685586445037666 -0.4180738841996819
-0.639688206313675 -0.3880175321692613
-0.6541234254087208 -0.3779987481591211
-0.6108177681235833 -0.4280926682098221
-0.6829938635988124 -0.43811145221996234
-0.6974290826938583 -0.45814902024024273
-0.7840403972641332 -0.4681678042503829
-0.8129108354542248 -0.4280926682098221
-0.7696051781690874 -0.43811145221996234
-0.7551699590740416 -0.4681678042503829
-0.7262995208839499 -0.45814902024024273
-0.7696051781690874 -0.4982241562808035
-0.7840403972641332 -0.5382992923213643
-0.7984756163591791 -0.5583368603416448
-0.8417812736443165 -0.5683556443517849
-0.8417812736443165 -0.5783744283619251
-0.885086930929454 -0.6084307803923457
-0.8706517118344081 -0.6284683484126261
-0.885086930929454 -0.6485059164329064
-0.8706517118344081 -0.5883932123720653
-0.8417812736443165 -0.5583368603416448
-0.7696051781690874 -0.5583368603416448
-0.7551699590740416 -0.5683556443517849
-0.7840403972641332 -0.6284683484126261
-0.8129108354542248 -0.6184495644024859
-0.8417812736443165 -0.5783744283619251
-0.7840403972641332 -0.5182617243010839
-0.7262995208839499 -0.4481302362301025
-0.6974290826938583 -0.4481302362301025
-0.6541234254087208 -0.4180738841996819
-0.6974290826938583 -0.3779987481591211
-0.6541234254087208 -0.36797996414898093
-0.6108177681235833 -0.3178860440982799
-0.5530768917434 -0.2878296920678593
-0.5675121108384459 -0.2677921240475789
-0.5530768917434 -0.24775455602729854
-0.5530768917434 -0.20767941998673772
-0.5675121108384459 -0.13754793191575634
-0.5530768917434 -0.11751036389547594
-0.4953360153632167 -0.09747279587519554
-0.5097712344582626 -0.15758549993603674
-0.5097712344582626 -0.17762306795631713
-0.5242064535533083 -0.20767941998673772
-0.4809007962681709 -0.20767941998673772
-0.45203035807807923 -0.19766063597659753
-0.40872470079294176 -0.18764185196645733
-0.3942894816978959 -0.21769820399687792
-0.40872470079294176 -0.22771698800701812
-0.4375951389830334 -0.20767941998673772
-0.46646557717312503 -0.18764185196645733
-0.45203035807807923 -0.18764185196645733
-0.40872470079294176 -0.21769820399687792
-0.46646557717312503 -0.22771698800701812
-0.4375951389830334 -0.21769820399687792
-0.46646557717312503 -0.18764185196645733
-0.4809007962681709 -0.12752914790561615
-0.4953360153632167 -0.04737887582449454
-0.46646557717312503 -0.007303739783933743
-0.5819473299334916 0.052808964276907455
-0.7407347399789957 0.002715044226206457
-0.885086930929454 -0.18764185196645733
-0.9716982454997289 -0.7386749725241682
-0.8995221500244999 -1.5101213413049637
-0.6974290826938583 -2.231473790035058
-0.5386416726483542 -2.972863806785433
-0.3654190435078043 -3.684197471505387
-0.2066316334623002 -4.295343296123939
-0.12002031889202525 -4.7662261446005285
-0.004538566131658644 -5.066789664904735
0.03876709115347883 -5.197033857036557
0.12537840572375378 -5.277184129117678
0.2408601584841204 -5.267165345107538
0.5006941021949453 -5.136921152975716
0.93375067504632 -4.796282496630949
1.4678537815630155 -4.064911263890714
1.8864751353193445 -2.9628450227752925
2.088568202649986 -1.8106848616091695
2.088568202649986 -0.9791257887675331
1.9009103544143904 -0.5483180763315045
1.669946848893657 -0.30786726008813975
1.4101129051828323 -0.16760428394617694
1.092538085091824 -0.09747279587519554
0.7605280459057701 -0.07743522785491513
0.4718236640048536 -0.04737887582449454
0.26973059667421206 0.04279018026676725
0.08207274843861631 0.18305315640873004
-0.06227944251184195 0.283240996510132
-0.07671466160688777 0.32331613255069286
-0.1488907570821169 0.33333491656083303
-0.22106685255734604 0.31329734854055263
-0.33654860531771263 0.31329734854055263
-0.35098382441275844 0.34335370057097325
-0.3221133862226668 0.38342883661153404
-0.22106685255734604 0.4134851886419546
-0.24993729074743767 0.40346640463181443
-0.19219641436725438 0.42350397265209483
-0.2066316334623002 0.40346640463181443
-0.19219641436725438 0.4134851886419546
-0.22106685255734604 0.43352275666223505
-0.24993729074743767 0.4134851886419546
-0.24993729074743767 0.43352275666223505
-0.30767816712762097 0.4134851886419546
-0.2643725098424835 0.4134851886419546
-0.24993729074743767 0.4435415406723752
-0.17776119527220854 0.47359789270279584
-0.0911498807019336 0.5236918127534969
-0.0911498807019336 0.483616676712936
-0.13445553798707108 0.4134851886419546
-0.19219641436725438 0.40346640463181443
-0.1488907570821169 0.4435415406723752
-0.1488907570821169 0.483616676712936
-0.10558509979697943 0.483616676712936
-0.0911498807019336 0.49363546072307624
-0.06227944251184195 0.47359789270279584
-0.07671466160688777 0.47359789270279584
-0.06227944251184195 0.5036542447332164
-0.004538566131658644 0.5136730287433566
0.009896652963387181 0.49363546072307624
0.024331872058433006 0.49363546072307624
-0.018973785226704468 0.47359789270279584
-0.018973785226704468 0.47359789270279584
-0.047844223416796124 0.5136730287433566
-0.018973785226704468 0.5036542447332164
0.03876709115347883 0.5036542447332164
0.024331872058433006 0.5136730287433566
0.03876709115347883 0.49363546072307624
0.053202310248524655 0.5036542447332164
0.024331872058433006 0.5136730287433566
0.08207274843861631 0.5737857328041979
0.06763752934357048 0.533710596763637
0.09650796753366213 0.533710596763637
0.09650796753366213 0.5136730287433566
0.12537840572375378 0.5437293807737772
0.11094318662870796 0.5737857328041979
0.11094318662870796 0.6238796528548988
0.15424884391384544 0.6038420848346184
0.18311928210393708 0.5637669487940576
0.18311928210393708 0.533710596763637
0.12537840572375378 0.5136730287433566
0.11094318662870796 0.533710596763637
0.21198972029402874 0.5437293807737772
0.2408601584841204 0.5236918127534969
0.2408601584841204 0.5236918127534969
0.2408601584841204 0.47359789270279584
0.1975545011989829 0.42350397265209483
0.1975545011989829 0.4134851886419546
0.2552953775791662 0.45356032468251545
0.2552953775791662 0.45356032468251545
0.28416581576925787 0.40346640463181443
0.2552953775791662 0.3533724845811134
0.28416581576925787 0.3533724845811134
0.29860103486430367 0.3934476206216742
0.3707771303395328 0.3934476206216742
0.4285180067197161 0.4134851886419546
0.4718236640048536 0.3734100526013938
0.44295322581476193 0.3032785645304124
0.41408278762467027 0.21310950843915064
0.38521234943457866 0.17303437239858985
0.3707771303395328 0.19307194041887024
0.4573884449098078 0.17303437239858985
0.4285180067197161 0.13295923635802906
0.4718236640048536 0.11292166833774865
0.4718236640048536 0.09288410031746826
0.5151293212899911 0.08286531630732805
0.5439997594800827 0.06282774828704765
0.6161758549553118 0.032771396256627054
0.5873054167652202 -0.01732252379407394
0.5151293212899911 -0.04737887582449454
0.5295645403850369 -0.07743522785491513
0.4862588830998994 -0.10749157988533574
0.5439997594800827 -0.09747279587519554
0.601740635860266 -0.05739765983463474
0.6594815122404494 -0.11751036389547594
0.6739167313354951 -0.16760428394617694
0.6306110740503577 -0.19766063597659753
0.5873054167652202 -0.19766063597659753
0.6161758549553118 -0.18764185196645733
0.601740635860266 -0.20767941998673772
0.5151293212899911 -0.21769820399687792
0.5295645403850369 -0.27781090805771913
0.5151293212899911 -0.2878296920678593
0.5439997594800827 -0.25777334003743874
0.601740635860266 -0.21769820399687792
0.6450462931454035 -0.21769820399687792
0.5728701976701743 -0.21769820399687792
0.5873054167652202 -0.25777334003743874
0.4862588830998994 -0.27781090805771913
0.38521234943457866 -0.25777334003743874
0.32747147305439533 -0.23773577201715831
0.3419066921494412 -0.22771698800701812
0.32747147305439533 -0.16760428394617694
0.31303625395934953 -0.18764185196645733
0.31303625395934953 -0.17762306795631713
0.31303625395934953 -0.16760428394617694
0.29860103486430367 -0.15758549993603674
0.28416581576925787 -0.13754793191575634
0.18311928210393708 -0.14756671592589654
0.15424884391384544 -0.15758549993603674
0.11094318662870796 -0.16760428394617694
0.053202310248524655 -0.11751036389547594
0.06763752934357048 -0.06741644384477494
0.11094318662870796 -0.07743522785491513
0.08207274843861631 -0.07743522785491513
0.09650796753366213 -0.07743522785491513
0.08207274843861631 -0.11751036389547594
0.03876709115347883 -0.09747279587519554
0.053202310248524655 -0.05739765983463474
0.06763752934357048 -0.03736009181435434
0.03876709115347883 -0.027341307804214142
-0.07671466160688777 -0.007303739783933743
-0.10558509979697943 0.012733828236346657
-0.10558509979697943 0.04279018026676725
-0.0911498807019336 0.07284653229718785
-0.07671466160688777 0.10290288432760845
-0.004538566131658644 0.08286531630732805
-0.06227944251184195 0.052808964276907455
-0.06227944251184195 0.04279018026676725
-0.06227944251184195 0.04279018026676725
-0.10558509979697943 0.08286531630732805
-0.0911498807019336 0.15299680437830945
-0.13445553798707108 0.15299680437830945
-0.1633259761771627 0.14297802036816926
-0.17776119527220854 0.13295923635802906
-0.22106685255734604 0.17303437239858985
-0.1488907570821169 0.14297802036816926
-0.10558509979697943 0.14297802036816926
-0.10558509979697943 0.13295923635802906
-0.13445553798707108 0.11292166833774865
-0.13445553798707108 0.052808964276907455
-0.17776119527220854 0.08286531630732805
-0.1633259761771627 0.14297802036816926
-0.13445553798707108 0.19307194041887024
-0.17776119527220854 0.22312829244929083
-0.2066316334623002 0.23314707645943103
-0.22106685255734604 0.21310950843915064
-0.2788077289375293 0.19307194041887024
-0.24993729074743767 0.19307194041887024
-0.2066316334623002 0.16301558838844965
-0.22106685255734604 0.18305315640873004
-0.24993729074743767 0.16301558838844965
-0.2643725098424835 0.18305315640873004
-0.29324294803257517 0.19307194041887024
-0.30767816712762097 0.21310950843915064
-0.2643725098424835 0.21310950843915064
-0.30767816712762097 0.23314707645943103
-0.3221133862226668 0.20309072442901044
-0.3221133862226668 0.14297802036816926
-0.33654860531771263 0.12294045234788885
-0.30767816712762097 0.14297802036816926
-0.2643725098424835 0.16301558838844965
-0.29324294803257517 0.15299680437830945
-0.30767816712762097 0.13295923635802906
-0.33654860531771263 0.11292166833774865
-0.3654190435078043 0.11292166833774865
-0.3942894816978959 0.15299680437830945
-0.3221133862226668 0.15299680437830945
-0.3221133862226668 0.15299680437830945
-0.30767816712762097 0.14297802036816926
-0.29324294803257517 0.11292166833774865
-0.2788077289375293 0.12294045234788885
-0.2788077289375293 0.07284653229718785
-0.24993729074743767 0.06282774828704765
-0.30767816712762097 0.06282774828704765
-0.3654190435078043 0.04279018026676725
-0.3798542626028501 0.012733828236346657
-0.3654190435078043 0.032771396256627054
-0.33654860531771263 0.052808964276907455
-0.24993729074743767 0.032771396256627054
-0.24993729074743767 0.04279018026676725
-0.24993729074743767 0.022752612246486857
-0.2788077289375293 0.022752612246486857
-0.3221133862226668 0.032771396256627054
-0.2643725098424835 0.052808964276907455
-0.2788077289375293 0.04279018026676725
-0.3221133862226668 0.08286531630732805
-0.3221133862226668 0.052808964276907455
-0.3221133862226668 0.052808964276907455
-0.30767816712762097 0.012733828236346657
-0.2788077289375293 -0.007303739783933743
-0.19219641436725438 0.022752612246486857
-0.1633259761771627 0.012733828236346657
-0.1633259761771627 0.012733828236346657
-0.17776119527220854 -0.007303739783933743
-0.17776119527220854 0.022752612246486857
-0.22106685255734604 0.052808964276907455
-0.22106685255734604 0.07284653229718785
-0.23550207165239184 0.06282774828704765
-0.29324294803257517 0.002715044226206457
-0.24993729074743767 0.002715044226206457
-0.23550207165239184 0.022752612246486857
-0.1488907570821169 0.032771396256627054
-0.07671466160688777 0.022752612246486857
-0.06227944251184195 0.012733828236346657
-0.06227944251184195 0.032771396256627054
-0.0911498807019336 0.032771396256627054
-0.10558509979697943 0.08286531630732805
-0.018973785226704468 0.14297802036816926
0.053202310248524655 0.16301558838844965
0.024331872058433006 0.22312829244929083
0.053202310248524655 0.21310950843915064
0.12537840572375378 0.16301558838844965
0.08207274843861631 0.13295923635802906
0.09650796753366213 0.12294045234788885
0.15424884391384544 0.14297802036816926
0.16868406300889127 0.15299680437830945
0.1398136248187996 0.18305315640873004
0.06763752934357048 0.19307194041887024
0.06763752934357048 0.22312829244929083
0.12537840572375378 0.24316586046957123
0.15424884391384544 0.23314707645943103
0.11094318662870796 0.14297802036816926
0.12537840572375378 0.002715044226206457
0.12537840572375378 -0.14756671592589654
0.053202310248524655 -0.19766063597659753
0.09650796753366213 -0.20767941998673772
0.03876709115347883 -0.16760428394617694
-0.018973785226704468 -0.15758549993603674
-0.06227944251184195 -0.18764185196645733
-0.17776119527220854 -0.22771698800701812
-0.23550207165239184 -0.22771698800701812
-0.19219641436725438 -0.24775455602729854
-0.13445553798707108 -0.24775455602729854
-0.17776119527220854 -0.27781090805771913
-0.2066316334623002 -0.2878296920678593
-0.2066316334623002 -0.2978484760779995
-0.23550207165239184 -0.2677921240475789
-0.19219641436725438 -0.24775455602729854
-0.1633259761771627 -0.25777334003743874
-0.22106685255734604 -0.24775455602729854
-0.23550207165239184 -0.27781090805771913
-0.2788077289375293 -0.3178860440982799
-0.33654860531771263 -0.30786726008813975
-0.30767816712762097 -0.2878296920678593
-0.30767816712762097 -0.3379236121185603
-0.33654860531771263 -0.34794239612870054
-0.33654860531771263 -0.3980363161794015
-0.35098382441275844 -0.4180738841996819
-0.35098382441275844 -0.4080551001895417
-0.33654860531771263 -0.4280926682098221
-0.3654190435078043 -0.4280926682098221
-0.45203035807807923 -0.45814902024024273
-0.45203035807807923 -0.4781865882605231
-0.45203035807807923 -0.4882053722706633
-0.4809007962681709 -0.4681678042503829
-0.46646557717312503 -0.4681678042503829
-0.3942894816978959 -0.4781865882605231
-0.33654860531771263 -0.4982241562808035
-0.35098382441275844 -0.5082429402909437
-0.35098382441275844 -0.5082429402909437
-0.3798542626028501 -0.45814902024024273
-0.3942894816978959 -0.4681678042503829
-0.3798542626028501 -0.4681678042503829
-0.40872470079294176 -0.4681678042503829
-0.40872470079294176 -0.4681678042503829
-0.40872470079294176 -0.4681678042503829
-0.3942894816978959 -0.4180738841996819
-0.29324294803257517 -0.36797996414898093
-0.19219641436725438 -0.3379236121185603
-0.23550207165239184 -0.3178860440982799
-0.19219641436725438 -0.32790482810842014
-0.2066316334623002 -0.30786726008813975
-0.2788077289375293 -0.2677921240475789
-0.22106685255734604 -0.21769820399687792
-0.17776119527220854 -0.18764185196645733
-0.19219641436725438 -0.17762306795631713
-0.1488907570821169 -0.15758549993603674
-0.1633259761771627 -0.11751036389547594
-0.13445553798707108 -0.11751036389547594
-0.047844223416796124 -0.12752914790561615
0.009896652963387181 -0.08745401186505533
-0.018973785226704468 -0.08745401186505533
-0.004538566131658644 -0.12752914790561615
-0.07671466160688777 -0.13754793191575634
-0.06227944251184195 -0.12752914790561615
-0.047844223416796124 -0.10749157988533574
-0.10558509979697943 -0.11751036389547594
-0.12002031889202525 -0.10749157988533574
-0.10558509979697943 -0.11751036389547594
-0.0911498807019336 -0.11751036389547594
-0.0911498807019336 -0.08745401186505533
-0.03340900432175029 -0.09747279587519554
0.03876709115347883 -0.04737887582449454
0.08207274843861631 -0.12752914790561615
0.03876709115347883 -0.14756671592589654
-0.047844223416796124 -0.17762306795631713
-0.07671466160688777 -0.15758549993603674
-0.06227944251184195 -0.11751036389547594
-0.06227944251184195 -0.027341307804214142
-0.10558509979697943 0.022752612246486857
-0.1633259761771627 0.012733828236346657
-0.2066316334623002 -0.04737887582449454
-0.2643725098424835 -0.04737887582449454
-0.3221133862226668 0.002715044226206457
-0.3654190435078043 -0.10749157988533574
-0.3942894816978959 -0.5282805083112241
-0.3654190435078043 -1.1795014689703371
-0.24993729074743767 -1.7605909415584686
-0.12002031889202525 -2.241492574045198
0.08207274843861631 -2.7223942065319275
0.28416581576925787 -3.233352191049078
0.4573884449098078 -3.7543289595763683
0.5295645403850369 -4.225211808052958
0.6739167313354951 -4.656019520488986
0.7605280459057701 -4.936545472772912
0.8327041413809992 -5.016695744854033
0.9626211132364116 -5.016695744854033
1.092538085091824 -4.926526688762771
1.3812424669927406 -4.656019520488986
1.7854286016540237 -4.115005183941416
2.1318738599351237 -3.183258270998377
2.42057824183604 -2.081192029882955
2.564930432786498 -1.1594639009500567
2.4494486800261317 -0.5783744283619251
2.2329203936004443 -0.3178860440982799
1.9586512307945736 -0.12752914790561615
1.5833355343233821 -0.007303739783933743
1.1935846187571448 0.04279018026676725
0.8760097986661367 0.07284653229718785
0.6306110740503577 0.16301558838844965
0.41408278762467027 0.21310950843915064
0.22642493938907457 0.27322221249999185
0.09650796753366213 0.33333491656083303
0.053202310248524655 0.36339126859125365
0.053202310248524655 0.36339126859125365
0.009896652963387181 0.34335370057097325
-0.047844223416796124 0.34335370057097325
-0.018973785226704468 0.32331613255069286
-0.018973785226704468 0.36339126859125365
0.03876709115347883 0.4134851886419546
0.08207274843861631 0.45356032468251545
0.06763752934357048 0.4635791086926556
0.024331872058433006 0.45356032468251545
-0.018973785226704468 0.4635791086926556
-0.047844223416796124 0.483616676712936
-0.06227944251184195 0.49363546072307624
-0.004538566131658644 0.5036542447332164
-0.004538566131658644 0.483616676712936
-0.004538566131658644 0.45356032468251545
-0.047844223416796124 0.4635791086926556
-0.004538566131658644 0.483616676712936
0.03876709115347883 0.5036542447332164
0.1398136248187996 0.533710596763637
0.12537840572375378 0.5136730287433566
0.08207274843861631 0.5136730287433566
0.08207274843861631 0.49363546072307624
0.03876709115347883 0.483616676712936
0.024331872058433006 0.5036542447332164
0.08207274843861631 0.483616676712936
0.06763752934357048 0.47359789270279584
0.024331872058433006 0.4435415406723752
0.03876709115347883 0.45356032468251545
0.06763752934357048 0.483616676712936
0.1398136248187996 0.49363546072307624
0.18311928210393708 0.5437293807737772
0.1975545011989829 0.5236918127534969
0.15424884391384544 0.5136730287433566
0.1398136248187996 0.45356032468251545
0.09650796753366213 0.45356032468251545
0.1398136248187996 0.49363546072307624
0.15424884391384544 0.5236918127534969
0.11094318662870796 0.49363546072307624
0.12537840572375378 0.5236918127534969
0.18311928210393708 0.5136730287433566
0.1975545011989829 0.533710596763637
0.2552953775791662 0.5637669487940576
0.31303625395934953 0.583804516814338
0.2552953775791662 0.5437293807737772
0.26973059667421206 0.47359789270279584
0.1975545011989829 0.47359789270279584
0.18311928210393708 0.4635791086926556
0.22642493938907457 0.49363546072307624
0.31303625395934953 0.5637669487940576
0.31303625395934953 0.5537481647839174
0.3419066921494412 0.5437293807737772
0.3419066921494412 0.5236918127534969
0.32747147305439533 0.5136730287433566
0.3707771303395328 0.49363546072307624
0.3707771303395328 0.4635791086926556
0.3419066921494412 0.4435415406723752
0.31303625395934953 0.4435415406723752
0.31303625395934953 0.43352275666223505
0.32747147305439533 0.47359789270279584
0.3707771303395328 0.483616676712936
0.44295322581476193 0.47359789270279584
0.4862588830998994 0.47359789270279584
0.4862588830998994 0.38342883661153404
0.44295322581476193 0.3533724845811134
0.39964756852962446 0.38342883661153404
0.4285180067197161 0.3934476206216742
0.4285180067197161 0.38342883661153404
0.4285180067197161 0.3533724845811134
0.44295322581476193 0.32331613255069286
0.38521234943457866 0.283240996510132
0.41408278762467027 0.29325978052027224
0.4718236640048536 0.3032785645304124
0.5295645403850369 0.29325978052027224
0.5439997594800827 0.2632034284898516
0.5584349785751286 0.19307194041887024
0.5151293212899911 0.13295923635802906
0.5295645403850369 0.10290288432760845
0.5439997594800827 0.06282774828704765
0.5873054167652202 0.07284653229718785
0.5584349785751286 0.032771396256627054
0.5728701976701743 0.002715044226206457
0.5728701976701743 -0.027341307804214142
0.5439997594800827 -0.03736009181435434
0.5584349785751286 -0.05739765983463474
0.6594815122404494 -0.08745401186505533
0.6306110740503577 -0.08745401186505533
0.6306110740503577 -0.12752914790561615
0.601740635860266 -0.18764185196645733
0.5873054167652202 -0.16760428394617694
0.6306110740503577 -0.11751036389547594
0.6739167313354951 -0.12752914790561615
0.6450462931454035 -0.14756671592589654
0.6306110740503577 -0.18764185196645733
0.5873054167652202 -0.21769820399687792
0.5439997594800827 -0.27781090805771913
0.6161758549553118 -0.2677921240475789
0.6161758549553118 -0.2677921240475789
0.6450462931454035 -0.27781090805771913
0.5873054167652202 -0.27781090805771913
0.5873054167652202 -0.3178860440982799
0.5584349785751286 -0.2878296920678593
0.5873054167652202 -0.2878296920678593
0.601740635860266 -0.24775455602729854
0.5439997594800827 -0.24775455602729854
0.5006941021949453 -0.24775455602729854
0.44295322581476193 -0.24775455602729854
0.39964756852962446 -0.24775455602729854
0.4285180067197161 -0.22771698800701812
0.44295322581476193 -0.22771698800701812
0.3707771303395328 -0.20767941998673772
0.38521234943457866 -0.22771698800701812
0.31303625395934953 -0.24775455602729854
0.31303625395934953 -0.19766063597659753
0.31303625395934953 -0.17762306795631713
0.32747147305439533 -0.15758549993603674
0.2552953775791662 -0.15758549993603674
0.16868406300889127 -0.19766063597659753
0.12537840572375378 -0.20767941998673772
0.06763752934357048 -0.21769820399687792
0.09650796753366213 -0.16760428394617694
0.12537840572375378 -0.13754793191575634
0.09650796753366213 -0.14756671592589654
0.06763752934357048 -0.14756671592589654
0.024331872058433006 -0.15758549993603674
-0.018973785226704468 -0.13754793191575634
-0.004538566131658644 -0.09747279587519554
0.009896652963387181 -0.07743522785491513
-0.047844223416796124 -0.08745401186505533
-0.12002031889202525 -0.12752914790561615
-0.12002031889202525 -0.14756671592589654
-0.12002031889202525 -0.09747279587519554
-0.06227944251184195 -0.05739765983463474
-0.03340900432175029 -0.06741644384477494
-0.06227944251184195 -0.06741644384477494
-0.047844223416796124 -0.07743522785491513
-0.0911498807019336 -0.07743522785491513
-0.12002031889202525 -0.09747279587519554
-0.1488907570821169 -0.08745401186505533
-0.13445553798707108 -0.027341307804214142
-0.2066316334623002 -0.027341307804214142
-0.2066316334623002 -0.07743522785491513
-0.24993729074743767 -0.07743522785491513
-0.2643725098424835 -0.027341307804214142
-0.2066316334623002 -0.007303739783933743
-0.13445553798707108 -0.01732252379407394
-0.17776119527220854 0.012733828236346657
-0.1488907570821169 -0.01732252379407394
-0.19219641436725438 -0.01732252379407394
-0.23550207165239184 -0.01732252379407394
-0.23550207165239184 0.002715044226206457
-0.22106685255734604 0.012733828236346657
-0.2788077289375293 0.002715044226206457
-0.29324294803257517 0.002715044226206457
-0.3221133862226668 0.012733828236346657
-0.33654860531771263 0.022752612246486857
-0.2643725098424835 0.052808964276907455
-0.22106685255734604 0.08286531630732805
-0.22106685255734604 0.06282774828704765
-0.2788077289375293 0.032771396256627054
-0.2788077289375293 0.032771396256627054
-0.33654860531771263 0.07284653229718785
-0.3221133862226668 0.08286531630732805
-0.35098382441275844 0.06282774828704765
-0.33654860531771263 0.07284653229718785
-0.35098382441275844 0.08286531630732805
-0.3798542626028501 0.09288410031746826
-0.3942894816978959 0.08286531630732805
-0.35098382441275844 0.10290288432760845
-0.2643725098424835 0.12294045234788885
-0.30767816712762097 0.10290288432760845
-0.3221133862226668 0.09288410031746826
-0.3798542626028501 0.10290288432760845
-0.3654190435078043 0.12294045234788885
-0.3942894816978959 0.10290288432760845
-0.3942894816978959 0.06282774828704765
-0.4375951389830334 0.08286531630732805
-0.40872470079294176 0.04279018026676725
-0.45203035807807923 0.04279018026676725
-0.46646557717312503 0.04279018026676725
-0.45203035807807923 0.06282774828704765
-0.3798542626028501 0.04279018026676725
-0.3654190435078043 0.04279018026676725
-0.46646557717312503 0.022752612246486857
-0.46646557717312503 0.012733828236346657
-0.5242064535533083 0.002715044226206457
-0.46646557717312503 0.04279018026676725
-0.4375951389830334 0.052808964276907455
-0.5097712344582626 0.04279018026676725
-0.5097712344582626 -0.007303739783933743
-0.4809007962681709 -0.03736009181435434
-0.5097712344582626 -0.007303739783933743
-0.46646557717312503 -0.03736009181435434
-0.4375951389830334 -0.007303739783933743
-0.3942894816978959 -0.007303739783933743
-0.4375951389830334 -0.06741644384477494
-0.4375951389830334 -0.11751036389547594
-0.45203035807807923 -0.09747279587519554
-0.42315991988798757 -0.04737887582449454
-0.3798542626028501 0.002715044226206457
-0.40872470079294176 -0.007303739783933743
-0.46646557717312503 -0.027341307804214142
-0.4809007962681709 -0.027341307804214142
-0.5386416726483542 -0.027341307804214142
-0.4953360153632167 -0.01732252379407394
-0.4375951389830334 -0.007303739783933743
-0.40872470079294176 -0.027341307804214142
-0.45203035807807923 -0.07743522785491513
-0.45203035807807923 -0.08745401186505533
-0.46646557717312503 -0.07743522785491513
-0.40872470079294176 -0.05739765983463474
-0.35098382441275844 -0.03736009181435434
-0.40872470079294176 -0.04737887582449454
-0.42315991988798757 -0.07743522785491513
-0.45203035807807923 -0.07743522785491513
-0.45203035807807923 -0.07743522785491513
-0.40872470079294176 -0.05739765983463474
-0.3798542626028501 -0.06741644384477494
-0.3942894816978959 -0.09747279587519554
-0.42315991988798757 -0.09747279587519554
-0.3942894816978959 -0.09747279587519554
-0.3798542626028501 -0.05739765983463474
-0.3221133862226668 0.002715044226206457
-0.2788077289375293 0.032771396256627054
-0.2643725098424835 0.022752612246486857
-0.2788077289375293 0.002715044226206457
-0.3221133862226668 -0.01732252379407394
-0.3798542626028501 -0.04737887582449454
-0.3221133862226668 -0.04737887582449454
-0.24993729074743767 -0.03736009181435434
-0.2643725098424835 -0.05739765983463474
-0.24993729074743767 -0.07743522785491513
-0.2066316334623002 -0.06741644384477494
-0.17776119527220854 -0.03736009181435434
-0.10558509979697943 0.022752612246486857
-0.0911498807019336 0.04279018026676725
-0.06227944251184195 0.052808964276907455
-0.047844223416796124 0.022752612246486857
-0.07671466160688777 0.002715044226206457
-0.0911498807019336 0.052808964276907455
-0.03340900432175029 0.08286531630732805
-0.004538566131658644 0.11292166833774865
-0.03340900432175029 0.10290288432760845
-0.06227944251184195 0.12294045234788885
-0.06227944251184195 0.12294045234788885
-0.047844223416796124 0.13295923635802906
0.024331872058433006 0.11292166833774865
0.06763752934357048 0.07284653229718785
0.03876709115347883 -0.027341307804214142
-0.06227944251184195 -0.17762306795631713
-0.1633259761771627 -0.2677921240475789
-0.19219641436725438 -0.27781090805771913
-0.23550207165239184 -0.2878296920678593
-0.2066316334623002 -0.2978484760779995
-0.24993729074743767 -0.3379236121185603
-0.30767816712762097 -0.3178860440982799
-0.30767816712762097 -0.2978484760779995
-0.3221133862226668 -0.2878296920678593
-0.29324294803257517 -0.2677921240475789
-0.30767816712762097 -0.2878296920678593
-0.33654860531771263 -0.3178860440982799
-0.3654190435078043 -0.32790482810842014
-0.42315991988798757 -0.3880175321692613
-0.4809007962681709 -0.3779987481591211
-0.4375951389830334 -0.2978484760779995
-0.3798542626028501 -0.2978484760779995
-0.4375951389830334 -0.30786726008813975
-0.46646557717312503 -0.3379236121185603
-0.42315991988798757 -0.32790482810842014
-0.4375951389830334 -0.3579611801388407
-0.3798542626028501 -0.36797996414898093
-0.3942894816978959 -0.34794239612870054
-0.42315991988798757 -0.34794239612870054
-0.4953360153632167 -0.3980363161794015
-0.5386416726483542 -0.4080551001895417
-0.5819473299334916 -0.4080551001895417
-0.5819473299334916 -0.4180738841996819
-0.5963825490285375 -0.4180738841996819
-0.5819473299334916 -0.43811145221996234
-0.5963825490285375 -0.4781865882605231
-0.6252529872186291 -0.4882053722706633
-0.6252529872186291 -0.5082429402909437
-0.6252529872186291 -0.5082429402909437
-0.5819473299334916 -0.5082429402909437
-0.6252529872186291 -0.5282805083112241
-0.6541234254087208 -0.5483180763315045
-0.6685586445037666 -0.5883932123720653
-0.6829938635988124 -0.5483180763315045
-0.6541234254087208 -0.5282805083112241
-0.6108177681235833 -0.5082429402909437
-0.6108177681235833 -0.5082429402909437
-0.6108177681235833 -0.5082429402909437
-0.6252529872186291 -0.5282805083112241
-0.639688206313675 -0.5182617243010839
-0.6108177681235833 -0.4882053722706633
-0.5675121108384459 -0.45814902024024273
-0.5530768917434 -0.4481302362301025
-0.5242064535533083 -0.4180738841996819
-0.4809007962681709 -0.3779987481591211
-0.4953360153632167 -0.34794239612870054
-0.40872470079294176 -0.24775455602729854
-0.3798542626028501 -0.20767941998673772
-0.40872470079294176 -0.19766063597659753
-0.3942894816978959 -0.22771698800701812
-0.3942894816978959 -0.24775455602729854
-0.3798542626028501 -0.19766063597659753
-0.3654190435078043 -0.15758549993603674
-0.29324294803257517 -0.10749157988533574
-0.2788077289375293 -0.07743522785491513
-0.29324294803257517 -0.08745401186505533
-0.30767816712762097 -0.08745401186505533
-0.30767816712762097 -0.01732252379407394
-0.33654860531771263 -0.027341307804214142
-0.29324294803257517 -0.04737887582449454
-0.2788077289375293 -0.11751036389547594
-0.2788077289375293 -0.11751036389547594
-0.29324294803257517 -0.15758549993603674
-0.2788077289375293 -0.12752914790561615
-0.24993729074743767 -0.10749157988533574
-0.2066316334623002 -0.08745401186505533
-0.2066316334623002 -0.06741644384477494
-0.2066316334623002 -0.06741644384477494
-0.24993729074743767 -0.09747279587519554
-0.2788077289375293 -0.10749157988533574
-0.23550207165239184 -0.09747279587519554
-0.2066316334623002 -0.05739765983463474
-0.24993729074743767 -0.04737887582449454
-0.2788077289375293 -0.06741644384477494
-0.30767816712762097 0.002715044226206457
-0.33654860531771263 0.06282774828704765
-0.3221133862226668 0.11292166833774865
-0.29324294803257517 0.15299680437830945
-0.45203035807807923 0.19307194041887024
-0.6685586445037666 0.20309072442901044
-0.7840403972641332 0.09288410031746826
-0.9139573691195456 -0.2878296920678593
-0.8562164927393623 -0.8589003806458507
-0.7696051781690874 -1.4500086372441225
-0.639688206313675 -2.0110605418119736
-0.5242064535533083 -2.7223942065319275
-0.3798542626028501 -3.4136903032316015
-0.2066316334623002 -4.044873695870434
-0.047844223416796124 -4.505737760336883
0.09650796753366213 -4.826338848661369
0.15424884391384544 -5.016695744854033
0.29860103486430367 -5.086827232925015
0.39964756852962446 -5.076808448914875
0.6739167313354951 -4.86641398470193
1.1214085232819158 -4.415568704245621
1.6266411916085197 -3.594028415414125
2.0741329835549402 -2.5019809583088435
2.3339669272657653 -1.4199522852137019
2.3484021463608107 -0.6785622684633271
2.2329203936004443 -0.2878296920678593
2.016392107174757 -0.07743522785491513
1.669946848893657 0.022752612246486857
1.2513254951373283 0.08286531630732805
0.8038337031909076 0.052808964276907455
0.4862588830998994 0.12294045234788885
0.26973059667421206 0.27322221249999185
0.11094318662870796 0.3934476206216742
0.08207274843861631 0.42350397265209483
-0.004538566131658644 0.4435415406723752
-0.047844223416796124 0.4435415406723752
-0.07671466160688777 0.42350397265209483
-0.10558509979697943 0.43352275666223505
-0.10558509979697943 0.4635791086926556
-0.10558509979697943 0.4635791086926556
-0.13445553798707108 0.5036542447332164
-0.1633259761771627 0.5136730287433566
-0.13445553798707108 0.5236918127534969
-0.1488907570821169 0.5637669487940576
-0.06227944251184195 0.5938233008244782
-0.004538566131658644 0.5537481647839174
-0.018973785226704468 0.49363546072307624
-0.047844223416796124 0.4435415406723752
-0.07671466160688777 0.4435415406723752
-0.13445553798707108 0.45356032468251545
-0.0911498807019336 0.49363546072307624
-0.047844223416796124 0.533710596763637
-0.03340900432175029 0.5437293807737772
-0.018973785226704468 0.5136730287433566
-0.047844223416796124 0.5236918127534969
-0.018973785226704468 0.5437293807737772
-0.004538566131658644 0.5637669487940576
0.053202310248524655 0.5537481647839174
0.03876709115347883 0.5437293807737772
0.009896652963387181 0.5136730287433566
-0.03340900432175029 0.5036542447332164
-0.047844223416796124 0.5036542447332164
-0.03340900432175029 0.5136730287433566
0.024331872058433006 0.583804516814338
0.024331872058433006 0.5938233008244782
0.03876709115347883 0.5537481647839174
0.024331872058433006 0.5236918127534969
-0.004538566131658644 0.5236918127534969
0.053202310248524655 0.5437293807737772
0.08207274843861631 0.5537481647839174
0.06763752934357048 0.5537481647839174
0.03876709115347883 0.5437293807737772
0.024331872058433006 0.5637669487940576
0.009896652963387181 0.6038420848346184
0.053202310248524655 0.6238796528548988
0.11094318662870796 0.633898436865039
0.06763752934357048 0.6038420848346184
0.053202310248524655 0.5637669487940576
0.11094318662870796 0.5437293807737772
0.09650796753366213 0.5938233008244782
0.12537840572375378 0.6038420848346184
0.15424884391384544 0.6238796528548988
0.1398136248187996 0.6439172208751792
0.16868406300889127 0.6439172208751792
0.12537840572375378 0.6138608688447587
0.12537840572375378 0.6038420848346184
0.1398136248187996 0.6138608688447587
0.18311928210393708 0.6038420848346184
0.1975545011989829 0.5938233008244782
0.18311928210393708 0.5437293807737772
0.1975545011989829 0.5737857328041979
0.22642493938907457 0.6038420848346184
0.2552953775791662 0.6038420848346184
0.31303625395934953 0.583804516814338
0.26973059667421206 0.5537481647839174
0.28416581576925787 0.483616676712936
0.2552953775791662 0.45356032468251545
0.28416581576925787 0.42350397265209483
0.28416581576925787 0.42350397265209483
0.3419066921494412 0.3934476206216742
0.38521234943457866 0.3934476206216742
0.38521234943457866 0.36339126859125365
0.3707771303395328 0.34335370057097325
0.38521234943457866 0.34335370057097325
0.39964756852962446 0.33333491656083303
0.4718236640048536 0.27322221249999185
0.4285180067197161 0.24316586046957123
0.3707771303395328 0.19307194041887024
0.3419066921494412 0.10290288432760845
0.356341911244487 0.09288410031746826
0.4285180067197161 0.12294045234788885
0.4862588830998994 0.16301558838844965
0.4862588830998994 0.13295923635802906
0.5151293212899911 0.08286531630732805
0.4862588830998994 -0.03736009181435434
0.44295322581476193 -0.07743522785491513
0.4285180067197161 -0.08745401186505533
0.4718236640048536 -0.07743522785491513
0.4718236640048536 -0.07743522785491513
0.4718236640048536 -0.09747279587519554
0.44295322581476193 -0.12752914790561615
0.4573884449098078 -0.15758549993603674
0.5151293212899911 -0.16760428394617694
0.6161758549553118 -0.17762306795631713
0.6450462931454035 -0.21769820399687792
0.6161758549553118 -0.27781090805771913
0.5728701976701743 -0.2978484760779995
0.5006941021949453 -0.25777334003743874
0.5151293212899911 -0.25777334003743874
0.5151293212899911 -0.21769820399687792
0.5151293212899911 -0.25777334003743874
0.5006941021949453 -0.25777334003743874
0.4862588830998994 -0.2677921240475789
0.4862588830998994 -0.25777334003743874
0.5006941021949453 -0.24775455602729854
0.44295322581476193 -0.24775455602729854
0.3707771303395328 -0.22771698800701812
0.28416581576925787 -0.23773577201715831
0.21198972029402874 -0.22771698800701812
0.16868406300889127 -0.19766063597659753
0.1975545011989829 -0.15758549993603674
0.18311928210393708 -0.11751036389547594
0.18311928210393708 -0.11751036389547594
0.16868406300889127 -0.14756671592589654
0.1398136248187996 -0.14756671592589654
0.06763752934357048 -0.14756671592589654
0.053202310248524655 -0.12752914790561615
0.06763752934357048 -0.10749157988533574
-0.004538566131658644 -0.10749157988533574
-0.047844223416796124 -0.07743522785491513
-0.06227944251184195 -0.07743522785491513
-0.047844223416796124 -0.06741644384477494
-0.06227944251184195 -0.01732252379407394
-0.018973785226704468 -0.06741644384477494
-0.07671466160688777 -0.04737887582449454
-0.06227944251184195 -0.07743522785491513
-0.12002031889202525 -0.08745401186505533
-0.1488907570821169 -0.05739765983463474
-0.12002031889202525 -0.007303739783933743
-0.1633259761771627 0.022752612246486857
-0.1633259761771627 0.032771396256627054
-0.17776119527220854 0.012733828236346657
-0.2066316334623002 -0.027341307804214142
-0.22106685255734604 -0.007303739783933743
-0.19219641436725438 0.012733828236346657
-0.19219641436725438 0.07284653229718785
-0.1633259761771627 0.10290288432760845
-0.19219641436725438 0.10290288432760845
-0.2066316334623002 0.07284653229718785
-0.24993729074743767 0.07284653229718785
-0.2788077289375293 0.09288410031746826
-0.23550207165239184 0.07284653229718785
-0.22106685255734604 0.032771396256627054
-0.23550207165239184 0.022752612246486857
-0.2643725098424835 0.052808964276907455
-0.2788077289375293 0.10290288432760845
-0.23550207165239184 0.14297802036816926
-0.2066316334623002 0.17303437239858985
-0.24993729074743767 0.15299680437830945
-0.2788077289375293 0.13295923635802906
-0.33654860531771263 0.10290288432760845
-0.35098382441275844 0.10290288432760845
-0.35098382441275844 0.11292166833774865
-0.30767816712762097 0.15299680437830945
-0.2788077289375293 0.14297802036816926
-0.2643725098424835 0.14297802036816926
-0.30767816712762097 0.14297802036816926
-0.3221133862226668 0.21310950843915064
-0.33654860531771263 0.20309072442901044
-0.3654190435078043 0.18305315640873004
-0.33654860531771263 0.16301558838844965
-0.3654190435078043 0.15299680437830945
-0.3654190435078043 0.12294045234788885
-0.35098382441275844 0.13295923635802906
-0.3221133862226668 0.15299680437830945
-0.2788077289375293 0.15299680437830945
-0.2643725098424835 0.16301558838844965
-0.29324294803257517 0.13295923635802906
-0.35098382441275844 0.08286531630732805
-0.3942894816978959 0.10290288432760845
-0.3798542626028501 0.11292166833774865
-0.33654860531771263 0.11292166833774865
-0.3221133862226668 0.09288410031746826
-0.3221133862226668 0.06282774828704765
-0.2643725098424835 0.06282774828704765
-0.3221133862226668 0.07284653229718785
-0.24993729074743767 0.06282774828704765
-0.2643725098424835 0.052808964276907455
-0.3221133862226668 0.052808964276907455
-0.33654860531771263 0.022752612246486857
-0.35098382441275844 0.04279018026676725
-0.3221133862226668 0.07284653229718785
-0.2643725098424835 0.06282774828704765
-0.19219641436725438 0.012733828236346657
-0.19219641436725438 -0.05739765983463474
-0.2066316334623002 -0.09747279587519554
-0.2788077289375293 -0.11751036389547594
-0.30767816712762097 -0.09747279587519554
-0.2788077289375293 -0.03736009181435434
-0.22106685255734604 0.002715044226206457
-0.23550207165239184 0.002715044226206457
-0.19219641436725438 -0.04737887582449454
-0.22106685255734604 -0.04737887582449454
-0.2066316334623002 -0.04737887582449454
-0.19219641436725438 -0.04737887582449454
-0.13445553798707108 -0.027341307804214142
-0.1488907570821169 -0.01732252379407394
-0.19219641436725438 -0.01732252379407394
-0.2066316334623002 -0.01732252379407394
-0.19219641436725438 0.012733828236346657
-0.1488907570821169 0.022752612246486857
-0.0911498807019336 0.06282774828704765
-0.004538566131658644 0.04279018026676725
-0.004538566131658644 0.012733828236346657
-0.004538566131658644 -0.007303739783933743
-0.018973785226704468 0.022752612246486857
0.009896652963387181 0.11292166833774865
0.053202310248524655 0.13295923635802906
0.11094318662870796 0.13295923635802906
0.1398136248187996 0.10290288432760845
0.15424884391384544 0.10290288432760845
0.16868406300889127 0.15299680437830945
0.1975545011989829 0.20309072442901044
0.2552953775791662 0.24316586046957123
0.2408601584841204 0.29325978052027224
0.26973059667421206 0.27322221249999185
0.1975545011989829 0.22312829244929083
0.1398136248187996 0.12294045234788885
0.1398136248187996 -0.007303739783933743
0.18311928210393708 -0.07743522785491513
0.12537840572375378 -0.17762306795631713
0.08207274843861631 -0.21769820399687792
0.053202310248524655 -0.2978484760779995
0.024331872058433006 -0.25777334003743874
0.009896652963387181 -0.22771698800701812
0.009896652963387181 -0.21769820399687792
-0.018973785226704468 -0.20767941998673772
-0.10558509979697943 -0.24775455602729854
-0.12002031889202525 -0.2677921240475789
-0.12002031889202525 -0.27781090805771913
-0.10558509979697943 -0.2878296920678593
-0.10558509979697943 -0.25777334003743874
-0.17776119527220854 -0.24775455602729854
-0.19219641436725438 -0.2677921240475789
-0.17776119527220854 -0.30786726008813975
-0.1488907570821169 -0.3178860440982799
-0.13445553798707108 -0.3178860440982799
-0.13445553798707108 -0.30786726008813975
-0.17776119527220854 -0.3178860440982799
-0.1488907570821169 -0.36797996414898093
-0.23550207165239184 -0.3880175321692613
-0.23550207165239184 -0.3980363161794015
-0.22106685255734604 -0.3980363161794015
-0.2066316334623002 -0.4180738841996819
-0.1488907570821169 -0.3980363161794015
-0.2066316334623002 -0.45814902024024273
-0.23550207165239184 -0.4481302362301025
-0.2643725098424835 -0.4781865882605231
-0.2788077289375293 -0.4681678042503829
-0.2643725098424835 -0.4481302362301025
-0.2643725098424835 -0.45814902024024273
-0.30767816712762097 -0.43811145221996234
-0.30767816712762097 -0.45814902024024273
-0.24993729074743767 -0.43811145221996234
-0.19219641436725438 -0.4080551001895417
-0.1633259761771627 -0.3779987481591211
-0.2066316334623002 -0.36797996414898093
-0.2066316334623002 -0.36797996414898093
-0.22106685255734604 -0.3379236121185603
-0.19219641436725438 -0.30786726008813975
-0.1633259761771627 -0.27781090805771913
-0.13445553798707108 -0.25777334003743874
-0.018973785226704468 -0.21769820399687792
-0.03340900432175029 -0.20767941998673772
-0.004538566131658644 -0.16760428394617694
-0.004538566131658644 -0.15758549993603674
0.053202310248524655 -0.11751036389547594
0.08207274843861631 -0.05739765983463474
0.06763752934357048 -0.03736009181435434
0.053202310248524655 -0.007303739783933743
0.03876709115347883 -0.03736009181435434
0.024331872058433006 -0.007303739783933743
0.09650796753366213 -0.01732252379407394
0.1398136248187996 -0.007303739783933743
0.21198972029402874 -0.007303739783933743
0.22642493938907457 -0.05739765983463474
0.1975545011989829 -0.027341307804214142
0.15424884391384544 -0.01732252379407394
0.1398136248187996 0.022752612246486857
0.11094318662870796 0.032771396256627054
0.15424884391384544 -0.03736009181435434
0.09650796753366213 -0.09747279587519554
0.1398136248187996 -0.14756671592589654
0.1975545011989829 -0.11751036389547594
0.22642493938907457 -0.06741644384477494
0.29860103486430367 -0.01732252379407394
0.31303625395934953 0.002715044226206457
0.28416581576925787 0.052808964276907455
0.1975545011989829 0.07284653229718785
0.11094318662870796 0.11292166833774865
0.06763752934357048 0.13295923635802906
0.024331872058433006 0.16301558838844965
-0.07671466160688777 0.16301558838844965
-0.23550207165239184 -0.007303739783933743
-0.2643725098424835 -0.5382992923213643
-0.1633259761771627 -1.279689309071739
-0.004538566131658644 -2.0010417578018336
0.16868406300889127 -2.6121875824203857
0.3419066921494412 -3.2533897590693583
0.4862588830998994 -3.894591935718331
0.601740635860266 -4.435606272265902
0.7027871695255868 -4.806301280641089
0.8038337031909076 -5.016695744854033
0.9626211132364116 -5.076808448914875
1.10697330418687 -5.026714528864174
1.3235015906125573 -4.836357632671509
1.7709933825589779 -4.34543721617464
2.2906612699806277 -3.393652735211321
2.680412185546865 -2.131285949933656
2.9113756910675983 -1.069294844858795
2.8103291574022773 -0.4481302362301025
2.579365651881544 -0.15758549993603674
2.276226050885582 -0.027341307804214142
1.8576046971292528 0.07284653229718785
1.438983343372924 0.15299680437830945
1.1358437423769616 0.24316586046957123
0.8471393604760451 0.3734100526013938
0.6739167313354951 0.4635791086926556
0.5439997594800827 0.5036542447332164
0.4862588830998994 0.5437293807737772
0.4285180067197161 0.583804516814338
0.4862588830998994 0.5938233008244782
0.4285180067197161 0.5637669487940576
0.4285180067197161 0.5437293807737772
0.44295322581476193 0.5637669487940576
0.4285180067197161 0.5938233008244782
0.4862588830998994 0.6238796528548988
0.5439997594800827 0.6138608688447587
0.5584349785751286 0.6539360048853194
0.5439997594800827 0.6639547888954596
0.5006941021949453 0.6739735729055998
0.5006941021949453 0.6739735729055998
0.5006941021949453 0.6439172208751792
0.5295645403850369 0.6439172208751792
0.5439997594800827 0.6238796528548988
0.5728701976701743 0.6238796528548988
0.5439997594800827 0.633898436865039
0.601740635860266 0.6539360048853194
0.6594815122404494 0.6739735729055998
0.7027871695255868 0.7240674929563008
0.7460928268107243 0.734086276966441
0.6594815122404494 0.68399235691574
0.6306110740503577 0.633898436865039
0.5873054167652202 0.6940111409258802
0.601740635860266 0.7240674929563008
0.6306110740503577 0.784180197017142
0.688351950430541 0.8142365490475626
0.7172223886206326 0.834274117067843
0.7460928268107243 0.7941989810272821
0.688351950430541 0.7941989810272821
0.6450462931454035 0.7741614130070018
0.6739167313354951 0.7441050609765812
0.688351950430541 0.7240674929563008
0.7172223886206326 0.7441050609765812
0.7172223886206326 0.7240674929563008
0.7460928268107243 0.7441050609765812
0.8327041413809992 0.7641426289968616
0.8904450177611826 0.784180197017142
0.9481858941413658 0.7541238449867214
0.8904450177611826 0.734086276966441
0.8471393604760451 0.7441050609765812
0.8182689222859534 0.7741614130070018
0.7605280459057701 0.7941989810272821
0.8760097986661367 0.8543116850881234
0.8760097986661367 0.834274117067843
0.8904450177611826 0.7541238449867214
0.9193154559512742 0.734086276966441
0.9770563323314575 0.734086276966441
1.020361989616595 0.7641426289968616
1.0347972087116408 0.7941989810272821
0.9914915514265034 0.7641426289968616
0.9481858941413658 0.7040299249360205
0.93375067504632 0.68399235691574
0.9626211132364116 0.6940111409258802
1.0781028659967782 0.7040299249360205
1.1214085232819158 0.7140487089461606
1.1358437423769616 0.6739735729055998
1.1502789614720075 0.633898436865039
1.10697330418687 0.5938233008244782
1.092538085091824 0.5938233008244782
1.10697330418687 0.5737857328041979
1.1647141805670531 0.5537481647839174
1.1502789614720075 0.5437293807737772
1.1647141805670531 0.5136730287433566
1.179149399662099 0.45356032468251545
1.2368902760422824 0.42350397265209483
1.2946311524224656 0.42350397265209483
1.3379368097076032 0.3734100526013938
1.3523720288026488 0.36339126859125365
1.3090663715175115 0.32331613255069286
1.2946311524224656 0.27322221249999185
1.2513254951373283 0.27322221249999185
1.2513254951373283 0.283240996510132
1.2801959333274198 0.23314707645943103
1.3090663715175115 0.18305315640873004
1.3090663715175115 0.16301558838844965
1.3379368097076032 0.13295923635802906
1.2946311524224656 0.11292166833774865
1.3235015906125573 0.11292166833774865
1.3523720288026488 0.08286531630732805
1.3668072478976947 0.09288410031746826
1.3668072478976947 0.08286531630732805
1.3235015906125573 0.052808964276907455
1.3668072478976947 0.06282774828704765
1.3956776860877864 0.012733828236346657
1.4101129051828323 0.04279018026676725
1.3668072478976947 0.012733828236346657
1.3523720288026488 0.012733828236346657
1.3235015906125573 0.012733828236346657
1.2513254951373283 0.022752612246486857
1.265760714232374 0.052808964276907455
1.2513254951373283 0.04279018026676725
1.1358437423769616 0.032771396256627054
1.1502789614720075 0.032771396256627054
1.0781028659967782 0.022752612246486857
1.0492324278066867 0.04279018026676725
1.020361989616595 0.09288410031746826
1.0636676469017325 0.17303437239858985
1.0492324278066867 0.14297802036816926
0.9770563323314575 0.16301558838844965
0.9626211132364116 0.14297802036816926
0.8904450177611826 0.17303437239858985
0.8615745795710908 0.15299680437830945
0.8327041413809992 0.11292166833774865
0.7893984840958618 0.10290288432760845
0.7460928268107243 0.13295923635802906
0.7460928268107243 0.13295923635802906
0.7027871695255868 0.19307194041887024
0.7893984840958618 0.20309072442901044
0.8182689222859534 0.19307194041887024
0.7605280459057701 0.17303437239858985
0.6739167313354951 0.15299680437830945
0.601740635860266 0.14297802036816926
0.601740635860266 0.17303437239858985
0.6450462931454035 0.20309072442901044
0.6594815122404494 0.21310950843915064
0.688351950430541 0.23314707645943103
0.688351950430541 0.24316586046957123
0.6594815122404494 0.25318464447971145
0.5873054167652202 0.2632034284898516
0.6161758549553118 0.283240996510132
0.6306110740503577 0.283240996510132
0.5728701976701743 0.29325978052027224
0.5584349785751286 0.283240996510132
0.5439997594800827 0.2632034284898516
0.5439997594800827 0.283240996510132
0.601740635860266 0.3032785645304124
0.6306110740503577 0.31329734854055263
0.6161758549553118 0.32331613255069286
0.5295645403850369 0.283240996510132
0.4862588830998994 0.31329734854055263
0.4718236640048536 0.36339126859125365
0.5006941021949453 0.3934476206216742
0.5439997594800827 0.4134851886419546
0.5295645403850369 0.40346640463181443
0.4862588830998994 0.34335370057097325
0.4862588830998994 0.33333491656083303
0.44295322581476193 0.3533724845811134
0.4573884449098078 0.3734100526013938
0.4285180067197161 0.3934476206216742
0.38521234943457866 0.40346640463181443
0.356341911244487 0.36339126859125365
0.3707771303395328 0.38342883661153404
0.38521234943457866 0.4134851886419546
0.4573884449098078 0.4134851886419546
0.4862588830998994 0.4435415406723752
0.4285180067197161 0.4134851886419546
0.38521234943457866 0.36339126859125365
0.31303625395934953 0.32331613255069286
0.28416581576925787 0.36339126859125365
0.29860103486430367 0.3934476206216742
0.38521234943457866 0.38342883661153404
0.39964756852962446 0.36339126859125365
0.3707771303395328 0.31329734854055263
0.356341911244487 0.25318464447971145
0.32747147305439533 0.27322221249999185
0.31303625395934953 0.283240996510132
0.356341911244487 0.32331613255069286
0.3419066921494412 0.33333491656083303
0.356341911244487 0.3032785645304124
0.3419066921494412 0.283240996510132
0.29860103486430367 0.29325978052027224
0.31303625395934953 0.283240996510132
0.3419066921494412 0.283240996510132
0.31303625395934953 0.25318464447971145
0.3419066921494412 0.25318464447971145
0.32747147305439533 0.22312829244929083
0.29860103486430367 0.25318464447971145
0.32747147305439533 0.27322221249999185
0.3419066921494412 0.27322221249999185
0.32747147305439533 0.2632034284898516
0.29860103486430367 0.23314707645943103
0.28416581576925787 0.18305315640873004
0.2552953775791662 0.19307194041887024
0.29860103486430367 0.18305315640873004
0.356341911244487 0.21310950843915064
0.38521234943457866 0.21310950843915064
0.356341911244487 0.18305315640873004
0.356341911244487 0.17303437239858985
0.3707771303395328 0.21310950843915064
0.32747147305439533 0.22312829244929083
0.39964756852962446 0.25318464447971145
0.38521234943457866 0.21310950843915064
0.3419066921494412 0.18305315640873004
0.356341911244487 0.17303437239858985
0.38521234943457866 0.19307194041887024
0.38521234943457866 0.23314707645943103
0.4718236640048536 0.25318464447971145
0.4718236640048536 0.25318464447971145
0.4285180067197161 0.23314707645943103
0.4718236640048536 0.24316586046957123
0.44295322581476193 0.29325978052027224
0.5295645403850369 0.31329734854055263
0.6161758549553118 0.32331613255069286
0.6739167313354951 0.29325978052027224
0.6594815122404494 0.283240996510132
0.6450462931454035 0.3032785645304124
0.6161758549553118 0.31329734854055263
0.6306110740503577 0.3734100526013938
0.5873054167652202 0.40346640463181443
0.601740635860266 0.38342883661153404
0.601740635860266 0.34335370057097325
0.601740635860266 0.25318464447971145
0.601740635860266 0.17303437239858985
0.6306110740503577 0.07284653229718785
0.6161758549553118 -0.007303739783933743
0.5873054167652202 -0.027341307804214142
0.4573884449098078 -0.07743522785491513
0.41408278762467027 -0.08745401186505533
0.356341911244487 -0.08745401186505533
0.32747147305439533 -0.05739765983463474
0.31303625395934953 -0.05739765983463474
0.29860103486430367 -0.03736009181435434
0.28416581576925787 -0.05739765983463474
0.2552953775791662 -0.09747279587519554
0.2408601584841204 -0.09747279587519554
0.28416581576925787 -0.08745401186505533
0.2552953775791662 -0.09747279587519554
0.18311928210393708 -0.06741644384477494
0.09650796753366213 -0.09747279587519554
0.12537840572375378 -0.10749157988533574
0.09650796753366213 -0.12752914790561615
0.15424884391384544 -0.12752914790561615
0.21198972029402874 -0.11751036389547594
0.22642493938907457 -0.13754793191575634
0.18311928210393708 -0.20767941998673772
0.03876709115347883 -0.23773577201715831
0.03876709115347883 -0.25777334003743874
0.03876709115347883 -0.24775455602729854
0.024331872058433006 -0.22771698800701812
0.009896652963387181 -0.22771698800701812
-0.018973785226704468 -0.2978484760779995
-0.047844223416796124 -0.3379236121185603
-0.047844223416796124 -0.3579611801388407
-0.018973785226704468 -0.3178860440982799
-0.06227944251184195 -0.3379236121185603
-0.07671466160688777 -0.30786726008813975
-0.12002031889202525 -0.2978484760779995
-0.12002031889202525 -0.3178860440982799
-0.10558509979697943 -0.2677921240475789
-0.018973785226704468 -0.25777334003743874
0.009896652963387181 -0.2878296920678593
0.053202310248524655 -0.25777334003743874
0.06763752934357048 -0.25777334003743874
0.08207274843861631 -0.24775455602729854
0.053202310248524655 -0.19766063597659753
0.1398136248187996 -0.11751036389547594
0.12537840572375378 -0.06741644384477494
0.12537840572375378 -0.027341307804214142
0.12537840572375378 -0.007303739783933743
0.15424884391384544 -0.007303739783933743
0.16868406300889127 0.022752612246486857
0.21198972029402874 0.07284653229718785
0.2552953775791662 0.032771396256627054
0.22642493938907457 0.052808964276907455
0.21198972029402874 0.06282774828704765
0.21198972029402874 0.07284653229718785
0.1975545011989829 0.08286531630732805
0.22642493938907457 0.09288410031746826
0.16868406300889127 0.06282774828704765
0.21198972029402874 0.032771396256627054
0.1975545011989829 -0.007303739783933743
0.2552953775791662 -0.007303739783933743
0.2552953775791662 0.002715044226206457
0.28416581576925787 0.032771396256627054
0.29860103486430367 0.052808964276907455
0.28416581576925787 0.04279018026676725
0.2552953775791662 0.032771396256627054
0.2408601584841204 0.022752612246486857
0.1975545011989829 0.06282774828704765
0.16868406300889127 0.10290288432760845
0.15424884391384544 0.13295923635802906
0.11094318662870796 0.13295923635802906
-0.03340900432175029 0.13295923635802906
-0.1488907570821169 0.08286531630732805
-0.29324294803257517 -0.14756671592589654
-0.3221133862226668 -0.7286561885140281
-0.22106685255734604 -1.4099335012035616
-0.12002031889202525 -2.1012295979032354
0.009896652963387181 -2.7925256946029093
0.16868406300889127 -3.443746655262022
0.3419066921494412 -4.054892479880574
0.5006941021949453 -4.495718976326743
0.7460928268107243 -4.7862637126208085
0.8760097986661367 -4.926526688762771
0.9626211132364116 -4.956583040793192
1.1647141805670531 -4.906489120742491
1.438983343372924 -4.656019520488986
1.9009103544143904 -4.135042751961696
2.406143022740994 -3.2433709750592183
2.752588281022094 -2.071173245872815
2.8680700337824607 -1.0192009248080938
2.7670235001171397 -0.4180738841996819
2.564930432786498 -0.11751036389547594
2.3050964890756735 0.04279018026676725
1.8864751353193445 0.14297802036816926
1.4245481242778781 0.16301558838844965
0.9914915514265034 0.21310950843915064
0.7027871695255868 0.2632034284898516
0.4573884449098078 0.38342883661153404
0.3419066921494412 0.4134851886419546
0.32747147305439533 0.4435415406723752
0.32747147305439533 0.45356032468251545
0.32747147305439533 0.4435415406723752
0.28416581576925787 0.43352275666223505
0.3419066921494412 0.4435415406723752
0.3419066921494412 0.49363546072307624
0.356341911244487 0.5136730287433566
0.28416581576925787 0.533710596763637
0.2552953775791662 0.5036542447332164
0.2552953775791662 0.5036542447332164
0.22642493938907457 0.5136730287433566
0.31303625395934953 0.5136730287433566
0.3419066921494412 0.533710596763637
0.356341911244487 0.5537481647839174
0.356341911244487 0.533710596763637
0.356341911244487 0.5136730287433566
0.26973059667421206 0.533710596763637
0.29860103486430367 0.5437293807737772
0.31303625395934953 0.5637669487940576
0.32747147305439533 0.5537481647839174
0.32747147305439533 0.533710596763637
0.28416581576925787 0.5637669487940576
0.32747147305439533 0.5637669487940576
0.3419066921494412 0.5737857328041979
0.356341911244487 0.5537481647839174
0.39964756852962446 0.5537481647839174
0.356341911244487 0.5437293807737772
0.356341911244487 0.5136730287433566
0.3419066921494412 0.5637669487940576
0.3419066921494412 0.583804516814338
0.32747147305439533 0.6038420848346184
0.28416581576925787 0.6138608688447587
0.38521234943457866 0.5737857328041979
0.32747147305439533 0.5437293807737772
0.356341911244487 0.5236918127534969
0.38521234943457866 0.5637669487940576
0.41408278762467027 0.5938233008244782
0.38521234943457866 0.6439172208751792
0.38521234943457866 0.6238796528548988
0.356341911244487 0.6138608688447587
0.29860103486430367 0.633898436865039
0.32747147305439533 0.633898436865039
0.39964756852962446 0.6138608688447587
0.39964756852962446 0.5637669487940576
0.3707771303395328 0.5537481647839174
0.356341911244487 0.5737857328041979
0.38521234943457866 0.6138608688447587
0.41408278762467027 0.633898436865039
0.4573884449098078 0.6439172208751792
0.4718236640048536 0.5737857328041979
0.4285180067197161 0.5437293807737772
0.38521234943457866 0.5537481647839174
0.356341911244487 0.5537481647839174
0.38521234943457866 0.5737857328041979
0.4573884449098078 0.5236918127534969
0.4285180067197161 0.5236918127534969
0.4718236640048536 0.533710596763637
0.4718236640048536 0.5136730287433566
0.5006941021949453 0.533710596763637
0.5439997594800827 0.5236918127534969
0.5873054167652202 0.5437293807737772
0.5728701976701743 0.5437293807737772
0.5006941021949453 0.483616676712936
0.4718236640048536 0.38342883661153404
0.4718236640048536 0.3934476206216742
0.5151293212899911 0.38342883661153404
0.5151293212899911 0.34335370057097325
0.601740635860266 0.33333491656083303
0.5873054167652202 0.31329734854055263
0.5728701976701743 0.31329734854055263
0.5728701976701743 0.3032785645304124
0.5584349785751286 0.3032785645304124
0.6161758549553118 0.283240996510132
0.6161758549553118 0.24316586046957123
0.5873054167652202 0.15299680437830945
0.5151293212899911 0.12294045234788885
0.5151293212899911 0.11292166833774865
0.5728701976701743 0.08286531630732805
0.5439997594800827 0.08286531630732805
0.6306110740503577 0.052808964276907455
0.6594815122404494 0.032771396256627054
0.6739167313354951 -0.01732252379407394
0.6594815122404494 0.022752612246486857
0.688351950430541 0.012733828236346657
0.7316576077156784 -0.007303739783933743
0.7027871695255868 -0.05739765983463474
0.6306110740503577 -0.10749157988533574
0.5873054167652202 -0.14756671592589654
0.5584349785751286 -0.17762306795631713
0.601740635860266 -0.16760428394617694
0.6594815122404494 -0.15758549993603674
0.688351950430541 -0.16760428394617694
0.688351950430541 -0.20767941998673772
0.6739167313354951 -0.23773577201715831
0.6306110740503577 -0.24775455602729854
0.6161758549553118 -0.21769820399687792
0.601740635860266 -0.21769820399687792
0.5584349785751286 -0.21769820399687792
0.5151293212899911 -0.23773577201715831
0.5006941021949453 -0.21769820399687792
0.5006941021949453 -0.16760428394617694
0.5151293212899911 -0.13754793191575634
0.5006941021949453 -0.13754793191575634
0.5006941021949453 -0.13754793191575634
0.4285180067197161 -0.16760428394617694
0.356341911244487 -0.13754793191575634
0.26973059667421206 -0.11751036389547594
0.2552953775791662 -0.04737887582449454
0.2408601584841204 -0.06741644384477494
0.1975545011989829 -0.05739765983463474
0.1975545011989829 -0.07743522785491513
0.16868406300889127 -0.05739765983463474
0.1975545011989829 -0.05739765983463474
0.18311928210393708 -0.06741644384477494
0.22642493938907457 -0.03736009181435434
0.16868406300889127 -0.01732252379407394
0.08207274843861631 0.002715044226206457
0.053202310248524655 -0.007303739783933743
-0.018973785226704468 -0.007303739783933743
-0.03340900432175029 -0.03736009181435434
-0.018973785226704468 0.012733828236346657
-0.004538566131658644 0.022752612246486857
-0.004538566131658644 0.002715044226206457
-0.03340900432175029 0.022752612246486857
-0.06227944251184195 0.032771396256627054
-0.018973785226704468 0.06282774828704765
-0.018973785226704468 0.06282774828704765
-0.06227944251184195 0.06282774828704765
-0.07671466160688777 0.012733828236346657
-0.12002031889202525 -0.007303739783933743
-0.10558509979697943 0.022752612246486857
-0.0911498807019336 0.08286531630732805
-0.06227944251184195 0.11292166833774865
-0.06227944251184195 0.13295923635802906
-0.10558509979697943 0.08286531630732805
-0.12002031889202525 0.06282774828704765
-0.13445553798707108 0.09288410031746826
-0.12002031889202525 0.12294045234788885
-0.10558509979697943 0.16301558838844965
-0.0911498807019336 0.16301558838844965
-0.12002031889202525 0.15299680437830945
-0.1633259761771627 0.13295923635802906
-0.2066316334623002 0.18305315640873004
-0.2066316334623002 0.19307194041887024
-0.13445553798707108 0.19307194041887024
-0.2066316334623002 0.19307194041887024
-0.2066316334623002 0.19307194041887024
-0.22106685255734604 0.18305315640873004
-0.24993729074743767 0.21310950843915064
-0.22106685255734604 0.21310950843915064
-0.2066316334623002 0.2632034284898516
-0.19219641436725438 0.2632034284898516
-0.22106685255734604 0.29325978052027224
-0.2788077289375293 0.25318464447971145
-0.3221133862226668 0.283240996510132
-0.2788077289375293 0.24316586046957123
-0.30767816712762097 0.24316586046957123
-0.33654860531771263 0.24316586046957123
-0.29324294803257517 0.283240996510132
-0.30767816712762097 0.29325978052027224
-0.30767816712762097 0.34335370057097325
-0.24993729074743767 0.3533724845811134
-0.2643725098424835 0.3533724845811134
-0.29324294803257517 0.32331613255069286
-0.3221133862226668 0.27322221249999185
-0.3654190435078043 0.23314707645943103
-0.3654190435078043 0.25318464447971145
-0.2788077289375293 0.27322221249999185
-0.2066316334623002 0.2632034284898516
-0.17776119527220854 0.25318464447971145
-0.17776119527220854 0.22312829244929083
-0.12002031889202525 0.18305315640873004
-0.13445553798707108 0.16301558838844965
-0.12002031889202525 0.13295923635802906
-0.06227944251184195 0.10290288432760845
-0.018973785226704468 0.08286531630732805
0.024331872058433006 0.002715044226206457
0.12537840572375378 -0.05739765983463474
0.28416581576925787 -0.04737887582449454
0.4718236640048536 -0.05739765983463474
0.688351950430541 -0.05739765983463474
0.7893984840958618 -0.08745401186505533
0.7749632650008159 -0.11751036389547594
0.688351950430541 -0.12752914790561615
0.5439997594800827 -0.07743522785491513
0.4718236640048536 0.002715044226206457
0.39964756852962446 0.11292166833774865
0.356341911244487 0.31329734854055263
0.39964756852962446 0.6539360048853194
0.3707771303395328 1.0647061493010677
0.2552953775791662 1.5155514297573764
0.08207274843861631 1.9062840061528443
-0.2066316334623002 2.286997798538172
-0.6252529872186291 2.6376552388930787
-1.130485655545233 2.988312679247986
-1.621283104776791 3.4291391756941545
-1.9821635821529366 3.9100408081808844
-2.299738402243945 4.501149064779156
-2.6317484414299988 5.002088265286166
-2.9348880424259614 5.432895977722194
-3.151416328851649 5.813609770107522
-3.209157205231832 6.1241920744218685
-3.18028676704174 6.364642890665233
-2.9781936997110985 6.494887082797056
-2.862711946950732 6.544981002847757
-2.9204528233309155 6.5750373548781775
-3.050369795186328 6.615112490918738
-3.2235924243268776 6.685243978989719
-3.2235924243268776 6.74535668305056
-3.2380276434219235 6.805469387111402
-3.136981109756603 6.895638443202664
-3.108110671566511 6.915676011222944
-3.0936754524714654 6.865582091172243
-3.035934576091282 6.765394251070841
-2.949323261521007 6.675225194979579
-2.7616654132854115 6.554999786857897
-2.617313222334953 6.444793162746355
-2.4873962504795406 6.344605322644953
-2.3574792786241283 6.284492618584111
-2.270867964053853 6.284492618584111
-2.1698214303885326 6.274473834573971
-1.9388579248677993 6.264455050563831
-1.8233761721074326 6.304530186604392
-1.7800705148222953 6.334586538634812
-1.7367648575371577 6.23439869853341
-1.635718323871837 5.943853962239345
-1.5058013520164244 5.472971113762755
-1.2604026274006455 4.871844073154343
-1.0294391218799122 3.9701535122417253
-0.8995221500244999 2.8179933510756023
-0.8417812736443165 1.5957017018384982
-0.7840403972641332 0.5036542447332164
-0.6974290826938583 -0.3178860440982799
-0.5675121108384459 -0.8789379486661311
-0.35098382441275844 -1.2195766050108978
-0.17776119527220854 -1.3898959331832812
0.024331872058433006 -1.4700462052644028
0.21198972029402874 -1.520140125315104
0.29860103486430367 -1.5401776933353843
0.41408278762467027 -1.5602152613556646
0.4573884449098078 -1.630346749426646
0.44295322581476193 -1.6704218854672068
0.4285180067197161 -1.7605909415584686
0.3707771303395328 -1.8407412136395902
0.356341911244487 -1.880816349680151
0.3707771303395328 -1.9008539177004313
0.41408278762467027 -1.9208914857207118
0.39964756852962446 -1.981004189781553
0.38521234943457866 -2.041116893842394
0.31303625395934953 -2.1112483819133754
0.31303625395934953 -2.121267165923516
0.38521234943457866 -2.1513235179539363
0.356341911244487 -2.2214550060249176
0.38521234943457866 -2.281567710085759
0.32747147305439533 -2.3416804141466003
0.31303625395934953 -2.431849470237862
0.29860103486430367 -2.481943390288563
0.3419066921494412 -2.481943390288563
0.3707771303395328 -2.491962174298703
0.3707771303395328 -2.5119997423189835
0.3707771303395328 -2.582131230389965
0.32747147305439533 -2.6222063664305257
0.3419066921494412 -2.682319070491367
0.3419066921494412 -2.7524505585623484
0.3419066921494412 -2.83260083064347
0.356341911244487 -2.8526383986637502
0.3707771303395328 -2.972863806785433
0.356341911244487 -3.0129389428259934
0.39964756852962446 -3.022957726836134
0.4718236640048536 -3.022957726836134
0.5584349785751286 -3.0630328628766947
0.6450462931454035 -3.1131267829273956
0.6450462931454035 -3.2032958390186574
0.6594815122404494 -3.283446111099779
0.6306110740503577 -3.3135024631301997
0.7027871695255868 -3.3335400311504797
0.7893984840958618 -3.34355881516062
0.8615745795710908 -3.3736151671910406
0.8904450177611826 -3.35357759917076
0.9048802368562283 -3.4136903032316015
0.8904450177611826 -3.4036715192214615
1.005926770521549 -3.4136903032316015
1.092538085091824 -3.433727871251882
1.092538085091824 -3.4537654392721624
1.092538085091824 -3.473803007292443
1.0636676469017325 -3.483821791302583
1.0636676469017325 -3.5038593593228633
1.0347972087116408 -3.5339157113532838
1.0636676469017325 -3.5639720633837046
1.092538085091824 -3.5639720633837046
1.1214085232819158 -3.6140659834344055
1.1358437423769616 -3.6641599034851065
1.1935846187571448 -3.644122335464826
1.265760714232374 -3.6641599034851065
1.2801959333274198 -3.684197471505387
1.3235015906125573 -3.7443101755662282
1.2801959333274198 -3.7643477435865087
1.2513254951373283 -3.804422879627069
1.2224550569472366 -3.8244604476473496
1.265760714232374 -3.7743665275966487
1.2946311524224656 -3.794404095616929
1.3235015906125573 -3.794404095616929
1.3523720288026488 -3.804422879627069
1.2946311524224656 -3.83447923165749
1.2801959333274198 -3.8144416636372096
1.3090663715175115 -3.7743665275966487
1.3090663715175115 -3.7443101755662282
1.265760714232374 -3.7443101755662282
1.2080198378521907 -3.734291391556088
1.1214085232819158 -3.7443101755662282
1.1214085232819158 -3.7042350395256674
1.179149399662099 -3.6641599034851065
1.1935846187571448 -3.604047199424265
1.2080198378521907 -3.604047199424265
1.1647141805670531 -3.6240847674445456
1.1214085232819158 -3.584009631403985
1.0492324278066867 -3.5339157113532838
1.0492324278066867 -3.483821791302583
1.0347972087116408 -3.4237090872417415
0.9770563323314575 -3.393652735211321
0.9193154559512742 -3.34355881516062
0.8904450177611826 -3.3235212471403397
0.8038337031909076 -3.2133146230287974
0.8327041413809992 -3.133164350947676
0.8182689222859534 -3.0530140788665543
0.8038337031909076 -3.0029201588158534
0.688351950430541 -2.972863806785433
0.6594815122404494 -2.932788670744872
0.6306110740503577 -2.8626571826738907
0.6161758549553118 -2.742431774552208
0.5873054167652202 -2.652262718460946
0.5584349785751286 -2.582131230389965
0.4718236640048536 -2.481943390288563
0.4285180067197161 -2.4518870382581426
0.356341911244487 -2.371736766177021
0.356341911244487 -2.281567710085759
0.38521234943457866 -2.1713610859742167
0.356341911244487 -2.1112483819133754
0.32747147305439533 -2.071173245872815
0.29860103486430367 -2.021079325822114
0.1975545011989829 -1.9208914857207118
0.18311928210393708 -1.8207036456193098
0.15424884391384544 -1.7205158055179077
0.09650796753366213 -1.6403655334367861
0.06763752934357048 -1.580252829375945
0.024331872058433006 -1.5001025572948234
-0.004538566131658644 -1.4199522852137019
-0.047844223416796124 -1.32978322912244
-0.018973785226704468 -1.2396141730311783
-0.03340900432175029 -1.1093699808993556
-0.06227944251184195 -1.029219708818234
-0.0911498807019336 -0.9390506527269723
-0.0911498807019336 -0.8589003806458507
-0.0911498807019336 -0.7687313245545889
-0.12002031889202525 -0.6785622684633271
-0.13445553798707108 -0.6384871324227663
-0.19219641436725438 -0.5883932123720653
-0.22106685255734604 -0.5382992923213643
-0.2643725098424835 -0.4882053722706633
-0.2788077289375293 -0.3980363161794015
-0.24993729074743767 -0.3178860440982799
-0.2066316334623002 -0.2677921240475789
-0.23550207165239184 -0.22771698800701812
-0.22106685255734604 -0.19766063597659753
-0.23550207165239184 -0.13754793191575634
-0.2066316334623002 -0.03736009181435434
-0.17776119527220854 -0.01732252379407394
-0.19219641436725438 0.022752612246486857
-0.22106685255734604 0.002715044226206457
-0.30767816712762097 0.022752612246486857
-0.33654860531771263 0.052808964276907455
-0.30767816712762097 0.11292166833774865
-0.30767816712762097 0.17303437239858985
-0.2788077289375293 0.20309072442901044
-0.24993729074743767 0.23314707645943103
-0.2643725098424835 0.21310950843915064
-0.2788077289375293 0.22312829244929083
-0.2643725098424835 0.25318464447971145
-0.3221133862226668 0.2632034284898516
-0.3221133862226668 0.27322221249999185
-0.3942894816978959 0.25318464447971145
-0.42315991988798757 0.29325978052027224
-0.42315991988798757 0.31329734854055263
-0.3798542626028501 0.3734100526013938
-0.30767816712762097 0.3934476206216742
-0.2643725098424835 0.42350397265209483
-0.2643725098424835 0.3934476206216742
-0.30767816712762097 0.36339126859125365
-0.30767816712762097 0.42350397265209483
-0.35098382441275844 0.4435415406723752
-0.3654190435078043 0.4635791086926556
-0.3942894816978959 0.4635791086926556
-0.3798542626028501 0.43352275666223505
-0.35098382441275844 0.4134851886419546
-0.3654190435078043 0.4435415406723752
-0.30767816712762097 0.49363546072307624
-0.24993729074743767 0.49363546072307624
-0.23550207165239184 0.483616676712936
-0.2643725098424835 0.4435415406723752
-0.29324294803257517 0.4134851886419546
-0.3221133862226668 0.47359789270279584
-0.30767816712762097 0.49363546072307624
-0.29324294803257517 0.5236918127534969
-0.29324294803257517 0.5136730287433566
-0.2788077289375293 0.49363546072307624
-0.30767816712762097 0.47359789270279584
-0.2788077289375293 0.483616676712936
-0.2643725098424835 0.4635791086926556
-0.23550207165239184 0.47359789270279584
-0.23550207165239184 0.45356032468251545
-0.24993729074743767 0.4635791086926556
-0.29324294803257517 0.4635791086926556
-0.2643725098424835 0.483616676712936
-0.24993729074743767 0.5236918127534969
-0.22106685255734604 0.5136730287433566
-0.2643725098424835 0.533710596763637
-0.2066316334623002 0.49363546072307624
-0.24993729074743767 0.45356032468251545
-0.22106685255734604 0.42350397265209483
-0.1633259761771627 0.42350397265209483
-0.12002031889202525 0.483616676712936
-0.17776119527220854 0.47359789270279584
-0.22106685255734604 0.47359789270279584
-0.24993729074743767 0.4435415406723752
-0.24993729074743767 0.47359789270279584
-0.22106685255734604 0.47359789270279584
-0.19219641436725438 0.4635791086926556
-0.17776119527220854 0.483616676712936
-0.1633259761771627 0.47359789270279584
-0.17776119527220854 0.45356032468251545
-0.19219641436725438 0.4635791086926556
-0.1633259761771627 0.5036542447332164
-0.13445553798707108 0.49363546072307624
-0.13445553798707108 0.47359789270279584
-0.1488907570821169 0.45356032468251545
-0.17776119527220854 0.4435415406723752
-0.19219641436725438 0.4635791086926556
-0.13445553798707108 0.49363546072307624
-0.13445553798707108 0.49363546072307624
-0.10558509979697943 0.483616676712936
-0.10558509979697943 0.45356032468251545
-0.1488907570821169 0.4134851886419546
-0.19219641436725438 0.42350397265209483
-0.13445553798707108 0.42350397265209483
-0.10558509979697943 0.45356032468251545
-0.0911498807019336 0.45356032468251545
-0.06227944251184195 0.47359789270279584
-0.07671466160688777 0.45356032468251545
-0.07671466160688777 0.49363546072307624
-0.10558509979697943 0.5036542447332164
-0.0911498807019336 0.483616676712936
-0.12002031889202525 0.45356032468251545
-0.0911498807019336 0.42350397265209483
-0.0911498807019336 0.4134851886419546
-0.12002031889202525 0.42350397265209483
-0.07671466160688777 0.42350397265209483
-0.03340900432175029 0.43352275666223505
-0.047844223416796124 0.45356032468251545
-0.06227944251184195 0.40346640463181443
-0.03340900432175029 0.42350397265209483
-0.07671466160688777 0.42350397265209483
-0.047844223416796124 0.4435415406723752
-0.047844223416796124 0.4635791086926556
-0.03340900432175029 0.5036542447332164
-0.07671466160688777 0.47359789270279584
-0.047844223416796124 0.42350397265209483
-0.07671466160688777 0.4134851886419546
-0.03340900432175029 0.45356032468251545
0.03876709115347883 0.4635791086926556
0.053202310248524655 0.47359789270279584
0.06763752934357048 0.4635791086926556
0.03876709115347883 0.42350397265209483
0.009896652963387181 0.43352275666223505
-0.018973785226704468 0.45356032468251545
-0.047844223416796124 0.483616676712936
-0.047844223416796124 0.45356032468251545
-0.06227944251184195 0.4435415406723752
-0.06227944251184195 0.43352275666223505
-0.07671466160688777 0.4635791086926556
0.009896652963387181 0.5036542447332164
0.053202310248524655 0.5036542447332164
0.11094318662870796 0.5036542447332164
0.09650796753366213 0.4635791086926556
0.009896652963387181 0.4435415406723752
0.024331872058433006 0.49363546072307624
0.024331872058433006 0.5036542447332164
0.009896652963387181 0.533710596763637
0.03876709115347883 0.5036542447332164
0.024331872058433006 0.47359789270279584
0.024331872058433006 0.4635791086926556
0.024331872058433006 0.45356032468251545
0.053202310248524655 0.483616676712936
0.09650796753366213 0.5036542447332164
0.12537840572375378 0.49363546072307624
0.1398136248187996 0.47359789270279584
0.09650796753366213 0.4635791086926556
0.024331872058433006 0.47359789270279584
0.06763752934357048 0.5036542447332164
0.06763752934357048 0.49363546072307624
0.009896652963387181 0.5236918127534969
0.024331872058433006 0.533710596763637
0.024331872058433006 0.5236918127534969
0.053202310248524655 0.533710596763637
0.06763752934357048 0.5737857328041979
0.16868406300889127 0.583804516814338
0.16868406300889127 0.533710596763637
0.15424884391384544 0.5236918127534969
0.11094318662870796 0.4635791086926556
0.11094318662870796 0.47359789270279584
0.12537840572375378 0.5136730287433566
0.12537840572375378 0.5236918127534969
0.1398136248187996 0.533710596763637
0.09650796753366213 0.533710596763637
0.08207274843861631 0.533710596763637
0.08207274843861631 0.5437293807737772
0.12537840572375378 0.5537481647839174
0.18311928210393708 0.533710596763637
0.1975545011989829 0.49363546072307624
0.18311928210393708 0.4635791086926556
0.15424884391384544 0.4635791086926556
0.12537840572375378 0.4635791086926556
0.12537840572375378 0.5136730287433566
0.1398136248187996 0.5537481647839174
0.1398136248187996 0.5637669487940576
0.1398136248187996 0.5136730287433566
0.12537840572375378 0.49363546072307624
0.12537840572375378 0.5036542447332164
0.16868406300889127 0.5136730287433566
0.21198972029402874 0.5036542447332164
0.2408601584841204 0.5036542447332164
0.21198972029402874 0.49363546072307624
0.18311928210393708 0.49363546072307624
0.16868406300889127 0.533710596763637
0.16868406300889127 0.5537481647839174
0.1975545011989829 0.6138608688447587
0.16868406300889127 0.5938233008244782
0.21198972029402874 0.583804516814338
0.18311928210393708 0.533710596763637
0.1398136248187996 0.533710596763637
0.1975545011989829 0.5136730287433566
0.1975545011989829 0.533710596763637
0.21198972029402874 0.5437293807737772
0.2552953775791662 0.5537481647839174
0.1975545011989829 0.533710596763637
0.15424884391384544 0.533710596763637
0.18311928210393708 0.5637669487940576
0.22642493938907457 0.5737857328041979
0.1975545011989829 0.5637669487940576
0.2552953775791662 0.5236918127534969
0.21198972029402874 0.5136730287433566
0.15424884391384544 0.5236918127534969
0.21198972029402874 0.5537481647839174
0.2408601584841204 0.5938233008244782
0.26973059667421206 0.5737857328041979
0.26973059667421206 0.5637669487940576
0.29860103486430367 0.5437293807737772
0.26973059667421206 0.533710596763637
0.26973059667421206 0.5437293807737772
0.31303625395934953 0.5737857328041979
0.31303625395934953 0.5136730287433566
0.28416581576925787 0.5136730287433566
0.2552953775791662 0.49363546072307624
0.22642493938907457 0.49363546072307624
0.22642493938907457 0.533710596763637
0.26973059667421206 0.5637669487940576
0.31303625395934953 0.5938233008244782
0.32747147305439533 0.5637669487940576
0.356341911244487 0.583804516814338
0.28416581576925787 0.6138608688447587
0.3707771303395328 0.6539360048853194
0.38521234943457866 0.6539360048853194
0.3707771303395328 0.6539360048853194
0.39964756852962446 0.68399235691574
0.356341911244487 0.6439172208751792
0.39964756852962446 0.68399235691574
0.44295322581476193 0.6940111409258802
0.5295645403850369 0.7040299249360205
0.5584349785751286 0.6739735729055998
0.601740635860266 0.6439172208751792
0.601740635860266 0.6639547888954596
0.5873054167652202 0.6940111409258802
0.5728701976701743 0.7441050609765812
0.5873054167652202 0.784180197017142
0.5151293212899911 0.784180197017142
0.4718236640048536 0.7541238449867214
0.4862588830998994 0.7641426289968616
0.41408278762467027 0.7240674929563008
0.4718236640048536 0.68399235691574
0.5439997594800827 0.6038420848346184
0.5439997594800827 0.5537481647839174
0.5584349785751286 0.45356032468251545
0.5295645403850369 0.40346640463181443
0.4285180067197161 0.3934476206216742
0.41408278762467027 0.3734100526013938
0.38521234943457866 0.3734100526013938
0.31303625395934953 0.40346640463181443
0.28416581576925787 0.3533724845811134
0.21198972029402874 0.34335370057097325
0.16868406300889127 0.3533724845811134
0.18311928210393708 0.3533724845811134
0.18311928210393708 0.3734100526013938
0.22642493938907457 0.33333491656083303
0.22642493938907457 0.31329734854055263
0.16868406300889127 0.29325978052027224
0.08207274843861631 0.3032785645304124
0.09650796753366213 0.3533724845811134
0.09650796753366213 0.36339126859125365
0.06763752934357048 0.3734100526013938
0.06763752934357048 0.33333491656083303
0.09650796753366213 0.3032785645304124
0.11094318662870796 0.33333491656083303
0.1398136248187996 0.34335370057097325
0.18311928210393708 0.34335370057097325
0.1398136248187996 0.33333491656083303
0.08207274843861631 0.29325978052027224
0.03876709115347883 0.22312829244929083
-0.018973785226704468 0.20309072442901044
-0.004538566131658644 0.19307194041887024
-0.004538566131658644 0.20309072442901044
0.024331872058433006 0.18305315640873004
-0.018973785226704468 0.14297802036816926
-0.018973785226704468 0.10290288432760845
-0.07671466160688777 0.12294045234788885
0.009896652963387181 0.15299680437830945
-0.018973785226704468 0.18305315640873004
-0.06227944251184195 0.17303437239858985
-0.07671466160688777 0.17303437239858985
-0.047844223416796124 0.17303437239858985
-0.06227944251184195 0.19307194041887024
-0.047844223416796124 0.21310950843915064
-0.03340900432175029 0.22312829244929083
0.024331872058433006 0.22312829244929083
0.009896652963387181 0.2632034284898516
0.08207274843861631 0.27322221249999185
0.08207274843861631 0.3032785645304124
0.11094318662870796 0.29325978052027224
0.12537840572375378 0.36339126859125365
0.1398136248187996 0.40346640463181443
0.11094318662870796 0.40346640463181443
0.09650796753366213 0.4134851886419546
0.1398136248187996 0.45356032468251545
0.15424884391384544 0.483616676712936
0.1975545011989829 0.5036542447332164
0.28416581576925787 0.49363546072307624
0.2552953775791662 0.49363546072307624
0.2552953775791662 0.47359789270279584
0.22642493938907457 0.483616676712936
0.2552953775791662 0.5236918127534969
0.26973059667421206 0.533710596763637
0.26973059667421206 0.5236918127534969
0.2552953775791662 0.49363546072307624
0.22642493938907457 0.43352275666223505
0.21198972029402874 0.4435415406723752
0.28416581576925787 0.4635791086926556
0.31303625395934953 0.47359789270279584
0.29860103486430367 0.483616676712936
0.356341911244487 0.4635791086926556
0.31303625395934953 0.43352275666223505
0.32747147305439533 0.47359789270279584
0.356341911244487 0.483616676712936
0.39964756852962446 0.5236918127534969
0.356341911244487 0.533710596763637
0.31303625395934953 0.5036542447332164
0.22642493938907457 0.45356032468251545
0.12537840572375378 0.4435415406723752
0.08207274843861631 0.4134851886419546
-0.004538566131658644 0.3734100526013938
-0.03340900432175029 0.07284653229718785
-0.03340900432175029 -0.5382992923213643
0.024331872058433006 -1.2396141730311783
0.1975545011989829 -1.9409290537409922
0.356341911244487 -2.5520748783595444
0.5728701976701743 -3.223333407038938
0.7605280459057701 -3.8645355836879105
0.8904450177611826 -4.35545600018478
1.020361989616595 -4.615944384448426
1.1214085232819158 -4.676057088509267
1.3235015906125573 -4.595906816428145
1.597770753418428 -4.415568704245621
1.9442160116995277 -3.9547046397791723
2.3484021463608107 -3.103107998917255
2.738153061927048 -2.0010417578018336
2.8825052528775066 -0.9190130847066919
2.7958939383072314 -0.21769820399687792
2.6226713091666816 0.12294045234788885
2.3195317081707194 0.31329734854055263
1.9730864498896195 0.45356032468251545
1.525594657943199 0.5437293807737772
1.10697330418687 0.6238796528548988
0.8038337031909076 0.7541238449867214
0.601740635860266 0.8042177650374224
0.4573884449098078 0.8442929010779832
0.3419066921494412 0.8643304690982636
0.28416581576925787 0.8943868211286842
0.28416581576925787 0.9044056051388244
0.31303625395934953 0.9544995251895254
0.356341911244487 0.9544995251895254
0.3419066921494412 0.9745370932098057
0.38521234943457866 0.9645183091996656
0.356341911244487 0.9244431731591048
0.28416581576925787 0.9444807411793852
0.2552953775791662 0.9544995251895254
0.2408601584841204 0.984555877219946
0.26973059667421206 1.0045934452402263
0.26973059667421206 0.9544995251895254
0.26973059667421206 0.9444807411793852
0.29860103486430367 0.9544995251895254
0.356341911244487 0.934461957169245
0.4285180067197161 0.9544995251895254
0.3707771303395328 0.9244431731591048
0.3707771303395328 0.9144243891489646
0.356341911244487 0.9444807411793852
0.31303625395934953 0.9645183091996656
0.3419066921494412 0.9745370932098057
0.3707771303395328 1.0146122292503665
0.38521234943457866 0.9945746612300862
0.41408278762467027 0.9444807411793852
0.41408278762467027 0.934461957169245
0.41408278762467027 0.9745370932098057
0.41408278762467027 0.9544995251895254
0.4285180067197161 0.984555877219946
0.44295322581476193 0.984555877219946
0.4285180067197161 0.984555877219946
0.39964756852962446 0.9544995251895254
0.41408278762467027 0.984555877219946
0.4718236640048536 1.0146122292503665
0.4718236640048536 1.0045934452402263
0.4862588830998994 0.9645183091996656
0.4718236640048536 0.9444807411793852
0.41408278762467027 0.934461957169245
0.44295322581476193 0.9544995251895254
0.4718236640048536 0.9745370932098057
0.5295645403850369 0.984555877219946
0.4718236640048536 0.9745370932098057
0.4862588830998994 0.9444807411793852
0.4285180067197161 0.934461957169245
0.44295322581476193 0.9544995251895254
0.4573884449098078 0.9444807411793852
0.44295322581476193 0.9444807411793852
0.4862588830998994 0.9444807411793852
0.5006941021949453 0.9044056051388244
0.4573884449098078 0.884368037118544
0.5006941021949453 0.884368037118544
0.5295645403850369 0.9044056051388244
0.5584349785751286 0.9144243891489646
0.5439997594800827 0.9144243891489646
0.5151293212899911 0.8743492531084038
0.4718236640048536 0.8442929010779832
0.4573884449098078 0.8643304690982636
0.4862588830998994 0.8743492531084038
0.5439997594800827 0.8442929010779832
0.5873054167652202 0.834274117067843
0.5728701976701743 0.7741614130070018
0.5439997594800827 0.7541238449867214
0.5728701976701743 0.7441050609765812
0.601740635860266 0.734086276966441
0.601740635860266 0.7040299249360205
0.5584349785751286 0.6940111409258802
0.5439997594800827 0.6439172208751792
0.5151293212899911 0.6238796528548988
0.4862588830998994 0.5938233008244782
0.5728701976701743 0.5737857328041979
0.6450462931454035 0.5537481647839174
0.688351950430541 0.5437293807737772
0.7027871695255868 0.49363546072307624
0.688351950430541 0.4435415406723752
0.6306110740503577 0.4435415406723752
0.6306110740503577 0.42350397265209483
0.6739167313354951 0.4435415406723752
0.6739167313354951 0.42350397265209483
0.6594815122404494 0.3734100526013938
0.7027871695255868 0.34335370057097325
0.7027871695255868 0.36339126859125365
0.7893984840958618 0.33333491656083303
0.8327041413809992 0.33333491656083303
0.7460928268107243 0.27322221249999185
0.7316576077156784 0.20309072442901044
0.688351950430541 0.20309072442901044
0.6450462931454035 0.19307194041887024
0.6450462931454035 0.23314707645943103
0.7172223886206326 0.23314707645943103
0.7605280459057701 0.22312829244929083
0.7749632650008159 0.19307194041887024
0.7460928268107243 0.18305315640873004
0.7316576077156784 0.18305315640873004
0.7316576077156784 0.16301558838844965
0.688351950430541 0.17303437239858985
0.6739167313354951 0.17303437239858985
0.601740635860266 0.18305315640873004
0.5584349785751286 0.17303437239858985
0.5728701976701743 0.18305315640873004
0.5873054167652202 0.18305315640873004
0.601740635860266 0.17303437239858985
0.5873054167652202 0.16301558838844965
0.5439997594800827 0.14297802036816926
0.5151293212899911 0.14297802036816926
0.4718236640048536 0.15299680437830945
0.44295322581476193 0.20309072442901044
0.39964756852962446 0.22312829244929083
0.39964756852962446 0.22312829244929083
0.3419066921494412 0.19307194041887024
0.31303625395934953 0.21310950843915064
0.26973059667421206 0.21310950843915064
0.28416581576925787 0.23314707645943103
0.29860103486430367 0.25318464447971145
0.28416581576925787 0.24316586046957123
0.21198972029402874 0.21310950843915064
0.18311928210393708 0.21310950843915064
0.09650796753366213 0.21310950843915064
0.11094318662870796 0.2632034284898516
0.08207274843861631 0.29325978052027224
0.06763752934357048 0.29325978052027224
0.08207274843861631 0.2632034284898516
0.009896652963387181 0.23314707645943103
0.009896652963387181 0.25318464447971145
-0.004538566131658644 0.3032785645304124
0.009896652963387181 0.32331613255069286
-0.03340900432175029 0.3734100526013938
-0.03340900432175029 0.34335370057097325
-0.13445553798707108 0.34335370057097325
-0.1633259761771627 0.34335370057097325
-0.13445553798707108 0.36339126859125365
-0.12002031889202525 0.3734100526013938
-0.1488907570821169 0.36339126859125365
-0.1488907570821169 0.32331613255069286
-0.1633259761771627 0.3032785645304124
-0.1633259761771627 0.31329734854055263
-0.17776119527220854 0.3533724845811134
-0.0911498807019336 0.3934476206216742
-0.12002031889202525 0.4134851886419546
-0.1488907570821169 0.3934476206216742
-0.22106685255734604 0.40346640463181443
-0.2643725098424835 0.40346640463181443
-0.23550207165239184 0.4435415406723752
-0.19219641436725438 0.483616676712936
-0.22106685255734604 0.5236918127534969
-0.2066316334623002 0.5036542447332164
-0.2643725098424835 0.483616676712936
-0.2788077289375293 0.5036542447332164
-0.2788077289375293 0.5437293807737772
-0.24993729074743767 0.533710596763637
-0.2788077289375293 0.5537481647839174
-0.3654190435078043 0.49363546072307624
-0.42315991988798757 0.5136730287433566
-0.42315991988798757 0.5737857328041979
-0.3798542626028501 0.5938233008244782
-0.30767816712762097 0.6038420848346184
-0.30767816712762097 0.6038420848346184
-0.3654190435078043 0.5938233008244782
-0.3942894816978959 0.5637669487940576
-0.45203035807807923 0.583804516814338
-0.45203035807807923 0.6038420848346184
-0.4809007962681709 0.5938233008244782
-0.4809007962681709 0.6038420848346184
-0.5097712344582626 0.6138608688447587
-0.4953360153632167 0.6038420848346184
-0.4953360153632167 0.6138608688447587
-0.4375951389830334 0.6138608688447587
-0.42315991988798757 0.6238796528548988
-0.46646557717312503 0.5938233008244782
-0.5242064535533083 0.5737857328041979
-0.6252529872186291 0.5637669487940576
-0.6685586445037666 0.5437293807737772
-0.5963825490285375 0.6038420848346184
-0.5675121108384459 0.6038420848346184
-0.5242064535533083 0.6038420848346184
-0.5097712344582626 0.583804516814338
-0.5097712344582626 0.5537481647839174
-0.5097712344582626 0.5036542447332164
-0.5097712344582626 0.5036542447332164
-0.5242064535533083 0.483616676712936
-0.5386416726483542 0.483616676712936
-0.5530768917434 0.4635791086926556
-0.5819473299334916 0.49363546072307624
-0.5675121108384459 0.49363546072307624
-0.5675121108384459 0.5737857328041979
-0.45203035807807923 0.533710596763637
-0.45203035807807923 0.5136730287433566
-0.45203035807807923 0.5036542447332164
-0.45203035807807923 0.45356032468251545
-0.4953360153632167 0.4435415406723752
-0.46646557717312503 0.43352275666223505
-0.46646557717312503 0.4635791086926556
-0.4953360153632167 0.483616676712936
-0.4809007962681709 0.4635791086926556
-0.4953360153632167 0.40346640463181443
-0.4953360153632167 0.4134851886419546
-0.45203035807807923 0.4134851886419546
-0.42315991988798757 0.42350397265209483
-0.4375951389830334 0.38342883661153404
-0.4375951389830334 0.3734100526013938
-0.45203035807807923 0.3533724845811134
-0.45203035807807923 0.3734100526013938
-0.46646557717312503 0.38342883661153404
-0.42315991988798757 0.42350397265209483
-0.40872470079294176 0.42350397265209483
-0.3942894816978959 0.43352275666223505
-0.3654190435078043 0.40346640463181443
-0.3942894816978959 0.40346640463181443
-0.29324294803257517 0.42350397265209483
-0.22106685255734604 0.45356032468251545
-0.30767816712762097 0.47359789270279584
-0.23550207165239184 0.483616676712936
-0.24993729074743767 0.5036542447332164
-0.2066316334623002 0.483616676712936
-0.2066316334623002 0.5036542447332164
-0.1633259761771627 0.5236918127534969
-0.10558509979697943 0.5036542447332164
-0.0911498807019336 0.5136730287433566
-0.07671466160688777 0.5036542447332164
-0.12002031889202525 0.5637669487940576
-0.07671466160688777 0.5938233008244782
-0.047844223416796124 0.5737857328041979
-0.03340900432175029 0.5236918127534969
-0.07671466160688777 0.42350397265209483
-0.10558509979697943 0.31329734854055263
-0.17776119527220854 0.27322221249999185
-0.2066316334623002 0.21310950843915064
-0.17776119527220854 0.15299680437830945
-0.23550207165239184 0.09288410031746826
-0.29324294803257517 0.04279018026676725
-0.29324294803257517 0.032771396256627054
-0.30767816712762097 0.04279018026676725
-0.30767816712762097 0.09288410031746826
-0.29324294803257517 0.10290288432760845
-0.35098382441275844 0.08286531630732805
-0.40872470079294176 0.07284653229718785
-0.42315991988798757 0.06282774828704765
-0.42315991988798757 0.06282774828704765
-0.42315991988798757 0.06282774828704765
-0.42315991988798757 0.07284653229718785
-0.4375951389830334 0.06282774828704765
-0.45203035807807923 0.052808964276907455
-0.46646557717312503 0.04279018026676725
-0.45203035807807923 0.07284653229718785
-0.45203035807807923 0.09288410031746826
-0.42315991988798757 0.04279018026676725
-0.4375951389830334 0.012733828236346657
-0.5097712344582626 -0.027341307804214142
-0.5819473299334916 -0.04737887582449454
-0.5963825490285375 -0.027341307804214142
-0.5963825490285375 -0.05739765983463474
-0.5675121108384459 -0.04737887582449454
-0.5675121108384459 -0.06741644384477494
-0.5530768917434 -0.08745401186505533
-0.5675121108384459 -0.11751036389547594
-0.5675121108384459 -0.11751036389547594
-0.5963825490285375 -0.09747279587519554
-0.5242064535533083 -0.13754793191575634
-0.5819473299334916 -0.13754793191575634
-0.6541234254087208 -0.16760428394617694
-0.6974290826938583 -0.18764185196645733
-0.6974290826938583 -0.17762306795631713
-0.6829938635988124 -0.16760428394617694
-0.6541234254087208 -0.14756671592589654
-0.6108177681235833 -0.13754793191575634
-0.6108177681235833 -0.13754793191575634
-0.6108177681235833 -0.17762306795631713
-0.6252529872186291 -0.15758549993603674
-0.5819473299334916 -0.11751036389547594
-0.5675121108384459 -0.06741644384477494
-0.5386416726483542 -0.06741644384477494
-0.5242064535533083 -0.06741644384477494
-0.5097712344582626 -0.03736009181435434
-0.46646557717312503 0.04279018026676725
-0.3798542626028501 0.10290288432760845
-0.3654190435078043 0.16301558838844965
-0.3221133862226668 0.16301558838844965
-0.3221133862226668 0.16301558838844965
-0.3798542626028501 0.18305315640873004
-0.3942894816978959 0.23314707645943103
-0.4375951389830334 0.283240996510132
-0.3942894816978959 0.31329734854055263
-0.35098382441275844 0.29325978052027224
-0.3798542626028501 0.25318464447971145
-0.35098382441275844 0.24316586046957123
-0.30767816712762097 0.23314707645943103
-0.2643725098424835 0.23314707645943103
-0.19219641436725438 0.24316586046957123
-0.22106685255734604 0.22312829244929083
-0.2643725098424835 0.19307194041887024
-0.2643725098424835 0.16301558838844965
-0.30767816712762097 0.20309072442901044
-0.2788077289375293 0.23314707645943103
-0.2066316334623002 0.25318464447971145
-0.17776119527220854 0.2632034284898516
-0.2066316334623002 0.19307194041887024
-0.2066316334623002 0.17303437239858985
-0.2643725098424835 0.22312829244929083
-0.23550207165239184 0.25318464447971145
-0.2643725098424835 0.3032785645304124
-0.33654860531771263 0.3533724845811134
-0.45203035807807923 0.38342883661153404
-0.6252529872186291 0.38342883661153404
-0.7551699590740416 0.31329734854055263
-0.8129108354542248 -0.04737887582449454
-0.8417812736443165 -0.7086186204937477
-0.8273460545492707 -1.480064989274543
-0.7262995208839499 -2.231473790035058
-0.6108177681235833 -2.972863806785433
-0.45203035807807923 -3.6140659834344055
-0.29324294803257517 -4.104986399931275
-0.13445553798707108 -4.495718976326743
-0.06227944251184195 -4.7762449286106685
0.03876709115347883 -4.936545472772912
0.16868406300889127 -4.986639392823613
0.31303625395934953 -4.906489120742491
0.5439997594800827 -4.676057088509267
1.020361989616595 -4.185136672012397
1.4967242197531072 -3.2934648951099192
1.9297807926044819 -2.1413047339437963
2.2040499554103525 -1.029219708818234
2.2184851745053984 -0.3178860440982799
2.117438640840078 0.07284653229718785
1.9730864498896195 0.25318464447971145
1.597770753418428 0.36339126859125365
1.1647141805670531 0.3734100526013938
0.7893984840958618 0.42350397265209483
0.4718236640048536 0.5236918127534969
0.26973059667421206 0.6238796528548988
0.12537840572375378 0.734086276966441
0.03876709115347883 0.7641426289968616
-0.03340900432175029 0.734086276966441
-0.13445553798707108 0.7441050609765812
-0.12002031889202525 0.7941989810272821
-0.13445553798707108 0.8042177650374224
-0.1488907570821169 0.784180197017142
-0.13445553798707108 0.784180197017142
-0.1633259761771627 0.7941989810272821
-0.1633259761771627 0.8042177650374224
-0.13445553798707108 0.8543116850881234
-0.12002031889202525 0.8943868211286842
-0.047844223416796124 0.8743492531084038
-0.004538566131658644 0.8743492531084038
-0.07671466160688777 0.8042177650374224
-0.12002031889202525 0.784180197017142
-0.10558509979697943 0.7741614130070018
-0.0911498807019336 0.784180197017142
-0.03340900432175029 0.7741614130070018
-0.047844223416796124 0.8242553330577028
-0.018973785226704468 0.8042177650374224
-0.03340900432175029 0.8242553330577028
-0.018973785226704468 0.834274117067843
0.009896652963387181 0.8543116850881234
0.03876709115347883 0.8743492531084038
0.03876709115347883 0.8643304690982636
-0.018973785226704468 0.8543116850881234
-0.047844223416796124 0.8743492531084038
0.009896652963387181 0.8743492531084038
0.08207274843861631 0.8643304690982636
0.09650796753366213 0.9044056051388244
0.15424884391384544 0.884368037118544
0.16868406300889127 0.8543116850881234
0.09650796753366213 0.8743492531084038
0.08207274843861631 0.8743492531084038
0.08207274843861631 0.884368037118544
0.09650796753366213 0.934461957169245
0.12537840572375378 0.934461957169245
0.1398136248187996 0.9244431731591048
0.11094318662870796 0.9144243891489646
0.11094318662870796 0.9044056051388244
0.18311928210393708 0.9144243891489646
0.22642493938907457 0.934461957169245
0.18311928210393708 0.9144243891489646
0.1398136248187996 0.9144243891489646
0.11094318662870796 0.934461957169245
0.1398136248187996 0.9444807411793852
0.21198972029402874 0.934461957169245
0.28416581576925787 0.9444807411793852
0.31303625395934953 0.9244431731591048
0.31303625395934953 0.8943868211286842
0.29860103486430367 0.8743492531084038
0.2552953775791662 0.884368037118544
0.31303625395934953 0.8743492531084038
0.31303625395934953 0.884368037118544
0.29860103486430367 0.8643304690982636
0.29860103486430367 0.834274117067843
0.31303625395934953 0.784180197017142
0.3419066921494412 0.8042177650374224
0.39964756852962446 0.8042177650374224
0.4862588830998994 0.7541238449867214
0.4718236640048536 0.734086276966441
0.4718236640048536 0.7140487089461606
0.4573884449098078 0.7240674929563008
0.44295322581476193 0.7541238449867214
0.44295322581476193 0.68399235691574
0.4718236640048536 0.6138608688447587
0.5295645403850369 0.5737857328041979
0.5728701976701743 0.49363546072307624
0.5439997594800827 0.42350397265209483
0.5439997594800827 0.4134851886419546
0.5873054167652202 0.3934476206216742
0.6161758549553118 0.38342883661153404
0.6306110740503577 0.3734100526013938
0.6161758549553118 0.31329734854055263
0.6306110740503577 0.31329734854055263
0.601740635860266 0.3032785645304124
0.6450462931454035 0.27322221249999185
0.6594815122404494 0.24316586046957123
0.6450462931454035 0.20309072442901044
0.6594815122404494 0.16301558838844965
0.6594815122404494 0.11292166833774865
0.6594815122404494 0.12294045234788885
0.688351950430541 0.16301558838844965
0.7172223886206326 0.14297802036816926
0.7316576077156784 0.12294045234788885
0.6594815122404494 0.09288410031746826
0.6161758549553118 0.012733828236346657
0.5728701976701743 -0.007303739783933743
0.5873054167652202 0.022752612246486857
0.5873054167652202 0.012733828236346657
0.601740635860266 0.022752612246486857
0.6161758549553118 -0.007303739783933743
0.5873054167652202 -0.01732252379407394
0.601740635860266 0.032771396256627054
0.5439997594800827 0.052808964276907455
0.5151293212899911 0.08286531630732805
0.41408278762467027 0.06282774828704765
0.356341911244487 0.07284653229718785
0.28416581576925787 0.052808964276907455
0.28416581576925787 0.09288410031746826
0.29860103486430367 0.12294045234788885
0.32747147305439533 0.16301558838844965
0.29860103486430367 0.17303437239858985
0.1975545011989829 0.20309072442901044
0.16868406300889127 0.17303437239858985
0.08207274843861631 0.19307194041887024
0.09650796753366213 0.23314707645943103
0.09650796753366213 0.25318464447971145
0.09650796753366213 0.2632034284898516
0.08207274843861631 0.20309072442901044
0.08207274843861631 0.19307194041887024
0.08207274843861631 0.20309072442901044
0.024331872058433006 0.24316586046957123
0.06763752934357048 0.283240996510132
0.053202310248524655 0.29325978052027224
-0.03340900432175029 0.2632034284898516
-0.12002031889202525 0.25318464447971145
-0.13445553798707108 0.283240996510132
-0.07671466160688777 0.32331613255069286
-0.06227944251184195 0.36339126859125365
-0.06227944251184195 0.34335370057097325
-0.047844223416796124 0.3734100526013938
-0.06227944251184195 0.34335370057097325
-0.13445553798707108 0.34335370057097325
-0.0911498807019336 0.36339126859125365
-0.12002031889202525 0.3934476206216742
-0.13445553798707108 0.40346640463181443
-0.13445553798707108 0.3934476206216742
-0.2066316334623002 0.3934476206216742
-0.13445553798707108 0.42350397265209483
-0.12002031889202525 0.4435415406723752
-0.07671466160688777 0.4435415406723752
-0.047844223416796124 0.4435415406723752
-0.17776119527220854 0.42350397265209483
-0.1633259761771627 0.42350397265209483
-0.24993729074743767 0.4435415406723752
-0.2066316334623002 0.5036542447332164
-0.17776119527220854 0.5136730287433566
-0.13445553798707108 0.5136730287433566
-0.1488907570821169 0.5136730287433566
-0.2066316334623002 0.49363546072307624
-0.19219641436725438 0.5136730287433566
-0.1633259761771627 0.5236918127534969
-0.1633259761771627 0.5136730287433566
-0.2066316334623002 0.483616676712936
-0.24993729074743767 0.483616676712936
-0.33654860531771263 0.4635791086926556
-0.35098382441275844 0.47359789270279584
-0.3221133862226668 0.49363546072307624
-0.2788077289375293 0.5136730287433566
-0.24993729074743767 0.483616676712936
-0.2643725098424835 0.4435415406723752
-0.2788077289375293 0.42350397265209483
-0.29324294803257517 0.4435415406723752
-0.33654860531771263 0.4635791086926556
-0.2643725098424835 0.483616676712936
-0.2643725098424835 0.47359789270279584
-0.2643725098424835 0.4635791086926556
-0.2788077289375293 0.43352275666223505
-0.29324294803257517 0.40346640463181443
-0.30767816712762097 0.3734100526013938
-0.24993729074743767 0.3533724845811134
-0.2788077289375293 0.34335370057097325
-0.2643725098424835 0.36339126859125365
-0.2643725098424835 0.36339126859125365
-0.2788077289375293 0.34335370057097325
-0.2788077289375293 0.3734100526013938
-0.2788077289375293 0.3934476206216742
-0.30767816712762097 0.3533724845811134
-0.30767816712762097 0.31329734854055263
-0.29324294803257517 0.3032785645304124
-0.29324294803257517 0.283240996510132
-0.29324294803257517 0.29325978052027224
-0.2788077289375293 0.34335370057097325
-0.24993729074743767 0.32331613255069286
-0.22106685255734604 0.31329734854055263
-0.24993729074743767 0.3032785645304124
-0.24993729074743767 0.29325978052027224
-0.2066316334623002 0.3032785645304124
-0.17776119527220854 0.283240996510132
-0.17776119527220854 0.27322221249999185
-0.17776119527220854 0.2632034284898516
-0.22106685255734604 0.2632034284898516
-0.17776119527220854 0.27322221249999185
-0.1488907570821169 0.29325978052027224
-0.1633259761771627 0.3032785645304124
-0.19219641436725438 0.27322221249999185
-0.22106685255734604 0.24316586046957123
-0.2066316334623002 0.23314707645943103
-0.17776119527220854 0.23314707645943103
-0.12002031889202525 0.29325978052027224
-0.07671466160688777 0.31329734854055263
-0.06227944251184195 0.34335370057097325
-0.047844223416796124 0.32331613255069286
-0.0911498807019336 0.31329734854055263
-0.10558509979697943 0.32331613255069286
-0.06227944251184195 0.34335370057097325
-0.004538566131658644 0.32331613255069286
-0.004538566131658644 0.31329734854055263
0.009896652963387181 0.32331613255069286
0.024331872058433006 0.34335370057097325
0.024331872058433006 0.33333491656083303
0.11094318662870796 0.36339126859125365
0.2408601584841204 0.36339126859125365
0.2552953775791662 0.38342883661153404
0.21198972029402874 0.40346640463181443
0.1398136248187996 0.43352275666223505
0.12537840572375378 0.49363546072307624
0.12537840572375378 0.5236918127534969
0.1975545011989829 0.5437293807737772
0.26973059667421206 0.5437293807737772
0.28416581576925787 0.483616676712936
0.2408601584841204 0.36339126859125365
0.21198972029402874 0.2632034284898516
0.18311928210393708 0.17303437239858985
0.15424884391384544 0.14297802036816926
0.11094318662870796 0.07284653229718785
0.053202310248524655 0.032771396256627054
-0.03340900432175029 0.052808964276907455
-0.0911498807019336 0.07284653229718785
-0.0911498807019336 0.10290288432760845
-0.06227944251184195 0.07284653229718785
-0.03340900432175029 0.08286531630732805
-0.047844223416796124 0.04279018026676725
-0.10558509979697943 0.002715044226206457
-0.10558509979697943 0.012733828236346657
-0.12002031889202525 0.032771396256627054
-0.10558509979697943 0.06282774828704765
-0.12002031889202525 0.08286531630732805
-0.13445553798707108 0.07284653229718785
-0.12002031889202525 0.052808964276907455
-0.1633259761771627 0.04279018026676725
-0.13445553798707108 0.07284653229718785
-0.13445553798707108 0.04279018026676725
-0.13445553798707108 0.012733828236346657
-0.13445553798707108 -0.03736009181435434
-0.2066316334623002 -0.05739765983463474
-0.2643725098424835 -0.05739765983463474
-0.2788077289375293 -0.04737887582449454
-0.2643725098424835 -0.05739765983463474
-0.2643725098424835 -0.08745401186505533
-0.30767816712762097 -0.13754793191575634
-0.3221133862226668 -0.16760428394617694
-0.2788077289375293 -0.15758549993603674
-0.29324294803257517 -0.15758549993603674
-0.2643725098424835 -0.12752914790561615
-0.23550207165239184 -0.10749157988533574
-0.24993729074743767 -0.12752914790561615
-0.2643725098424835 -0.14756671592589654
-0.30767816712762097 -0.12752914790561615
-0.23550207165239184 -0.08745401186505533
-0.24993729074743767 -0.09747279587519554
-0.22106685255734604 -0.09747279587519554
-0.22106685255734604 -0.08745401186505533
-0.19219641436725438 -0.07743522785491513
-0.1633259761771627 -0.027341307804214142
-0.0911498807019336 0.022752612246486857
-0.047844223416796124 0.11292166833774865
-0.047844223416796124 0.15299680437830945
-0.06227944251184195 0.15299680437830945
-0.03340900432175029 0.17303437239858985
-0.06227944251184195 0.21310950843915064
-0.03340900432175029 0.283240996510132
0.03876709115347883 0.3032785645304124
0.053202310248524655 0.3032785645304124
0.03876709115347883 0.29325978052027224
0.06763752934357048 0.283240996510132
0.08207274843861631 0.283240996510132
0.09650796753366213 0.31329734854055263
0.1398136248187996 0.32331613255069286
0.08207274843861631 0.29325978052027224
0.09650796753366213 0.2632034284898516
0.053202310248524655 0.2632034284898516
0.08207274843861631 0.24316586046957123
0.15424884391384544 0.29325978052027224
0.18311928210393708 0.33333491656083303
0.2408601584841204 0.33333491656083303
0.2408601584841204 0.29325978052027224
0.1975545011989829 0.283240996510132
0.18311928210393708 0.3032785645304124
0.16868406300889127 0.34335370057097325
0.15424884391384544 0.40346640463181443
0.16868406300889127 0.4134851886419546
0.12537840572375378 0.40346640463181443
0.06763752934357048 0.4134851886419546
0.03876709115347883 0.43352275666223505
-0.047844223416796124 0.5036542447332164
-0.13445553798707108 0.5437293807737772
-0.22106685255734604 0.32331613255069286
-0.23550207165239184 -0.2677921240475789
-0.22106685255734604 -1.0091821407979538
-0.13445553798707108 -1.6604031014570666
0.053202310248524655 -2.271548926075619
0.26973059667421206 -2.9528262387651525
0.4285180067197161 -3.634103551454686
0.6594815122404494 -4.225211808052958
0.7749632650008159 -4.646000736478846
0.8904450177611826 -4.826338848661369
0.9914915514265034 -4.836357632671509
1.0781028659967782 -4.7562073605903885
1.2801959333274198 -4.535794112367304
1.6122059725134739 -4.064911263890714
2.0452625453648485 -3.193277055008517
2.42057824183604 -2.071173245872815
2.6371065282617274 -0.9490694367371125
2.680412185546865 -0.19766063597659753
2.579365651881544 0.15299680437830945
2.3628373654558565 0.3533724845811134
2.088568202649986 0.47359789270279584
1.7421229443688862 0.5637669487940576
1.3379368097076032 0.6138608688447587
1.0492324278066867 0.6038420848346184
0.7605280459057701 0.6639547888954596
0.5295645403850369 0.7240674929563008
0.3419066921494412 0.7741614130070018
0.21198972029402874 0.834274117067843
0.28416581576925787 0.8543116850881234
0.3419066921494412 0.8943868211286842
0.3707771303395328 0.8543116850881234
0.3707771303395328 0.8643304690982636
0.31303625395934953 0.8442929010779832
0.29860103486430367 0.884368037118544
0.26973059667421206 0.8943868211286842
0.29860103486430367 0.934461957169245
0.28416581576925787 0.984555877219946
0.26973059667421206 0.9444807411793852
0.22642493938907457 0.9244431731591048
0.28416581576925787 0.9044056051388244
0.3419066921494412 0.9244431731591048
0.3707771303395328 0.9044056051388244
0.356341911244487 0.9044056051388244
0.31303625395934953 0.8643304690982636
0.31303625395934953 0.8743492531084038
0.31303625395934953 0.9144243891489646
0.356341911244487 0.9645183091996656
0.3707771303395328 0.9745370932098057
0.38521234943457866 0.984555877219946
0.38521234943457866 0.9044056051388244
0.3419066921494412 0.9144243891489646
0.3419066921494412 0.9444807411793852
0.39964756852962446 0.984555877219946
0.41408278762467027 1.0146122292503665
0.41408278762467027 1.0146122292503665
0.39964756852962446 1.0045934452402263
0.38521234943457866 0.984555877219946
0.3419066921494412 1.0045934452402263
0.39964756852962446 1.0246310132605068
0.44295322581476193 1.0146122292503665
0.4718236640048536 0.984555877219946
0.4718236640048536 0.9444807411793852
0.4573884449098078 0.9444807411793852
0.4718236640048536 0.9544995251895254
0.5151293212899911 1.0045934452402263
0.5728701976701743 1.034649797270647
0.5873054167652202 1.0246310132605068
0.5439997594800827 1.0146122292503665
0.5439997594800827 0.9945746612300862
0.5151293212899911 0.984555877219946
0.5728701976701743 0.9945746612300862
0.5584349785751286 0.9945746612300862
0.5873054167652202 0.9945746612300862
0.5728701976701743 0.9745370932098057
0.5728701976701743 0.9544995251895254
0.601740635860266 0.9544995251895254
0.6450462931454035 0.984555877219946
0.6739167313354951 0.9945746612300862
0.6739167313354951 0.984555877219946
0.6450462931454035 0.934461957169245
0.601740635860266 0.9144243891489646
0.6161758549553118 0.9144243891489646
0.6594815122404494 0.9144243891489646
0.7027871695255868 0.9144243891489646
0.7460928268107243 0.9244431731591048
0.7605280459057701 0.8943868211286842
0.7460928268107243 0.8543116850881234
0.7605280459057701 0.884368037118544
0.7460928268107243 0.9044056051388244
0.7316576077156784 0.8743492531084038
0.7316576077156784 0.8442929010779832
0.7172223886206326 0.784180197017142
0.6739167313354951 0.7441050609765812
0.6739167313354951 0.7240674929563008
0.688351950430541 0.7541238449867214
0.8038337031909076 0.7441050609765812
0.8471393604760451 0.7240674929563008
0.8615745795710908 0.6940111409258802
0.8615745795710908 0.633898436865039
0.8327041413809992 0.6238796528548988
0.8327041413809992 0.6238796528548988
0.8615745795710908 0.5938233008244782
0.8615745795710908 0.5537481647839174
0.8615745795710908 0.5136730287433566
0.8182689222859534 0.47359789270279584
0.8327041413809992 0.4134851886419546
0.9481858941413658 0.42350397265209483
0.9914915514265034 0.43352275666223505
1.005926770521549 0.4134851886419546
0.9770563323314575 0.33333491656083303
0.9048802368562283 0.27322221249999185
0.8760097986661367 0.23314707645943103
0.8904450177611826 0.22312829244929083
0.9048802368562283 0.283240996510132
0.9193154559512742 0.23314707645943103
0.93375067504632 0.22312829244929083
0.9048802368562283 0.19307194041887024
0.9193154559512742 0.14297802036816926
0.9626211132364116 0.14297802036816926
0.9193154559512742 0.14297802036816926
0.8760097986661367 0.14297802036816926
0.8904450177611826 0.12294045234788885
0.8327041413809992 0.13295923635802906
0.7749632650008159 0.10290288432760845
0.7893984840958618 0.14297802036816926
0.8182689222859534 0.15299680437830945
0.7605280459057701 0.14297802036816926
0.7316576077156784 0.12294045234788885
0.688351950430541 0.12294045234788885
0.6161758549553118 0.15299680437830945
0.5439997594800827 0.16301558838844965
0.5439997594800827 0.22312829244929083
0.5151293212899911 0.24316586046957123
0.4573884449098078 0.23314707645943103
0.39964756852962446 0.21310950843915064
0.39964756852962446 0.22312829244929083
0.39964756852962446 0.23314707645943103
0.38521234943457866 0.23314707645943103
0.41408278762467027 0.23314707645943103
0.3707771303395328 0.20309072442901044
0.32747147305439533 0.19307194041887024
0.28416581576925787 0.22312829244929083
0.2552953775791662 0.25318464447971145
0.26973059667421206 0.29325978052027224
0.26973059667421206 0.31329734854055263
0.2552953775791662 0.31329734854055263
0.1975545011989829 0.24316586046957123
0.16868406300889127 0.24316586046957123
0.1975545011989829 0.27322221249999185
0.1975545011989829 0.27322221249999185
0.18311928210393708 0.2632034284898516
0.1398136248187996 0.283240996510132
0.11094318662870796 0.2632034284898516
0.09650796753366213 0.283240996510132
0.09650796753366213 0.29325978052027224
0.11094318662870796 0.33333491656083303
0.09650796753366213 0.34335370057097325
0.08207274843861631 0.32331613255069286
0.009896652963387181 0.29325978052027224
0.009896652963387181 0.3032785645304124
0.009896652963387181 0.31329734854055263
0.009896652963387181 0.3734100526013938
0.03876709115347883 0.38342883661153404
0.009896652963387181 0.36339126859125365
-0.03340900432175029 0.3533724845811134
-0.047844223416796124 0.34335370057097325
-0.047844223416796124 0.3533724845811134
-0.06227944251184195 0.3734100526013938
-0.047844223416796124 0.3734100526013938
-0.0911498807019336 0.3734100526013938
-0.10558509979697943 0.3734100526013938
-0.07671466160688777 0.40346640463181443
-0.07671466160688777 0.4435415406723752
-0.047844223416796124 0.47359789270279584
-0.06227944251184195 0.4635791086926556
-0.13445553798707108 0.42350397265209483
-0.1633259761771627 0.40346640463181443
-0.19219641436725438 0.43352275666223505
-0.2066316334623002 0.43352275666223505
-0.2066316334623002 0.45356032468251545
-0.17776119527220854 0.45356032468251545
-0.17776119527220854 0.42350397265209483
-0.22106685255734604 0.4134851886419546
-0.22106685255734604 0.43352275666223505
-0.29324294803257517 0.4635791086926556
-0.24993729074743767 0.47359789270279584
-0.24993729074743767 0.43352275666223505
-0.3221133862226668 0.42350397265209483
-0.35098382441275844 0.40346640463181443
-0.3221133862226668 0.45356032468251545
-0.3221133862226668 0.4635791086926556
-0.22106685255734604 0.47359789270279584
-0.24993729074743767 0.43352275666223505
-0.2788077289375293 0.4134851886419546
-0.35098382441275844 0.36339126859125365
-0.42315991988798757 0.38342883661153404
-0.42315991988798757 0.40346640463181443
-0.35098382441275844 0.42350397265209483
-0.3798542626028501 0.42350397265209483
-0.3654190435078043 0.36339126859125365
-0.35098382441275844 0.34335370057097325
-0.3654190435078043 0.33333491656083303
-0.33654860531771263 0.34335370057097325
-0.29324294803257517 0.32331613255069286
-0.30767816712762097 0.33333491656083303
-0.35098382441275844 0.3032785645304124
-0.3942894816978959 0.3032785645304124
-0.42315991988798757 0.31329734854055263
-0.35098382441275844 0.34335370057097325
-0.30767816712762097 0.32331613255069286
-0.30767816712762097 0.33333491656083303
-0.2643725098424835 0.3032785645304124
-0.3654190435078043 0.2632034284898516
-0.30767816712762097 0.283240996510132
-0.2643725098424835 0.283240996510132
-0.3221133862226668 0.27322221249999185
-0.35098382441275844 0.27322221249999185
-0.33654860531771263 0.2632034284898516
-0.3221133862226668 0.22312829244929083
-0.30767816712762097 0.25318464447971145
-0.29324294803257517 0.2632034284898516
-0.23550207165239184 0.25318464447971145
-0.2066316334623002 0.22312829244929083
-0.2066316334623002 0.20309072442901044
-0.2643725098424835 0.20309072442901044
-0.33654860531771263 0.23314707645943103
-0.2788077289375293 0.283240996510132
-0.24993729074743767 0.34335370057097325
-0.2643725098424835 0.34335370057097325
-0.23550207165239184 0.32331613255069286
-0.2066316334623002 0.283240996510132
-0.19219641436725438 0.31329734854055263
-0.13445553798707108 0.34335370057097325
-0.0911498807019336 0.36339126859125365
-0.06227944251184195 0.3934476206216742
-0.047844223416796124 0.4435415406723752
-0.10558509979697943 0.3934476206216742
-0.018973785226704468 0.3734100526013938
0.024331872058433006 0.4134851886419546
0.053202310248524655 0.3934476206216742
0.08207274843861631 0.3934476206216742
0.06763752934357048 0.4134851886419546
0.024331872058433006 0.3934476206216742
0.053202310248524655 0.4435415406723752
0.08207274843861631 0.47359789270279584
0.053202310248524655 0.4435415406723752
0.03876709115347883 0.34335370057097325
0.009896652963387181 0.19307194041887024
-0.07671466160688777 0.052808964276907455
-0.1488907570821169 0.012733828236346657
-0.17776119527220854 0.002715044226206457
-0.13445553798707108 -0.01732252379407394
-0.1488907570821169 -0.007303739783933743
-0.23550207165239184 0.002715044226206457
-0.2788077289375293 0.002715044226206457
-0.30767816712762097 0.022752612246486857
-0.30767816712762097 0.052808964276907455
-0.3221133862226668 0.04279018026676725
-0.35098382441275844 0.012733828236346657
-0.33654860531771263 -0.027341307804214142
-0.40872470079294176 -0.07743522785491513
-0.3942894816978959 -0.01732252379407394
-0.3798542626028501 -0.007303739783933743
-0.35098382441275844 0.022752612246486857
-0.3221133862226668 0.022752612246486857
-0.40872470079294176 0.002715044226206457
-0.4375951389830334 -0.03736009181435434
-0.46646557717312503 -0.05739765983463474
-0.4809007962681709 -0.07743522785491513
-0.4809007962681709 -0.10749157988533574
-0.4809007962681709 -0.12752914790561615
-0.4953360153632167 -0.15758549993603674
-0.5242064535533083 -0.21769820399687792
-0.4953360153632167 -0.21769820399687792
-0.4809007962681709 -0.19766063597659753
-0.4809007962681709 -0.20767941998673772
-0.4953360153632167 -0.21769820399687792
-0.5530768917434 -0.2677921240475789
-0.639688206313675 -0.25777334003743874
-0.6108177681235833 -0.2677921240475789
-0.6108177681235833 -0.22771698800701812
-0.6108177681235833 -0.22771698800701812
-0.5386416726483542 -0.20767941998673772
-0.5097712344582626 -0.21769820399687792
-0.5242064535533083 -0.25777334003743874
-0.5530768917434 -0.21769820399687792
-0.5097712344582626 -0.19766063597659753
-0.5097712344582626 -0.17762306795631713
-0.4809007962681709 -0.15758549993603674
-0.4809007962681709 -0.17762306795631713
-0.4375951389830334 -0.14756671592589654
-0.42315991988798757 -0.05739765983463474
-0.35098382441275844 0.032771396256627054
-0.30767816712762097 0.09288410031746826
-0.2643725098424835 0.08286531630732805
-0.30767816712762097 0.10290288432760845
-0.24993729074743767 0.12294045234788885
-0.30767816712762097 0.15299680437830945
-0.30767816712762097 0.17303437239858985
-0.2788077289375293 0.20309072442901044
-0.2788077289375293 0.19307194041887024
-0.2788077289375293 0.16301558838844965
-0.29324294803257517 0.15299680437830945
-0.2643725098424835 0.13295923635802906
-0.2066316334623002 0.16301558838844965
-0.17776119527220854 0.18305315640873004
-0.17776119527220854 0.17303437239858985
-0.19219641436725438 0.13295923635802906
-0.24993729074743767 0.14297802036816926
-0.2788077289375293 0.16301558838844965
-0.2643725098424835 0.15299680437830945
-0.19219641436725438 0.17303437239858985
-0.17776119527220854 0.17303437239858985
-0.19219641436725438 0.18305315640873004
-0.2066316334623002 0.21310950843915064
-0.24993729074743767 0.27322221249999185
-0.24993729074743767 0.31329734854055263
-0.2788077289375293 0.34335370057097325
-0.3942894816978959 0.38342883661153404
-0.5963825490285375 0.40346640463181443
-0.7407347399789957 0.36339126859125365
-0.885086930929454 -0.007303739783933743
-0.8995221500244999 -0.7286561885140281
-0.7984756163591791 -1.5101213413049637
-0.6685586445037666 -2.271548926075619
-0.5242064535533083 -3.0530140788665543
-0.42315991988798757 -3.7743665275966487
-0.23550207165239184 -4.395531136225341
-0.07671466160688777 -4.796282496630949
0.11094318662870796 -4.976620608813473
0.2408601584841204 -5.046752096884454
0.41408278762467027 -4.966601824803332
0.688351950430541 -4.666038304499127
1.1214085232819158 -3.9747422077994528
1.6988172870837488 -2.8626571826738907
2.1896147363153067 -1.5902716133860852
2.3917078036459483 -0.5683556443517849
2.2906612699806277 -0.09747279587519554
2.1318738599351237 0.07284653229718785
1.9297807926044819 0.22312829244929083
1.6266411916085197 0.3533724845811134
1.1935846187571448 0.3734100526013938
0.8471393604760451 0.36339126859125365
0.4718236640048536 0.4635791086926556
0.18311928210393708 0.533710596763637
0.053202310248524655 0.6439172208751792
-0.018973785226704468 0.68399235691574
-0.03340900432175029 0.7140487089461606
-0.06227944251184195 0.7140487089461606
-0.07671466160688777 0.6539360048853194
-0.12002031889202525 0.6238796528548988
-0.1488907570821169 0.6238796528548988
-0.19219641436725438 0.6539360048853194
-0.1633259761771627 0.6940111409258802
-0.10558509979697943 0.7240674929563008
-0.10558509979697943 0.6940111409258802
-0.06227944251184195 0.6940111409258802
-0.0911498807019336 0.734086276966441
-0.06227944251184195 0.7541238449867214
-0.03340900432175029 0.7441050609765812
-0.047844223416796124 0.734086276966441
-0.047844223416796124 0.7441050609765812
-0.0911498807019336 0.6940111409258802
-0.10558509979697943 0.6940111409258802
-0.07671466160688777 0.7140487089461606
0.009896652963387181 0.7140487089461606
0.08207274843861631 0.7240674929563008
0.08207274843861631 0.7140487089461606
0.053202310248524655 0.7140487089461606
0.009896652963387181 0.734086276966441
-0.018973785226704468 0.734086276966441
0.03876709115347883 0.7441050609765812
-0.004538566131658644 0.7040299249360205
-0.03340900432175029 0.7240674929563008
-0.03340900432175029 0.734086276966441
-0.018973785226704468 0.734086276966441
0.09650796753366213 0.7441050609765812
0.1398136248187996 0.784180197017142
0.16868406300889127 0.7741614130070018
0.12537840572375378 0.7541238449867214
0.11094318662870796 0.7441050609765812
0.053202310248524655 0.7441050609765812
0.03876709115347883 0.7541238449867214
0.06763752934357048 0.7941989810272821
0.09650796753366213 0.8142365490475626
0.12537840572375378 0.7941989810272821
0.12537840572375378 0.7741614130070018
0.15424884391384544 0.7541238449867214
0.21198972029402874 0.7741614130070018
0.2408601584841204 0.784180197017142
0.22642493938907457 0.784180197017142
0.1975545011989829 0.7741614130070018
0.15424884391384544 0.7541238449867214
0.15424884391384544 0.7541238449867214
0.1398136248187996 0.784180197017142
0.21198972029402874 0.8142365490475626
0.28416581576925787 0.8242553330577028
0.3419066921494412 0.7541238449867214
0.2408601584841204 0.734086276966441
0.28416581576925787 0.734086276966441
0.29860103486430367 0.7240674929563008
0.29860103486430367 0.7541238449867214
0.32747147305439533 0.7741614130070018
0.32747147305439533 0.7541238449867214
0.32747147305439533 0.7240674929563008
0.31303625395934953 0.734086276966441
0.356341911244487 0.7441050609765812
0.41408278762467027 0.7140487089461606
0.4285180067197161 0.6639547888954596
0.39964756852962446 0.5637669487940576
0.38521234943457866 0.49363546072307624
0.39964756852962446 0.5236918127534969
0.38521234943457866 0.5036542447332164
0.4285180067197161 0.5236918127534969
0.44295322581476193 0.4635791086926556
0.44295322581476193 0.3934476206216742
0.4285180067197161 0.36339126859125365
0.44295322581476193 0.31329734854055263
0.4862588830998994 0.31329734854055263
0.5151293212899911 0.3032785645304124
0.5873054167652202 0.2632034284898516
0.5584349785751286 0.22312829244929083
0.5584349785751286 0.19307194041887024
0.5584349785751286 0.21310950843915064
0.5728701976701743 0.20309072442901044
0.6161758549553118 0.15299680437830945
0.5728701976701743 0.12294045234788885
0.601740635860266 0.07284653229718785
0.5584349785751286 0.012733828236346657
0.5439997594800827 0.012733828236346657
0.5728701976701743 0.022752612246486857
0.5873054167652202 0.022752612246486857
0.6306110740503577 0.012733828236346657
0.601740635860266 -0.007303739783933743
0.601740635860266 -0.03736009181435434
0.5873054167652202 -0.06741644384477494
0.5728701976701743 -0.06741644384477494
0.5584349785751286 -0.07743522785491513
0.5439997594800827 -0.09747279587519554
0.5006941021949453 -0.10749157988533574
0.5006941021949453 -0.11751036389547594
0.4573884449098078 -0.09747279587519554
0.5006941021949453 -0.05739765983463474
0.4862588830998994 0.012733828236346657
0.4573884449098078 0.012733828236346657
0.39964756852962446 -0.01732252379407394
0.31303625395934953 -0.04737887582449454
0.2552953775791662 -0.05739765983463474
0.2408601584841204 -0.06741644384477494
0.22642493938907457 -0.04737887582449454
0.22642493938907457 -0.03736009181435434
0.2408601584841204 -0.01732252379407394
0.2408601584841204 -0.04737887582449454
0.1975545011989829 -0.007303739783933743
0.1975545011989829 0.022752612246486857
0.1398136248187996 0.06282774828704765
0.09650796753366213 0.07284653229718785
0.024331872058433006 0.07284653229718785
-0.03340900432175029 0.06282774828704765
-0.004538566131658644 0.09288410031746826
-0.03340900432175029 0.13295923635802906
-0.004538566131658644 0.15299680437830945
0.06763752934357048 0.15299680437830945
0.024331872058433006 0.12294045234788885
0.009896652963387181 0.12294045234788885
-0.047844223416796124 0.14297802036816926
-0.06227944251184195 0.16301558838844965
-0.06227944251184195 0.20309072442901044
-0.0911498807019336 0.20309072442901044
-0.12002031889202525 0.19307194041887024
-0.17776119527220854 0.15299680437830945
-0.1488907570821169 0.15299680437830945
-0.07671466160688777 0.21310950843915064
-0.047844223416796124 0.25318464447971145
-0.06227944251184195 0.2632034284898516
-0.10558509979697943 0.21310950843915064
-0.22106685255734604 0.20309072442901044
-0.2643725098424835 0.24316586046957123
-0.2788077289375293 0.283240996510132
-0.17776119527220854 0.29325978052027224
-0.19219641436725438 0.32331613255069286
-0.1633259761771627 0.27322221249999185
-0.19219641436725438 0.27322221249999185
-0.2066316334623002 0.29325978052027224
-0.24993729074743767 0.3533724845811134
-0.2643725098424835 0.3734100526013938
-0.29324294803257517 0.3734100526013938
-0.3221133862226668 0.3533724845811134
-0.35098382441275844 0.3533724845811134
-0.33654860531771263 0.3734100526013938
-0.2643725098424835 0.3934476206216742
-0.24993729074743767 0.3734100526013938
-0.2643725098424835 0.34335370057097325
-0.24993729074743767 0.32331613255069286
-0.33654860531771263 0.32331613255069286
-0.3798542626028501 0.3734100526013938
-0.3942894816978959 0.38342883661153404
-0.3654190435078043 0.3934476206216742
-0.3654190435078043 0.40346640463181443
-0.35098382441275844 0.3533724845811134
-0.3942894816978959 0.33333491656083303
-0.40872470079294176 0.36339126859125365
-0.42315991988798757 0.3533724845811134
-0.3654190435078043 0.34335370057097325
-0.35098382441275844 0.3734100526013938
-0.42315991988798757 0.3533724845811134
-0.46646557717312503 0.34335370057097325
-0.4375951389830334 0.3533724845811134
-0.42315991988798757 0.3533724845811134
-0.40872470079294176 0.34335370057097325
-0.3654190435078043 0.3032785645304124
-0.3654190435078043 0.2632034284898516
-0.3942894816978959 0.22312829244929083
-0.42315991988798757 0.2632034284898516
-0.3942894816978959 0.31329734854055263
-0.3798542626028501 0.32331613255069286
-0.3654190435078043 0.34335370057097325
-0.3798542626028501 0.31329734854055263
-0.4375951389830334 0.27322221249999185
-0.45203035807807923 0.21310950843915064
-0.45203035807807923 0.22312829244929083
-0.3942894816978959 0.20309072442901044
-0.35098382441275844 0.21310950843915064
-0.3654190435078043 0.22312829244929083
-0.35098382441275844 0.19307194041887024
-0.3942894816978959 0.19307194041887024
-0.3654190435078043 0.18305315640873004
-0.35098382441275844 0.20309072442901044
-0.3221133862226668 0.19307194041887024
-0.35098382441275844 0.12294045234788885
-0.3654190435078043 0.11292166833774865
-0.3798542626028501 0.11292166833774865
-0.33654860531771263 0.16301558838844965
-0.29324294803257517 0.18305315640873004
-0.2643725098424835 0.24316586046957123
-0.2643725098424835 0.21310950843915064
-0.30767816712762097 0.17303437239858985
-0.35098382441275844 0.12294045234788885
-0.33654860531771263 0.13295923635802906
-0.2788077289375293 0.14297802036816926
-0.29324294803257517 0.15299680437830945
-0.2643725098424835 0.15299680437830945
-0.29324294803257517 0.17303437239858985
-0.23550207165239184 0.20309072442901044
-0.17776119527220854 0.24316586046957123
-0.12002031889202525 0.24316586046957123
-0.0911498807019336 0.283240996510132
-0.07671466160688777 0.25318464447971145
-0.12002031889202525 0.2632034284898516
-0.0911498807019336 0.25318464447971145
-0.018973785226704468 0.29325978052027224
0.024331872058433006 0.33333491656083303
0.09650796753366213 0.38342883661153404
0.09650796753366213 0.38342883661153404
0.053202310248524655 0.3934476206216742
0.08207274843861631 0.4134851886419546
0.03876709115347883 0.42350397265209483
0.053202310248524655 0.3934476206216742
0.009896652963387181 0.32331613255069286
-0.018973785226704468 0.22312829244929083
-0.07671466160688777 0.06282774828704765
-0.07671466160688777 0.012733828236346657
-0.047844223416796124 -0.03736009181435434
-0.03340900432175029 -0.027341307804214142
-0.06227944251184195 -0.07743522785491513
-0.17776119527220854 -0.09747279587519554
-0.2788077289375293 -0.12752914790561615
-0.33654860531771263 -0.10749157988533574
-0.3221133862226668 -0.07743522785491513
-0.30767816712762097 -0.09747279587519554
-0.2788077289375293 -0.07743522785491513
-0.30767816712762097 -0.11751036389547594
-0.33654860531771263 -0.13754793191575634
-0.33654860531771263 -0.13754793191575634
-0.35098382441275844 -0.13754793191575634
-0.3654190435078043 -0.13754793191575634
-0.40872470079294176 -0.15758549993603674
-0.45203035807807923 -0.17762306795631713
-0.4953360153632167 -0.18764185196645733
-0.4953360153632167 -0.17762306795631713
-0.4809007962681709 -0.16760428394617694
-0.4953360153632167 -0.15758549993603674
-0.4375951389830334 -0.19766063597659753
-0.4809007962681709 -0.23773577201715831
-0.5242064535533083 -0.2978484760779995
-0.5963825490285375 -0.3178860440982799
-0.6108177681235833 -0.30786726008813975
-0.5819473299334916 -0.3178860440982799
-0.5675121108384459 -0.30786726008813975
-0.5675121108384459 -0.3379236121185603
-0.5819473299334916 -0.3779987481591211
-0.5963825490285375 -0.36797996414898093
-0.5530768917434 -0.34794239612870054
-0.5386416726483542 -0.32790482810842014
-0.5097712344582626 -0.34794239612870054
-0.5242064535533083 -0.32790482810842014
-0.5675121108384459 -0.30786726008813975
-0.5530768917434 -0.2878296920678593
-0.5242064535533083 -0.22771698800701812
-0.4375951389830334 -0.21769820399687792
-0.42315991988798757 -0.20767941998673772
-0.33654860531771263 -0.20767941998673772
-0.3221133862226668 -0.17762306795631713
-0.33654860531771263 -0.10749157988533574
-0.3221133862226668 0.002715044226206457
-0.29324294803257517 0.032771396256627054
-0.29324294803257517 0.06282774828704765
-0.24993729074743767 0.07284653229718785
-0.2643725098424835 0.06282774828704765
-0.2788077289375293 0.10290288432760845
-0.23550207165239184 0.12294045234788885
-0.24993729074743767 0.12294045234788885
-0.23550207165239184 0.13295923635802906
-0.2643725098424835 0.13295923635802906
-0.22106685255734604 0.11292166833774865
-0.2066316334623002 0.09288410031746826
-0.17776119527220854 0.10290288432760845
-0.0911498807019336 0.10290288432760845
-0.13445553798707108 0.09288410031746826
-0.13445553798707108 0.04279018026676725
-0.17776119527220854 0.012733828236346657
-0.17776119527220854 0.06282774828704765
-0.13445553798707108 0.10290288432760845
-0.12002031889202525 0.09288410031746826
-0.10558509979697943 0.12294045234788885
-0.13445553798707108 0.14297802036816926
-0.19219641436725438 0.17303437239858985
-0.29324294803257517 0.25318464447971145
-0.33654860531771263 0.283240996510132
-0.3798542626028501 0.31329734854055263
-0.5675121108384459 0.34335370057097325
-0.7262995208839499 0.33333491656083303
-0.7840403972641332 -0.027341307804214142
-0.7840403972641332 -0.778750108564729
-0.6685586445037666 -1.7104970215077677
-0.4375951389830334 -2.572112446379825
-0.24993729074743767 -3.3736151671910406
-0.12002031889202525 -4.104986399931275
-0.004538566131658644 -4.686075872519407
0.11094318662870796 -5.016695744854033
0.31303625395934953 -5.136921152975716
0.5151293212899911 -5.046752096884454
0.8471393604760451 -4.7762449286106685
1.265760714232374 -4.125023967951556
1.7854286016540237 -3.0129389428259934
2.2329203936004443 -1.7405533735381882
2.3628373654558565 -0.6585247004430467
2.2906612699806277 -0.14756671592589654
2.0596977644598944 0.06282774828704765
1.756558163463932 0.16301558838844965
1.3379368097076032 0.2632034284898516
0.9626211132364116 0.33333491656083303
0.6450462931454035 0.4635791086926556
0.41408278762467027 0.5637669487940576
0.22642493938907457 0.6138608688447587
0.09650796753366213 0.6138608688447587
-0.004538566131658644 0.6138608688447587
-0.03340900432175029 0.6439172208751792
-0.047844223416796124 0.6739735729055998
0.03876709115347883 0.7140487089461606
0.08207274843861631 0.734086276966441
0.11094318662870796 0.7040299249360205
0.08207274843861631 0.6739735729055998
0.053202310248524655 0.7240674929563008
0.03876709115347883 0.7441050609765812
0.053202310248524655 0.7741614130070018
0.053202310248524655 0.7641426289968616
0.08207274843861631 0.7040299249360205
0.06763752934357048 0.68399235691574
0.09650796753366213 0.68399235691574
0.18311928210393708 0.7040299249360205
0.22642493938907457 0.68399235691574
0.22642493938907457 0.7040299249360205
0.1975545011989829 0.7040299249360205
0.16868406300889127 0.7441050609765812
0.1398136248187996 0.7941989810272821
0.21198972029402874 0.8042177650374224
0.2408601584841204 0.784180197017142
0.22642493938907457 0.7541238449867214
0.2408601584841204 0.7541238449867214
0.1975545011989829 0.734086276966441
0.18311928210393708 0.7641426289968616
0.22642493938907457 0.8042177650374224
0.29860103486430367 0.8543116850881234
0.2552953775791662 0.8242553330577028
0.26973059667421206 0.834274117067843
0.28416581576925787 0.784180197017142
0.3419066921494412 0.784180197017142
0.356341911244487 0.8142365490475626
0.38521234943457866 0.8142365490475626
0.41408278762467027 0.8543116850881234
0.4285180067197161 0.8442929010779832
0.41408278762467027 0.834274117067843
0.41408278762467027 0.8543116850881234
0.44295322581476193 0.884368037118544
0.4862588830998994 0.884368037118544
0.44295322581476193 0.9044056051388244
0.4718236640048536 0.884368037118544
0.4285180067197161 0.834274117067843
0.44295322581476193 0.834274117067843
0.4718236640048536 0.8242553330577028
0.5295645403850369 0.8543116850881234
0.5873054167652202 0.8643304690982636
0.6161758549553118 0.8743492531084038
0.5873054167652202 0.8743492531084038
0.5728701976701743 0.8743492531084038
0.5728701976701743 0.8442929010779832
0.6161758549553118 0.8142365490475626
0.6450462931454035 0.7741614130070018
0.688351950430541 0.7240674929563008
0.7027871695255868 0.7140487089461606
0.7316576077156784 0.7040299249360205
0.7749632650008159 0.68399235691574
0.7893984840958618 0.6639547888954596
0.7749632650008159 0.6439172208751792
0.8038337031909076 0.6038420848346184
0.7316576077156784 0.5437293807737772
0.7605280459057701 0.5537481647839174
0.8471393604760451 0.5637669487940576
0.9481858941413658 0.5537481647839174
0.9770563323314575 0.5136730287433566
0.9626211132364116 0.4134851886419546
0.9193154559512742 0.38342883661153404
0.8760097986661367 0.3734100526013938
0.9048802368562283 0.3734100526013938
0.9481858941413658 0.36339126859125365
1.005926770521549 0.31329734854055263
1.0347972087116408 0.27322221249999185
1.020361989616595 0.22312829244929083
1.020361989616595 0.19307194041887024
1.020361989616595 0.20309072442901044
1.0492324278066867 0.19307194041887024
1.005926770521549 0.17303437239858985
0.9626211132364116 0.16301558838844965
0.9626211132364116 0.13295923635802906
0.9626211132364116 0.09288410031746826
1.0347972087116408 0.10290288432760845
1.0636676469017325 0.10290288432760845
1.0636676469017325 0.08286531630732805
1.020361989616595 0.06282774828704765
0.9481858941413658 0.052808964276907455
0.8904450177611826 0.07284653229718785
0.8615745795710908 0.11292166833774865
0.8615745795710908 0.12294045234788885
0.8327041413809992 0.09288410031746826
0.8182689222859534 0.11292166833774865
0.7749632650008159 0.13295923635802906
0.688351950430541 0.17303437239858985
0.7460928268107243 0.16301558838844965
0.7316576077156784 0.11292166833774865
0.7316576077156784 0.13295923635802906
0.5873054167652202 0.14297802036816926
0.5439997594800827 0.15299680437830945
0.5151293212899911 0.18305315640873004
0.5151293212899911 0.21310950843915064
0.5439997594800827 0.21310950843915064
0.5873054167652202 0.17303437239858985
0.5295645403850369 0.17303437239858985
0.4718236640048536 0.18305315640873004
0.44295322581476193 0.21310950843915064
0.44295322581476193 0.283240996510132
0.4573884449098078 0.31329734854055263
0.4573884449098078 0.33333491656083303
0.4285180067197161 0.34335370057097325
0.3707771303395328 0.33333491656083303
0.29860103486430367 0.31329734854055263
0.31303625395934953 0.34335370057097325
0.356341911244487 0.34335370057097325
0.356341911244487 0.34335370057097325
0.32747147305439533 0.34335370057097325
0.356341911244487 0.3734100526013938
0.29860103486430367 0.3934476206216742
0.28416581576925787 0.3934476206216742
0.29860103486430367 0.4134851886419546
0.3419066921494412 0.38342883661153404
0.29860103486430367 0.3533724845811134
0.31303625395934953 0.33333491656083303
0.28416581576925787 0.38342883661153404
0.26973059667421206 0.45356032468251545
0.28416581576925787 0.49363546072307624
0.31303625395934953 0.5136730287433566
0.26973059667421206 0.47359789270279584
0.2408601584841204 0.4435415406723752
0.1975545011989829 0.4635791086926556
0.1975545011989829 0.483616676712936
0.22642493938907457 0.49363546072307624
0.2408601584841204 0.4635791086926556
0.21198972029402874 0.47359789270279584
0.21198972029402874 0.5136730287433566
0.22642493938907457 0.5036542447332164
0.2408601584841204 0.5737857328041979
0.2408601584841204 0.5737857328041979
0.1975545011989829 0.5637669487940576
0.15424884391384544 0.5136730287433566
0.12537840572375378 0.47359789270279584
0.06763752934357048 0.483616676712936
0.08207274843861631 0.5036542447332164
0.12537840572375378 0.5236918127534969
0.16868406300889127 0.5236918127534969
0.18311928210393708 0.5036542447332164
0.15424884391384544 0.483616676712936
0.09650796753366213 0.47359789270279584
0.09650796753366213 0.4635791086926556
0.09650796753366213 0.47359789270279584
0.08207274843861631 0.45356032468251545
0.053202310248524655 0.4435415406723752
0.03876709115347883 0.43352275666223505
0.06763752934357048 0.4635791086926556
0.09650796753366213 0.483616676712936
0.18311928210393708 0.483616676712936
0.15424884391384544 0.47359789270279584
0.11094318662870796 0.4134851886419546
0.08207274843861631 0.38342883661153404
-0.018973785226704468 0.3533724845811134
-0.018973785226704468 0.38342883661153404
-0.004538566131658644 0.38342883661153404
0.009896652963387181 0.3934476206216742
0.03876709115347883 0.3734100526013938
0.024331872058433006 0.3734100526013938
0.024331872058433006 0.3734100526013938
0.06763752934357048 0.3734100526013938
0.12537840572375378 0.33333491656083303
0.08207274843861631 0.32331613255069286
0.03876709115347883 0.29325978052027224
-0.004538566131658644 0.29325978052027224
-0.004538566131658644 0.29325978052027224
0.03876709115347883 0.3533724845811134
0.11094318662870796 0.34335370057097325
0.11094318662870796 0.32331613255069286
0.1975545011989829 0.29325978052027224
0.1398136248187996 0.21310950843915064
0.11094318662870796 0.24316586046957123
0.12537840572375378 0.27322221249999185
0.09650796753366213 0.31329734854055263
0.09650796753366213 0.31329734854055263
0.09650796753366213 0.32331613255069286
0.12537840572375378 0.31329734854055263
0.12537840572375378 0.27322221249999185
0.18311928210393708 0.23314707645943103
0.22642493938907457 0.24316586046957123
0.1975545011989829 0.25318464447971145
0.1975545011989829 0.24316586046957123
0.16868406300889127 0.283240996510132
0.21198972029402874 0.3032785645304124
0.21198972029402874 0.34335370057097325
0.2552953775791662 0.3734100526013938
0.32747147305439533 0.38342883661153404
0.31303625395934953 0.3734100526013938
0.31303625395934953 0.36339126859125365
0.32747147305439533 0.3533724845811134
0.356341911244487 0.36339126859125365
0.4285180067197161 0.38342883661153404
0.4285180067197161 0.40346640463181443
0.4285180067197161 0.4134851886419546
0.38521234943457866 0.4134851886419546
0.356341911244487 0.47359789270279584
0.356341911244487 0.49363546072307624
0.3707771303395328 0.49363546072307624
0.41408278762467027 0.4635791086926556
0.38521234943457866 0.3734100526013938
0.32747147305439533 0.2632034284898516
0.32747147305439533 0.20309072442901044
0.31303625395934953 0.15299680437830945
0.3419066921494412 0.11292166833774865
0.32747147305439533 0.08286531630732805
0.26973059667421206 0.032771396256627054
0.18311928210393708 -0.04737887582449454
0.08207274843861631 -0.06741644384477494
0.09650796753366213 -0.027341307804214142
0.053202310248524655 -0.01732252379407394
0.08207274843861631 0.002715044226206457
0.03876709115347883 -0.007303739783933743
0.03876709115347883 -0.027341307804214142
0.024331872058433006 -0.03736009181435434
0.024331872058433006 0.012733828236346657
0.024331872058433006 0.022752612246486857
0.03876709115347883 -0.007303739783933743
-0.06227944251184195 -0.03736009181435434
-0.0911498807019336 -0.05739765983463474
-0.12002031889202525 -0.06741644384477494
-0.12002031889202525 -0.05739765983463474
-0.07671466160688777 -0.05739765983463474
-0.047844223416796124 -0.04737887582449454
-0.0911498807019336 -0.07743522785491513
-0.07671466160688777 -0.08745401186505533
-0.10558509979697943 -0.10749157988533574
-0.047844223416796124 -0.10749157988533574
-0.06227944251184195 -0.13754793191575634
-0.10558509979697943 -0.14756671592589654
-0.1633259761771627 -0.20767941998673772
-0.2788077289375293 -0.25777334003743874
-0.30767816712762097 -0.23773577201715831
-0.24993729074743767 -0.23773577201715831
-0.22106685255734604 -0.19766063597659753
-0.22106685255734604 -0.19766063597659753
-0.2066316334623002 -0.20767941998673772
-0.24993729074743767 -0.24775455602729854
-0.30767816712762097 -0.22771698800701812
-0.29324294803257517 -0.23773577201715831
-0.33654860531771263 -0.23773577201715831
-0.3221133862226668 -0.24775455602729854
-0.2643725098424835 -0.24775455602729854
-0.23550207165239184 -0.23773577201715831
-0.19219641436725438 -0.19766063597659753
-0.1488907570821169 -0.15758549993603674
-0.0911498807019336 -0.11751036389547594
-0.12002031889202525 -0.08745401186505533
-0.1488907570821169 -0.04737887582449454
-0.19219641436725438 -0.027341307804214142
-0.1488907570821169 0.002715044226206457
-0.10558509979697943 0.07284653229718785
-0.03340900432175029 0.12294045234788885
0.009896652963387181 0.15299680437830945
0.024331872058433006 0.10290288432760845
-0.047844223416796124 0.08286531630732805
-0.0911498807019336 0.08286531630732805
-0.06227944251184195 0.09288410031746826
-0.0911498807019336 0.14297802036816926
-0.07671466160688777 0.13295923635802906
-0.047844223416796124 0.11292166833774865
-0.06227944251184195 0.07284653229718785
-0.018973785226704468 0.11292166833774865
-0.004538566131658644 0.11292166833774865
-0.004538566131658644 0.09288410031746826
0.03876709115347883 0.08286531630732805
0.03876709115347883 0.06282774828704765
0.009896652963387181 0.032771396256627054
-0.03340900432175029 0.052808964276907455
-0.06227944251184195 0.10290288432760845
-0.018973785226704468 0.13295923635802906
-0.018973785226704468 0.18305315640873004
-0.047844223416796124 0.18305315640873004
-0.07671466160688777 0.15299680437830945
-0.07671466160688777 0.10290288432760845
-0.17776119527220854 0.09288410031746826
-0.24993729074743767 0.09288410031746826
-0.42315991988798757 -0.04737887582449454
-0.5675121108384459 -0.5382992923213643
-0.6252529872186291 -1.229595389021038
-0.5530768917434 -1.890835133690291
-0.3798542626028501 -2.572112446379825
-0.17776119527220854 -3.3135024631301997
0.024331872058433006 -3.994779775819733
0.12537840572375378 -4.595906816428145
0.28416581576925787 -4.986639392823613
0.38521234943457866 -5.156958720995997
0.5295645403850369 -5.2070526410466975
0.7027871695255868 -5.126902368965576
0.9048802368562283 -4.896470336732351
1.2513254951373283 -4.415568704245621
1.684382067988703 -3.543934495363424
2.175179517220261 -2.3416804141466003
2.4783191182162234 -1.2596517410514587
2.5504952136914523 -0.5483180763315045
2.435013460931086 -0.20767941998673772
2.2184851745053984 -0.01732252379407394
1.9442160116995277 0.15299680437830945
1.5544650961332904 0.283240996510132
1.1935846187571448 0.3533724845811134
0.9048802368562283 0.38342883661153404
0.688351950430541 0.45356032468251545
0.4285180067197161 0.5036542447332164
0.2552953775791662 0.533710596763637
0.11094318662870796 0.583804516814338
0.03876709115347883 0.583804516814338
0.06763752934357048 0.5938233008244782
0.06763752934357048 0.6038420848346184
0.053202310248524655 0.6138608688447587
0.009896652963387181 0.5938233008244782
0.06763752934357048 0.6238796528548988
0.03876709115347883 0.6539360048853194
0.06763752934357048 0.633898436865039
0.024331872058433006 0.6138608688447587
0.024331872058433006 0.5938233008244782
0.024331872058433006 0.633898436865039
0.03876709115347883 0.6539360048853194
0.11094318662870796 0.6739735729055998
0.11094318662870796 0.6739735729055998
0.16868406300889127 0.68399235691574
0.12537840572375378 0.6639547888954596
0.08207274843861631 0.633898436865039
0.03876709115347883 0.6539360048853194
0.06763752934357048 0.6539360048853194
0.08207274843861631 0.6940111409258802
0.12537840572375378 0.7140487089461606
0.12537840572375378 0.6940111409258802
0.12537840572375378 0.6439172208751792
0.16868406300889127 0.6940111409258802
0.16868406300889127 0.7240674929563008
0.1975545011989829 0.7240674929563008
0.18311928210393708 0.7441050609765812
0.15424884391384544 0.7140487089461606
0.12537840572375378 0.7040299249360205
0.12537840572375378 0.734086276966441
0.15424884391384544 0.7641426289968616
0.21198972029402874 0.784180197017142
0.26973059667421206 0.784180197017142
0.26973059667421206 0.784180197017142
0.22642493938907457 0.7441050609765812
0.26973059667421206 0.7441050609765812
0.28416581576925787 0.734086276966441
0.26973059667421206 0.734086276966441
0.28416581576925787 0.7441050609765812
0.2408601584841204 0.7741614130070018
0.2408601584841204 0.7741614130070018
0.26973059667421206 0.8042177650374224
0.26973059667421206 0.834274117067843
0.356341911244487 0.834274117067843
0.38521234943457866 0.7741614130070018
0.38521234943457866 0.7240674929563008
0.3419066921494412 0.7040299249360205
0.31303625395934953 0.7140487089461606
0.31303625395934953 0.7441050609765812
0.31303625395934953 0.7741614130070018
0.356341911244487 0.7541238449867214
0.356341911244487 0.7240674929563008
0.3707771303395328 0.7040299249360205
0.356341911244487 0.734086276966441
0.41408278762467027 0.7240674929563008
0.4573884449098078 0.7040299249360205
0.4718236640048536 0.6940111409258802
0.39964756852962446 0.6539360048853194
0.39964756852962446 0.6238796528548988
0.3707771303395328 0.6238796528548988
0.41408278762467027 0.6439172208751792
0.4285180067197161 0.6439172208751792
0.4718236640048536 0.6439172208751792
0.5151293212899911 0.583804516814338
0.4573884449098078 0.5236918127534969
0.5006941021949453 0.5036542447332164
0.4862588830998994 0.5136730287433566
0.5295645403850369 0.5036542447332164
0.5439997594800827 0.45356032468251545
0.5151293212899911 0.40346640463181443
0.5006941021949453 0.38342883661153404
0.4573884449098078 0.34335370057097325
0.5151293212899911 0.34335370057097325
0.5584349785751286 0.33333491656083303
0.5728701976701743 0.3032785645304124
0.5873054167652202 0.25318464447971145
0.5728701976701743 0.19307194041887024
0.5728701976701743 0.20309072442901044
0.5873054167652202 0.19307194041887024
0.6450462931454035 0.16301558838844965
0.6450462931454035 0.15299680437830945
0.6450462931454035 0.10290288432760845
0.6161758549553118 0.04279018026676725
0.601740635860266 0.002715044226206457
0.6161758549553118 -0.03736009181435434
0.6306110740503577 -0.03736009181435434
0.6161758549553118 -0.05739765983463474
0.6594815122404494 -0.05739765983463474
0.6161758549553118 -0.08745401186505533
0.6450462931454035 -0.08745401186505533
0.6739167313354951 -0.04737887582449454
0.688351950430541 -0.04737887582449454
0.6594815122404494 -0.03736009181435434
0.6161758549553118 -0.10749157988533574
0.5151293212899911 -0.14756671592589654
0.44295322581476193 -0.11751036389547594
0.4718236640048536 -0.09747279587519554
0.4718236640048536 -0.05739765983463474
0.4718236640048536 -0.04737887582449454
0.4573884449098078 -0.07743522785491513
0.44295322581476193 -0.04737887582449454
0.41408278762467027 -0.027341307804214142
0.38521234943457866 0.002715044226206457
0.356341911244487 0.032771396256627054
0.28416581576925787 0.022752612246486857
0.21198972029402874 0.002715044226206457
0.16868406300889127 0.002715044226206457
0.1398136248187996 0.04279018026676725
0.15424884391384544 0.08286531630732805
0.1398136248187996 0.08286531630732805
0.12537840572375378 0.09288410031746826
0.1398136248187996 0.06282774828704765
0.12537840572375378 0.07284653229718785
0.053202310248524655 0.07284653229718785
0.06763752934357048 0.12294045234788885
0.024331872058433006 0.15299680437830945
0.024331872058433006 0.17303437239858985
-0.03340900432175029 0.16301558838844965
-0.06227944251184195 0.17303437239858985
-0.06227944251184195 0.17303437239858985
-0.047844223416796124 0.22312829244929083
0.009896652963387181 0.23314707645943103
0.024331872058433006 0.22312829244929083
0.03876709115347883 0.18305315640873004
-0.06227944251184195 0.16301558838844965
-0.07671466160688777 0.19307194041887024
-0.07671466160688777 0.22312829244929083
-0.13445553798707108 0.21310950843915064
-0.10558509979697943 0.21310950843915064
-0.1633259761771627 0.19307194041887024
-0.13445553798707108 0.19307194041887024
-0.1633259761771627 0.23314707645943103
-0.0911498807019336 0.27322221249999185
-0.07671466160688777 0.283240996510132
-0.10558509979697943 0.27322221249999185
-0.12002031889202525 0.27322221249999185
-0.17776119527220854 0.25318464447971145
-0.23550207165239184 0.27322221249999185
-0.2066316334623002 0.32331613255069286
-0.23550207165239184 0.3533724845811134
-0.2066316334623002 0.34335370057097325
-0.19219641436725438 0.31329734854055263
-0.22106685255734604 0.33333491656083303
-0.2643725098424835 0.33333491656083303
-0.19219641436725438 0.3734100526013938
-0.17776119527220854 0.36339126859125365
-0.19219641436725438 0.3734100526013938
-0.24993729074743767 0.36339126859125365
-0.29324294803257517 0.34335370057097325
-0.35098382441275844 0.38342883661153404
-0.3221133862226668 0.4134851886419546
-0.29324294803257517 0.43352275666223505
-0.24993729074743767 0.4435415406723752
-0.2788077289375293 0.42350397265209483
-0.30767816712762097 0.4134851886419546
-0.35098382441275844 0.4134851886419546
-0.35098382441275844 0.42350397265209483
-0.30767816712762097 0.4134851886419546
-0.35098382441275844 0.4134851886419546
-0.3654190435078043 0.4134851886419546
-0.3942894816978959 0.3734100526013938
-0.42315991988798757 0.40346640463181443
-0.45203035807807923 0.3934476206216742
-0.3798542626028501 0.38342883661153404
-0.3798542626028501 0.3734100526013938
-0.40872470079294176 0.36339126859125365
-0.45203035807807923 0.33333491656083303
-0.45203035807807923 0.36339126859125365
-0.46646557717312503 0.3734100526013938
-0.42315991988798757 0.40346640463181443
-0.42315991988798757 0.38342883661153404
-0.42315991988798757 0.3533724845811134
-0.42315991988798757 0.32331613255069286
-0.4953360153632167 0.33333491656083303
-0.4375951389830334 0.33333491656083303
-0.42315991988798757 0.34335370057097325
-0.3942894816978959 0.32331613255069286
-0.42315991988798757 0.3032785645304124
-0.4809007962681709 0.3032785645304124
-0.45203035807807923 0.2632034284898516
-0.46646557717312503 0.283240996510132
-0.4375951389830334 0.31329734854055263
-0.42315991988798757 0.31329734854055263
-0.4375951389830334 0.27322221249999185
-0.45203035807807923 0.24316586046957123
-0.46646557717312503 0.25318464447971145
-0.4953360153632167 0.27322221249999185
-0.45203035807807923 0.29325978052027224
-0.3798542626028501 0.31329734854055263
-0.3654190435078043 0.27322221249999185
-0.3942894816978959 0.23314707645943103
-0.3942894816978959 0.25318464447971145
-0.35098382441275844 0.27322221249999185
-0.35098382441275844 0.25318464447971145
-0.3654190435078043 0.21310950843915064
-0.3654190435078043 0.18305315640873004
-0.3942894816978959 0.18305315640873004
-0.40872470079294176 0.19307194041887024
-0.3942894816978959 0.22312829244929083
-0.3798542626028501 0.22312829244929083
-0.29324294803257517 0.22312829244929083
-0.30767816712762097 0.19307194041887024
-0.2788077289375293 0.18305315640873004
-0.2788077289375293 0.19307194041887024
-0.24993729074743767 0.24316586046957123
-0.29324294803257517 0.283240996510132
-0.2788077289375293 0.24316586046957123
-0.30767816712762097 0.21310950843915064
-0.3221133862226668 0.22312829244929083
-0.33654860531771263 0.29325978052027224
-0.24993729074743767 0.34335370057097325
-0.1633259761771627 0.32331613255069286
-0.10558509979697943 0.33333491656083303
-0.0911498807019336 0.3032785645304124
-0.12002031889202525 0.283240996510132
-0.07671466160688777 0.3032785645304124
-0.10558509979697943 0.32331613255069286
-0.047844223416796124 0.33333491656083303
-0.03340900432175029 0.3734100526013938
-0.018973785226704468 0.3734100526013938
-0.047844223416796124 0.40346640463181443
-0.047844223416796124 0.40346640463181443
0.024331872058433006 0.43352275666223505
0.09650796753366213 0.47359789270279584
0.11094318662870796 0.4435415406723752
0.053202310248524655 0.3734100526013938
0.009896652963387181 0.31329734854055263
-0.018973785226704468 0.20309072442901044
-0.06227944251184195 0.14297802036816926
-0.0911498807019336 0.04279018026676725
-0.12002031889202525 -0.01732252379407394
-0.17776119527220854 -0.07743522785491513
-0.19219641436725438 -0.08745401186505533
-0.17776119527220854 -0.05739765983463474
-0.22106685255734604 -0.04737887582449454
-0.19219641436725438 -0.03736009181435434
-0.2066316334623002 -0.027341307804214142
-0.24993729074743767 -0.05739765983463474
-0.3942894816978959 -0.06741644384477494
-0.3942894816978959 -0.06741644384477494
-0.42315991988798757 -0.03736009181435434
-0.42315991988798757 -0.027341307804214142
-0.3654190435078043 -0.027341307804214142
-0.3654190435078043 -0.03736009181435434
-0.40872470079294176 -0.03736009181435434
-0.3798542626028501 -0.03736009181435434
-0.3654190435078043 -0.06741644384477494
-0.3798542626028501 -0.10749157988533574
-0.3798542626028501 -0.16760428394617694
-0.46646557717312503 -0.18764185196645733
-0.4809007962681709 -0.18764185196645733
-0.4953360153632167 -0.16760428394617694
-0.4809007962681709 -0.15758549993603674
-0.5097712344582626 -0.14756671592589654
-0.46646557717312503 -0.17762306795631713
-0.5242064535533083 -0.25777334003743874
-0.5097712344582626 -0.2878296920678593
-0.5675121108384459 -0.2978484760779995
-0.5530768917434 -0.2878296920678593
-0.5675121108384459 -0.2878296920678593
-0.5530768917434 -0.25777334003743874
-0.5963825490285375 -0.30786726008813975
-0.6252529872186291 -0.32790482810842014
-0.6252529872186291 -0.3178860440982799
-0.6252529872186291 -0.25777334003743874
-0.6252529872186291 -0.27781090805771913
-0.5819473299334916 -0.2978484760779995
-0.5819473299334916 -0.30786726008813975
-0.5963825490285375 -0.3379236121185603
-0.6108177681235833 -0.30786726008813975
-0.5963825490285375 -0.23773577201715831
-0.5386416726483542 -0.20767941998673772
-0.5097712344582626 -0.17762306795631713
-0.5242064535533083 -0.18764185196645733
-0.5386416726483542 -0.15758549993603674
-0.4375951389830334 -0.14756671592589654
-0.40872470079294176 -0.08745401186505533
-0.3942894816978959 -0.027341307804214142
-0.3654190435078043 -0.01732252379407394
-0.35098382441275844 0.002715044226206457
-0.3942894816978959 0.012733828236346657
-0.33654860531771263 0.06282774828704765
-0.3221133862226668 0.14297802036816926
-0.2788077289375293 0.21310950843915064
-0.24993729074743767 0.21310950843915064
-0.24993729074743767 0.20309072442901044
-0.2788077289375293 0.19307194041887024
-0.30767816712762097 0.20309072442901044
-0.29324294803257517 0.18305315640873004
-0.2788077289375293 0.16301558838844965
-0.2643725098424835 0.16301558838844965
-0.29324294803257517 0.15299680437830945
-0.2788077289375293 0.16301558838844965
-0.2643725098424835 0.16301558838844965
-0.24993729074743767 0.14297802036816926
-0.1633259761771627 0.17303437239858985
-0.19219641436725438 0.14297802036816926
-0.17776119527220854 0.10290288432760845
-0.2066316334623002 0.07284653229718785
-0.2643725098424835 0.07284653229718785
-0.2788077289375293 0.10290288432760845
-0.29324294803257517 0.12294045234788885
-0.23550207165239184 0.18305315640873004
-0.23550207165239184 0.20309072442901044
-0.2066316334623002 0.23314707645943103
-0.23550207165239184 0.283240996510132
-0.24993729074743767 0.36339126859125365
-0.23550207165239184 0.3934476206216742
-0.3221133862226668 0.42350397265209483
-0.4953360153632167 0.42350397265209483
-0.6541234254087208 0.36339126859125365
-0.9139573691195456 0.13295923635802906
-0.9716982454997289 -0.3178860440982799
-0.9139573691195456 -0.9390506527269723
-0.8417812736443165 -1.6002903973962255
-0.7262995208839499 -2.33166163013646
-0.6108177681235833 -3.0630328628766947
-0.4375951389830334 -3.7543289595763683
-0.3221133862226668 -4.35545600018478
-0.17776119527220854 -4.816320064651229
-0.07671466160688777 -5.116883584955436
-0.004538566131658644 -5.287202913127818
0.03876709115347883 -5.387390753229221
0.22642493938907457 -5.317259265158239
0.4573884449098078 -5.146939936985856
0.8182689222859534 -4.7662261446005285
1.265760714232374 -4.094967615921135
1.7709933825589779 -3.1231455669375356
2.117438640840078 -2.031098109832254
2.3339669272657653 -1.1193887649094958
2.3339669272657653 -0.4982241562808035
2.24735561269549 -0.17762306795631713
2.1318738599351237 0.052808964276907455
1.9153455735094362 0.19307194041887024
1.5544650961332904 0.31329734854055263
1.179149399662099 0.36339126859125365
0.8904450177611826 0.4635791086926556
0.6739167313354951 0.5637669487940576
0.4573884449098078 0.6439172208751792
0.29860103486430367 0.6439172208751792
0.15424884391384544 0.6539360048853194
0.03876709115347883 0.6739735729055998
0.009896652963387181 0.7140487089461606
-0.004538566131658644 0.7441050609765812
0.009896652963387181 0.7441050609765812
-0.0911498807019336 0.7541238449867214
-0.10558509979697943 0.7741614130070018
-0.1488907570821169 0.784180197017142
-0.06227944251184195 0.8042177650374224
-0.047844223416796124 0.784180197017142
0.024331872058433006 0.784180197017142
-0.004538566131658644 0.734086276966441
-0.018973785226704468 0.7140487089461606
0.009896652963387181 0.734086276966441
0.009896652963387181 0.7541238449867214
0.024331872058433006 0.8242553330577028
-0.004538566131658644 0.8442929010779832
0.024331872058433006 0.834274117067843
-0.018973785226704468 0.8442929010779832
-0.004538566131658644 0.834274117067843
0.053202310248524655 0.8743492531084038
0.06763752934357048 0.834274117067843
0.06763752934357048 0.834274117067843
0.08207274843861631 0.7541238449867214
0.09650796753366213 0.734086276966441
0.06763752934357048 0.7541238449867214
0.09650796753366213 0.8142365490475626
0.09650796753366213 0.8643304690982636
0.12537840572375378 0.8643304690982636
0.12537840572375378 0.8543116850881234
0.08207274843861631 0.8643304690982636
0.09650796753366213 0.8643304690982636
0.12537840572375378 0.8743492531084038
0.16868406300889127 0.884368037118544
0.15424884391384544 0.8743492531084038
0.1398136248187996 0.8242553330577028
0.11094318662870796 0.8142365490475626
0.11094318662870796 0.8743492531084038
0.16868406300889127 0.9044056051388244
0.21198972029402874 0.9044056051388244
0.1975545011989829 0.8943868211286842
0.2408601584841204 0.8943868211286842
0.22642493938907457 0.884368037118544
0.16868406300889127 0.8743492531084038
0.16868406300889127 0.9044056051388244
0.21198972029402874 0.9244431731591048
0.2408601584841204 0.9044056051388244
0.28416581576925787 0.9044056051388244
0.2552953775791662 0.9244431731591048
0.26973059667421206 0.934461957169245
0.31303625395934953 0.9745370932098057
0.31303625395934953 1.0045934452402263
0.31303625395934953 1.0446685812807872
0.26973059667421206 1.0045934452402263
0.29860103486430367 0.9645183091996656
0.2552953775791662 0.9444807411793852
0.2552953775791662 0.9544995251895254
0.26973059667421206 0.9144243891489646
0.32747147305439533 0.9144243891489646
0.31303625395934953 0.934461957169245
0.3419066921494412 0.9044056051388244
0.3419066921494412 0.934461957169245
0.39964756852962446 0.9444807411793852
0.4285180067197161 0.9444807411793852
0.44295322581476193 0.934461957169245
0.3707771303395328 0.884368037118544
0.3419066921494412 0.884368037118544
0.29860103486430367 0.8743492531084038
0.31303625395934953 0.8442929010779832
0.356341911244487 0.8643304690982636
0.41408278762467027 0.8643304690982636
0.44295322581476193 0.8042177650374224
0.5006941021949453 0.7441050609765812
0.4862588830998994 0.734086276966441
0.5584349785751286 0.7240674929563008
0.5584349785751286 0.734086276966441
0.5728701976701743 0.7040299249360205
0.5584349785751286 0.6439172208751792
0.5295645403850369 0.5938233008244782
0.5006941021949453 0.5637669487940576
0.5295645403850369 0.5737857328041979
0.5584349785751286 0.5938233008244782
0.601740635860266 0.5136730287433566
0.5873054167652202 0.483616676712936
0.6450462931454035 0.42350397265209483
0.6306110740503577 0.40346640463181443
0.7027871695255868 0.3934476206216742
0.688351950430541 0.38342883661153404
0.6739167313354951 0.32331613255069286
0.688351950430541 0.2632034284898516
0.6161758549553118 0.24316586046957123
0.5873054167652202 0.283240996510132
0.6161758549553118 0.29325978052027224
0.6450462931454035 0.29325978052027224
0.7172223886206326 0.25318464447971145
0.7316576077156784 0.21310950843915064
0.7460928268107243 0.12294045234788885
0.7172223886206326 0.12294045234788885
0.8038337031909076 0.10290288432760845
0.8038337031909076 0.09288410031746826
0.7893984840958618 0.06282774828704765
0.7460928268107243 0.032771396256627054
0.7316576077156784 -0.007303739783933743
0.6450462931454035 -0.007303739783933743
0.6739167313354951 0.022752612246486857
0.6594815122404494 0.012733828236346657
0.6739167313354951 0.012733828236346657
0.7027871695255868 -0.007303739783933743
0.688351950430541 -0.027341307804214142
0.6161758549553118 -0.027341307804214142
0.6450462931454035 -0.007303739783933743
0.6450462931454035 0.022752612246486857
0.5873054167652202 0.04279018026676725
0.5006941021949453 0.052808964276907455
0.44295322581476193 0.04279018026676725
0.41408278762467027 0.04279018026676725
0.41408278762467027 0.022752612246486857
0.38521234943457866 0.052808964276907455
0.39964756852962446 0.04279018026676725
0.39964756852962446 0.022752612246486857
0.32747147305439533 0.012733828236346657
0.29860103486430367 0.032771396256627054
0.29860103486430367 0.07284653229718785
0.2552953775791662 0.08286531630732805
0.28416581576925787 0.11292166833774865
0.22642493938907457 0.11292166833774865
0.16868406300889127 0.13295923635802906
0.12537840572375378 0.14297802036816926
0.1398136248187996 0.16301558838844965
0.16868406300889127 0.18305315640873004
0.18311928210393708 0.18305315640873004
0.11094318662870796 0.14297802036816926
0.08207274843861631 0.13295923635802906
0.11094318662870796 0.15299680437830945
0.06763752934357048 0.16301558838844965
0.08207274843861631 0.20309072442901044
0.08207274843861631 0.23314707645943103
0.024331872058433006 0.24316586046957123
0.024331872058433006 0.21310950843915064
-0.06227944251184195 0.2632034284898516
-0.018973785226704468 0.283240996510132
-0.004538566131658644 0.29325978052027224
-0.03340900432175029 0.2632034284898516
-0.07671466160688777 0.22312829244929083
-0.06227944251184195 0.22312829244929083
-0.06227944251184195 0.19307194041887024
-0.03340900432175029 0.21310950843915064
-0.03340900432175029 0.2632034284898516
-0.018973785226704468 0.283240996510132
-0.06227944251184195 0.29325978052027224
-0.07671466160688777 0.29325978052027224
-0.10558509979697943 0.283240996510132
-0.12002031889202525 0.3533724845811134
-0.0911498807019336 0.3533724845811134
-0.0911498807019336 0.3734100526013938
-0.13445553798707108 0.33333491656083303
-0.1488907570821169 0.3032785645304124
-0.19219641436725438 0.33333491656083303
-0.1633259761771627 0.3734100526013938
-0.1488907570821169 0.40346640463181443
-0.0911498807019336 0.43352275666223505
-0.10558509979697943 0.43352275666223505
-0.1633259761771627 0.4134851886419546
-0.17776119527220854 0.40346640463181443
-0.23550207165239184 0.4134851886419546
-0.2066316334623002 0.40346640463181443
-0.22106685255734604 0.3934476206216742
-0.2788077289375293 0.36339126859125365
-0.35098382441275844 0.3734100526013938
-0.29324294803257517 0.40346640463181443
-0.2643725098424835 0.43352275666223505
-0.19219641436725438 0.4435415406723752
-0.19219641436725438 0.43352275666223505
-0.17776119527220854 0.43352275666223505
-0.24993729074743767 0.40346640463181443
-0.2788077289375293 0.3934476206216742
-0.30767816712762097 0.42350397265209483
-0.3221133862226668 0.42350397265209483
-0.3221133862226668 0.40346640463181443
-0.35098382441275844 0.4134851886419546
-0.3798542626028501 0.42350397265209483
-0.3798542626028501 0.4134851886419546
-0.3221133862226668 0.4134851886419546
-0.29324294803257517 0.40346640463181443
-0.30767816712762097 0.3734100526013938
-0.30767816712762097 0.31329734854055263
-0.35098382441275844 0.27322221249999185
-0.3942894816978959 0.29325978052027224
-0.40872470079294176 0.32331613255069286
-0.3654190435078043 0.33333491656083303
-0.3654190435078043 0.32331613255069286
-0.3654190435078043 0.31329734854055263
-0.40872470079294176 0.32331613255069286
-0.3942894816978959 0.3032785645304124
-0.3221133862226668 0.3032785645304124
-0.2788077289375293 0.33333491656083303
-0.29324294803257517 0.31329734854055263
-0.29324294803257517 0.3032785645304124
-0.3654190435078043 0.2632034284898516
-0.40872470079294176 0.27322221249999185
-0.3942894816978959 0.29325978052027224
-0.40872470079294176 0.32331613255069286
-0.40872470079294176 0.3032785645304124
-0.4375951389830334 0.283240996510132
-0.3942894816978959 0.25318464447971145
-0.3654190435078043 0.22312829244929083
-0.33654860531771263 0.20309072442901044
-0.29324294803257517 0.20309072442901044
-0.30767816712762097 0.21310950843915064
-0.33654860531771263 0.19307194041887024
-0.35098382441275844 0.16301558838844965
-0.3942894816978959 0.21310950843915064
-0.3654190435078043 0.24316586046957123
-0.29324294803257517 0.25318464447971145
-0.2643725098424835 0.2632034284898516
-0.2643725098424835 0.22312829244929083
-0.29324294803257517 0.19307194041887024
-0.29324294803257517 0.20309072442901044
-0.29324294803257517 0.22312829244929083
-0.2643725098424835 0.20309072442901044
-0.2643725098424835 0.17303437239858985
-0.24993729074743767 0.15299680437830945
-0.29324294803257517 0.13295923635802906
-0.30767816712762097 0.14297802036816926
-0.29324294803257517 0.14297802036816926
-0.24993729074743767 0.18305315640873004
-0.2643725098424835 0.19307194041887024
-0.23550207165239184 0.14297802036816926
-0.24993729074743767 0.14297802036816926
-0.2788077289375293 0.16301558838844965
-0.19219641436725438 0.20309072442901044
-0.1633259761771627 0.21310950843915064
-0.12002031889202525 0.25318464447971145
-0.12002031889202525 0.25318464447971145
-0.13445553798707108 0.22312829244929083
-0.1633259761771627 0.23314707645943103
-0.07671466160688777 0.27322221249999185
-0.004538566131658644 0.29325978052027224
0.03876709115347883 0.27322221249999185
0.09650796753366213 0.25318464447971145
0.09650796753366213 0.24316586046957123
0.09650796753366213 0.25318464447971145
0.11094318662870796 0.3032785645304124
0.16868406300889127 0.38342883661153404
0.16868406300889127 0.40346640463181443
0.15424884391384544 0.38342883661153404
0.08207274843861631 0.3734100526013938
0.08207274843861631 0.38342883661153404
0.06763752934357048 0.33333491656083303
0.08207274843861631 0.283240996510132
0.08207274843861631 0.19307194041887024
0.024331872058433006 0.11292166833774865
0.009896652963387181 0.06282774828704765
-0.018973785226704468 0.032771396256627054
0.009896652963387181 0.04279018026676725
0.009896652963387181 -0.027341307804214142
0.009896652963387181 -0.04737887582449454
-0.10558509979697943 -0.08745401186505533
-0.22106685255734604 -0.09747279587519554
-0.24993729074743767 -0.09747279587519554
-0.23550207165239184 -0.07743522785491513
-0.2066316334623002 -0.09747279587519554
-0.24993729074743767 -0.08745401186505533
-0.23550207165239184 -0.10749157988533574
-0.2643725098424835 -0.10749157988533574
-0.2643725098424835 -0.09747279587519554
-0.22106685255734604 -0.06741644384477494
-0.2066316334623002 -0.06741644384477494
-0.24993729074743767 -0.05739765983463474
-0.24993729074743767 -0.11751036389547594
-0.33654860531771263 -0.12752914790561615
-0.3654190435078043 -0.12752914790561615
-0.3654190435078043 -0.12752914790561615
-0.3654190435078043 -0.13754793191575634
-0.30767816712762097 -0.14756671592589654
-0.2643725098424835 -0.15758549993603674
-0.2788077289375293 -0.24775455602729854
-0.29324294803257517 -0.23773577201715831
-0.30767816712762097 -0.25777334003743874
-0.30767816712762097 -0.23773577201715831
-0.3798542626028501 -0.23773577201715831
-0.40872470079294176 -0.2878296920678593
-0.45203035807807923 -0.3379236121185603
-0.4809007962681709 -0.3178860440982799
-0.45203035807807923 -0.3178860440982799
-0.40872470079294176 -0.2677921240475789
-0.3942894816978959 -0.27781090805771913
-0.35098382441275844 -0.2677921240475789
-0.3942894816978959 -0.30786726008813975
-0.42315991988798757 -0.32790482810842014
-0.40872470079294176 -0.27781090805771913
-0.3942894816978959 -0.2677921240475789
-0.4375951389830334 -0.25777334003743874
-0.4375951389830334 -0.2677921240475789
-0.40872470079294176 -0.25777334003743874
-0.3654190435078043 -0.23773577201715831
-0.2788077289375293 -0.18764185196645733
-0.1633259761771627 -0.10749157988533574
-0.0911498807019336 -0.06741644384477494
-0.0911498807019336 -0.03736009181435434
-0.2066316334623002 -0.007303739783933743
-0.2066316334623002 0.002715044226206457
-0.24993729074743767 0.022752612246486857
-0.22106685255734604 0.052808964276907455
-0.2066316334623002 0.08286531630732805
-0.1633259761771627 0.11292166833774865
-0.17776119527220854 0.07284653229718785
-0.13445553798707108 0.12294045234788885
-0.07671466160688777 0.13295923635802906
-0.018973785226704468 0.15299680437830945
-0.004538566131658644 0.16301558838844965
0.009896652963387181 0.13295923635802906
-0.047844223416796124 0.11292166833774865
-0.07671466160688777 0.10290288432760845
-0.07671466160688777 0.12294045234788885
-0.03340900432175029 0.09288410031746826
-0.004538566131658644 0.10290288432760845
0.053202310248524655 0.07284653229718785
0.053202310248524655 0.07284653229718785
-0.004538566131658644 0.08286531630732805
0.024331872058433006 0.08286531630732805
0.09650796753366213 0.12294045234788885
0.06763752934357048 0.09288410031746826
0.053202310248524655 0.04279018026676725
-0.03340900432175029 0.09288410031746826
-0.03340900432175029 0.13295923635802906
-0.018973785226704468 0.16301558838844965
0.024331872058433006 0.18305315640873004
0.024331872058433006 0.18305315640873004
-0.018973785226704468 0.14297802036816926
-0.10558509979697943 0.10290288432760845
-0.19219641436725438 0.032771396256627054
-0.3221133862226668 -0.23773577201715831
-0.3798542626028501 -0.7386749725241682
-0.30767816712762097 -1.32978322912244
-0.24993729074743767 -1.9108727017105716
-0.13445553798707108 -2.5019809583088435
0.024331872058433006 -3.093089214907115
0.21198972029402874 -3.6140659834344055
0.38521234943457866 -4.084948831910995
0.5295645403850369 -4.465662624296322
0.5873054167652202 -4.686075872519407
0.7172223886206326 -4.7662261446005285
0.8038337031909076 -4.746188576580248
0.9914915514265034 -4.545812896377444
1.3379368097076032 -4.125023967951556
1.7854286016540237 -3.4136903032316015
2.2184851745053984 -2.491962174298703
2.5360599945964064 -1.5401776933353843
2.6226713091666816 -0.8188252446052899
2.5504952136914523 -0.36797996414898093
2.3917078036459483 -0.14756671592589654
2.175179517220261 0.022752612246486857
1.9297807926044819 0.15299680437830945
1.6122059725134739 0.20309072442901044
1.2801959333274198 0.283240996510132
0.9914915514265034 0.3734100526013938
0.7893984840958618 0.45356032468251545
0.5584349785751286 0.5537481647839174
0.38521234943457866 0.5437293807737772
0.26973059667421206 0.5637669487940576
0.18311928210393708 0.583804516814338
0.15424884391384544 0.6038420848346184
0.18311928210393708 0.5938233008244782
0.18311928210393708 0.6439172208751792
0.18311928210393708 0.6138608688447587
0.22642493938907457 0.6138608688447587
0.1975545011989829 0.6138608688447587
0.2408601584841204 0.6639547888954596
0.26973059667421206 0.6739735729055998
0.29860103486430367 0.6639547888954596
0.2408601584841204 0.6639547888954596
0.16868406300889127 0.6439172208751792
0.12537840572375378 0.6739735729055998
0.15424884391384544 0.7140487089461606
0.21198972029402874 0.7641426289968616
0.2552953775791662 0.7240674929563008
0.28416581576925787 0.734086276966441
0.28416581576925787 0.6940111409258802
0.28416581576925787 0.7140487089461606
0.3419066921494412 0.7240674929563008
0.3707771303395328 0.7441050609765812
0.29860103486430367 0.7541238449867214
0.29860103486430367 0.734086276966441
0.26973059667421206 0.734086276966441
0.31303625395934953 0.784180197017142
0.38521234943457866 0.784180197017142
0.41408278762467027 0.8142365490475626
0.39964756852962446 0.8543116850881234
0.44295322581476193 0.8042177650374224
0.3707771303395328 0.7641426289968616
0.38521234943457866 0.7441050609765812
0.39964756852962446 0.7541238449867214
0.4285180067197161 0.7541238449867214
0.4285180067197161 0.784180197017142
0.39964756852962446 0.784180197017142
0.3707771303395328 0.8042177650374224
0.41408278762467027 0.784180197017142
0.5006941021949453 0.8142365490475626
0.5728701976701743 0.834274117067843
0.6306110740503577 0.8042177650374224
0.6161758549553118 0.784180197017142
0.5295645403850369 0.7441050609765812
0.4718236640048536 0.784180197017142
0.4862588830998994 0.7941989810272821
0.5584349785751286 0.8142365490475626
0.5295645403850369 0.8442929010779832
0.5873054167652202 0.8442929010779832
0.5584349785751286 0.8643304690982636
0.601740635860266 0.8743492531084038
0.6161758549553118 0.8743492531084038
0.6594815122404494 0.8442929010779832
0.6594815122404494 0.8142365490475626
0.6594815122404494 0.7941989810272821
0.601740635860266 0.7941989810272821
0.5728701976701743 0.7941989810272821
0.5873054167652202 0.8242553330577028
0.6594815122404494 0.834274117067843
0.6739167313354951 0.8142365490475626
0.688351950430541 0.7641426289968616
0.688351950430541 0.7240674929563008
0.7172223886206326 0.68399235691574
0.7893984840958618 0.6739735729055998
0.7749632650008159 0.6639547888954596
0.7460928268107243 0.6739735729055998
0.7749632650008159 0.68399235691574
0.7460928268107243 0.6439172208751792
0.7316576077156784 0.6439172208751792
0.7316576077156784 0.6138608688447587
0.8038337031909076 0.6238796528548988
0.8038337031909076 0.5938233008244782
0.8038337031909076 0.5236918127534969
0.7749632650008159 0.4635791086926556
0.8038337031909076 0.45356032468251545
0.8760097986661367 0.4435415406723752
0.9048802368562283 0.43352275666223505
0.9193154559512742 0.4134851886419546
0.9193154559512742 0.38342883661153404
0.8615745795710908 0.3533724845811134
0.8471393604760451 0.3032785645304124
0.8471393604760451 0.27322221249999185
0.9048802368562283 0.22312829244929083
0.8904450177611826 0.22312829244929083
0.8904450177611826 0.19307194041887024
0.9048802368562283 0.17303437239858985
0.8615745795710908 0.18305315640873004
0.9048802368562283 0.20309072442901044
0.9481858941413658 0.20309072442901044
1.005926770521549 0.19307194041887024
0.9626211132364116 0.14297802036816926
0.9048802368562283 0.07284653229718785
0.8760097986661367 0.012733828236346657
0.8471393604760451 -0.01732252379407394
0.8615745795710908 -0.007303739783933743
0.8904450177611826 0.032771396256627054
0.9048802368562283 0.012733828236346657
0.93375067504632 0.012733828236346657
0.93375067504632 0.022752612246486857
0.9048802368562283 0.032771396256627054
0.93375067504632 0.04279018026676725
0.9048802368562283 0.022752612246486857
0.8471393604760451 -0.007303739783933743
0.7605280459057701 -0.007303739783933743
0.7027871695255868 -0.01732252379407394
0.688351950430541 0.022752612246486857
0.6594815122404494 0.052808964276907455
0.6594815122404494 0.08286531630732805
0.6594815122404494 0.052808964276907455
0.6450462931454035 0.04279018026676725
0.6161758549553118 0.052808964276907455
0.5728701976701743 0.07284653229718785
0.6161758549553118 0.08286531630732805
0.5439997594800827 0.08286531630732805
0.4285180067197161 0.11292166833774865
0.32747147305439533 0.052808964276907455
0.2408601584841204 0.04279018026676725
0.31303625395934953 0.07284653229718785
0.3419066921494412 0.09288410031746826
0.356341911244487 0.12294045234788885
0.29860103486430367 0.10290288432760845
0.29860103486430367 0.10290288432760845
0.26973059667421206 0.10290288432760845
0.28416581576925787 0.14297802036816926
0.21198972029402874 0.15299680437830945
0.21198972029402874 0.15299680437830945
0.12537840572375378 0.17303437239858985
0.08207274843861631 0.18305315640873004
0.06763752934357048 0.21310950843915064
0.06763752934357048 0.2632034284898516
0.15424884391384544 0.27322221249999185
0.16868406300889127 0.24316586046957123
0.15424884391384544 0.14297802036816926
0.1398136248187996 0.11292166833774865
0.11094318662870796 0.10290288432760845
0.15424884391384544 0.12294045234788885
0.08207274843861631 0.16301558838844965
0.03876709115347883 0.22312829244929083
0.06763752934357048 0.19307194041887024
-0.018973785226704468 0.21310950843915064
0.053202310248524655 0.21310950843915064
0.08207274843861631 0.21310950843915064
0.12537840572375378 0.23314707645943103
0.11094318662870796 0.23314707645943103
0.08207274843861631 0.22312829244929083
-0.004538566131658644 0.21310950843915064
-0.06227944251184195 0.25318464447971145
-0.047844223416796124 0.2632034284898516
-0.047844223416796124 0.3032785645304124
-0.06227944251184195 0.3032785645304124
-0.06227944251184195 0.283240996510132
-0.07671466160688777 0.2632034284898516
-0.0911498807019336 0.2632034284898516
-0.06227944251184195 0.3032785645304124
-0.06227944251184195 0.32331613255069286
-0.06227944251184195 0.33333491656083303
-0.07671466160688777 0.27322221249999185
-0.1488907570821169 0.2632034284898516
-0.17776119527220854 0.31329734854055263
-0.1633259761771627 0.33333491656083303
-0.1633259761771627 0.34335370057097325
-0.17776119527220854 0.38342883661153404
-0.1633259761771627 0.33333491656083303
-0.19219641436725438 0.283240996510132
-0.23550207165239184 0.283240996510132
-0.22106685255734604 0.32331613255069286
-0.2066316334623002 0.31329734854055263
-0.2066316334623002 0.32331613255069286
-0.24993729074743767 0.31329734854055263
-0.2788077289375293 0.29325978052027224
-0.29324294803257517 0.3032785645304124
-0.2643725098424835 0.3032785645304124
-0.24993729074743767 0.32331613255069286
-0.2643725098424835 0.3032785645304124
-0.30767816712762097 0.2632034284898516
-0.33654860531771263 0.24316586046957123
-0.3798542626028501 0.25318464447971145
-0.35098382441275844 0.3032785645304124
-0.29324294803257517 0.27322221249999185
-0.30767816712762097 0.27322221249999185
-0.2788077289375293 0.24316586046957123
-0.3221133862226668 0.22312829244929083
-0.35098382441275844 0.21310950843915064
-0.3221133862226668 0.22312829244929083
-0.3654190435078043 0.22312829244929083
-0.3654190435078043 0.18305315640873004
-0.33654860531771263 0.17303437239858985
-0.3798542626028501 0.15299680437830945
-0.3942894816978959 0.16301558838844965
-0.29324294803257517 0.17303437239858985
-0.2643725098424835 0.19307194041887024
-0.2643725098424835 0.22312829244929083
-0.30767816712762097 0.19307194041887024
-0.30767816712762097 0.15299680437830945
-0.3654190435078043 0.13295923635802906
-0.35098382441275844 0.11292166833774865
-0.3221133862226668 0.13295923635802906
-0.3221133862226668 0.13295923635802906
-0.3221133862226668 0.12294045234788885
-0.35098382441275844 0.10290288432760845
-0.33654860531771263 0.09288410031746826
-0.29324294803257517 0.12294045234788885
-0.24993729074743767 0.12294045234788885
-0.2643725098424835 0.08286531630732805
-0.24993729074743767 0.07284653229718785
-0.35098382441275844 0.07284653229718785
-0.3798542626028501 0.06282774828704765
-0.35098382441275844 0.08286531630732805
-0.29324294803257517 0.09288410031746826
-0.2788077289375293 0.12294045234788885
-0.22106685255734604 0.09288410031746826
-0.22106685255734604 0.09288410031746826
-0.23550207165239184 0.08286531630732805
-0.22106685255734604 0.10290288432760845
-0.22106685255734604 0.12294045234788885
-0.2066316334623002 0.15299680437830945
-0.2066316334623002 0.16301558838844965
-0.30767816712762097 0.14297802036816926
-0.29324294803257517 0.14297802036816926
-0.22106685255734604 0.16301558838844965
-0.12002031889202525 0.16301558838844965
-0.047844223416796124 0.15299680437830945
-0.06227944251184195 0.13295923635802906
-0.004538566131658644 0.13295923635802906
-0.018973785226704468 0.12294045234788885
0.009896652963387181 0.14297802036816926
0.053202310248524655 0.14297802036816926
0.06763752934357048 0.15299680437830945
0.009896652963387181 0.18305315640873004
-0.004538566131658644 0.21310950843915064
-0.07671466160688777 0.2632034284898516
-0.03340900432175029 0.32331613255069286
0.053202310248524655 0.36339126859125365
0.08207274843861631 0.34335370057097325
0.09650796753366213 0.283240996510132
0.053202310248524655 0.12294045234788885
-0.004538566131658644 0.002715044226206457
-0.03340900432175029 -0.08745401186505533
-0.07671466160688777 -0.12752914790561615
-0.12002031889202525 -0.12752914790561615
-0.10558509979697943 -0.16760428394617694
-0.17776119527220854 -0.20767941998673772
-0.2066316334623002 -0.15758549993603674
-0.2066316334623002 -0.14756671592589654
-0.19219641436725438 -0.15758549993603674
-0.23550207165239184 -0.15758549993603674
-0.24993729074743767 -0.17762306795631713
-0.30767816712762097 -0.21769820399687792
-0.33654860531771263 -0.21769820399687792
-0.35098382441275844 -0.17762306795631713
-0.3654190435078043 -0.17762306795631713
-0.42315991988798757 -0.17762306795631713
-0.42315991988798757 -0.20767941998673772
-0.46646557717312503 -0.23773577201715831
-0.4809007962681709 -0.19766063597659753
-0.45203035807807923 -0.19766063597659753
-0.42315991988798757 -0.20767941998673772
-0.3798542626028501 -0.20767941998673772
-0.4375951389830334 -0.25777334003743874
-0.46646557717312503 -0.27781090805771913
-0.5530768917434 -0.2677921240475789
-0.5242064535533083 -0.25777334003743874
-0.5242064535533083 -0.25777334003743874
-0.5386416726483542 -0.2978484760779995
-0.5675121108384459 -0.34794239612870054
-0.5675121108384459 -0.4080551001895417
-0.6108177681235833 -0.43811145221996234
-0.6108177681235833 -0.45814902024024273
-0.5963825490285375 -0.4681678042503829
-0.6108177681235833 -0.4781865882605231
-0.6108177681235833 -0.4681678042503829
-0.5963825490285375 -0.4781865882605231
-0.6541234254087208 -0.43811145221996234
-0.6685586445037666 -0.3980363161794015
-0.6108177681235833 -0.3980363161794015
-0.6252529872186291 -0.43811145221996234
-0.6252529872186291 -0.43811145221996234
-0.6829938635988124 -0.4481302362301025
-0.7262995208839499 -0.4681678042503829
-0.6685586445037666 -0.4280926682098221
-0.6252529872186291 -0.3880175321692613
-0.5819473299334916 -0.34794239612870054
-0.5530768917434 -0.3379236121185603
-0.4953360153632167 -0.3379236121185603
-0.5097712344582626 -0.30786726008813975
-0.46646557717312503 -0.24775455602729854
-0.46646557717312503 -0.23773577201715831
-0.4809007962681709 -0.18764185196645733
-0.4953360153632167 -0.20767941998673772
-0.4375951389830334 -0.14756671592589654
-0.45203035807807923 -0.09747279587519554
-0.3942894816978959 -0.03736009181435434
-0.3654190435078043 -0.01732252379407394
-0.24993729074743767 -0.01732252379407394
-0.3221133862226668 -0.04737887582449454
-0.3798542626028501 -0.07743522785491513
-0.42315991988798757 -0.05739765983463474
-0.3798542626028501 -0.05739765983463474
-0.3654190435078043 -0.04737887582449454
-0.3221133862226668 -0.01732252379407394
-0.3221133862226668 -0.007303739783933743
-0.29324294803257517 0.012733828236346657
-0.2788077289375293 0.012733828236346657
-0.24993729074743767 0.002715044226206457
-0.2066316334623002 0.012733828236346657
-0.1633259761771627 0.002715044226206457
-0.22106685255734604 -0.05739765983463474
-0.2788077289375293 -0.07743522785491513
-0.3798542626028501 -0.06741644384477494
-0.3798542626028501 -0.01732252379407394
-0.3654190435078043 0.032771396256627054
-0.33654860531771263 0.08286531630732805
-0.33654860531771263 0.06282774828704765
-0.3654190435078043 0.07284653229718785
-0.45203035807807923 0.10290288432760845
-0.5386416726483542 0.15299680437830945
-0.6685586445037666 0.10290288432760845
-0.8706517118344081 -0.19766063597659753
-1.0294391218799122 -0.8488815966357105
-1.1160504364501873 -1.5301589093252441
-1.0727447791650497 -2.1713610859742167
-0.9139573691195456 -2.83260083064347
-0.6829938635988124 -3.4637842232823024
-0.46646557717312503 -4.024836127850154
-0.29324294803257517 -4.525775328357164
-0.17776119527220854 -4.916507904752631
-0.0911498807019336 -5.126902368965576
0.009896652963387181 -5.2270902090669775
0.15424884391384544 -5.197033857036557
0.38521234943457866 -5.066789664904735
0.6450462931454035 -4.746188576580248
1.0492324278066867 -4.094967615921135
1.5400298770382446 -3.093089214907115
1.9875216689846653 -1.9008539177004313
2.2906612699806277 -0.9590882207472526
2.3628373654558565 -0.4180738841996819
2.2184851745053984 -0.19766063597659753
1.9297807926044819 -0.03736009181435434
1.525594657943199 0.07284653229718785
1.10697330418687 0.20309072442901044
0.7172223886206326 0.2632034284898516
0.4862588830998994 0.3734100526013938
0.22642493938907457 0.45356032468251545
0.009896652963387181 0.49363546072307624
-0.0911498807019336 0.49363546072307624
-0.13445553798707108 0.47359789270279584
-0.13445553798707108 0.49363546072307624
-0.13445553798707108 0.5136730287433566
-0.2066316334623002 0.533710596763637
-0.22106685255734604 0.5136730287433566
-0.24993729074743767 0.5537481647839174
-0.2643725098424835 0.5737857328041979
-0.22106685255734604 0.5938233008244782
-0.2066316334623002 0.6238796528548988
-0.13445553798707108 0.583804516814338
-0.17776119527220854 0.533710596763637
-0.17776119527220854 0.5537481647839174
-0.1633259761771627 0.6038420848346184
-0.13445553798707108 0.6739735729055998
-0.10558509979697943 0.7040299249360205
-0.13445553798707108 0.68399235691574
-0.1633259761771627 0.6539360048853194
-0.17776119527220854 0.6238796528548988
-0.1488907570821169 0.6138608688447587
-0.06227944251184195 0.6138608688447587
-0.018973785226704468 0.6639547888954596
-0.018973785226704468 0.6739735729055998
-0.047844223416796124 0.68399235691574
-0.047844223416796124 0.68399235691574
-0.004538566131658644 0.7140487089461606
0.024331872058433006 0.7240674929563008
0.024331872058433006 0.7040299249360205
0.024331872058433006 0.68399235691574
-0.03340900432175029 0.6539360048853194
-0.047844223416796124 0.68399235691574
-0.004538566131658644 0.6940111409258802
0.03876709115347883 0.7541238449867214
0.053202310248524655 0.7641426289968616
0.053202310248524655 0.7741614130070018
0.024331872058433006 0.734086276966441
0.03876709115347883 0.7541238449867214
0.03876709115347883 0.7541238449867214
0.053202310248524655 0.7741614130070018
0.053202310248524655 0.7941989810272821
0.09650796753366213 0.784180197017142
0.09650796753366213 0.7741614130070018
0.11094318662870796 0.7541238449867214
0.18311928210393708 0.7441050609765812
0.21198972029402874 0.7441050609765812
0.2408601584841204 0.8042177650374224
0.21198972029402874 0.8042177650374224
0.15424884391384544 0.7441050609765812
0.08207274843861631 0.7240674929563008
0.15424884391384544 0.7040299249360205
0.16868406300889127 0.7240674929563008
0.21198972029402874 0.7641426289968616
0.2552953775791662 0.7541238449867214
0.28416581576925787 0.7040299249360205
0.29860103486430367 0.68399235691574
0.32747147305439533 0.68399235691574
0.31303625395934953 0.6940111409258802
0.29860103486430367 0.6539360048853194
0.28416581576925787 0.6038420848346184
0.26973059667421206 0.5938233008244782
0.28416581576925787 0.5737857328041979
0.38521234943457866 0.5938233008244782
0.44295322581476193 0.5637669487940576
0.4573884449098078 0.5136730287433566
0.4718236640048536 0.4435415406723752
0.4573884449098078 0.38342883661153404
0.4285180067197161 0.34335370057097325
0.44295322581476193 0.3533724845811134
0.4573884449098078 0.34335370057097325
0.4862588830998994 0.31329734854055263
0.5151293212899911 0.25318464447971145
0.5584349785751286 0.20309072442901044
0.5439997594800827 0.17303437239858985
0.5873054167652202 0.17303437239858985
0.5728701976701743 0.18305315640873004
0.5873054167652202 0.15299680437830945
0.5728701976701743 0.11292166833774865
0.5584349785751286 0.06282774828704765
0.5873054167652202 0.06282774828704765
0.6306110740503577 0.032771396256627054
0.7027871695255868 0.002715044226206457
0.7172223886206326 -0.027341307804214142
0.6739167313354951 -0.08745401186505533
0.5873054167652202 -0.12752914790561615
0.5151293212899911 -0.12752914790561615
0.5295645403850369 -0.07743522785491513
0.5151293212899911 -0.07743522785491513
0.5584349785751286 -0.03736009181435434
0.5295645403850369 -0.05739765983463474
0.4573884449098078 -0.10749157988533574
0.44295322581476193 -0.07743522785491513
0.44295322581476193 -0.06741644384477494
0.44295322581476193 -0.027341307804214142
0.3707771303395328 -0.01732252379407394
0.32747147305439533 -0.01732252379407394
0.2552953775791662 -0.01732252379407394
0.1975545011989829 -0.007303739783933743
0.16868406300889127 0.002715044226206457
0.1975545011989829 0.032771396256627054
0.16868406300889127 0.04279018026676725
0.1398136248187996 0.012733828236346657
0.08207274843861631 0.012733828236346657
0.03876709115347883 0.052808964276907455
0.053202310248524655 0.09288410031746826
0.024331872058433006 0.14297802036816926
0.053202310248524655 0.14297802036816926
-0.07671466160688777 0.10290288432760845
-0.0911498807019336 0.06282774828704765
-0.0911498807019336 0.08286531630732805
-0.07671466160688777 0.10290288432760845
-0.0911498807019336 0.16301558838844965
-0.047844223416796124 0.19307194041887024
-0.0911498807019336 0.20309072442901044
-0.10558509979697943 0.21310950843915064
-0.1488907570821169 0.22312829244929083
-0.19219641436725438 0.18305315640873004
-0.17776119527220854 0.15299680437830945
-0.17776119527220854 0.18305315640873004
-0.17776119527220854 0.18305315640873004
-0.22106685255734604 0.23314707645943103
-0.22106685255734604 0.24316586046957123
-0.22106685255734604 0.29325978052027224
-0.2066316334623002 0.3032785645304124
-0.2066316334623002 0.3032785645304124
-0.24993729074743767 0.27322221249999185
-0.3221133862226668 0.27322221249999185
-0.33654860531771263 0.27322221249999185
-0.33654860531771263 0.31329734854055263
-0.3221133862226668 0.36339126859125365
-0.24993729074743767 0.36339126859125365
-0.24993729074743767 0.3734100526013938
-0.30767816712762097 0.33333491656083303
-0.33654860531771263 0.34335370057097325
-0.3798542626028501 0.33333491656083303
-0.4375951389830334 0.3533724845811134
-0.45203035807807923 0.38342883661153404
-0.40872470079294176 0.3533724845811134
-0.4375951389830334 0.36339126859125365
-0.42315991988798757 0.38342883661153404
-0.40872470079294176 0.3934476206216742
-0.3798542626028501 0.40346640463181443
-0.42315991988798757 0.3734100526013938
-0.45203035807807923 0.3533724845811134
-0.5097712344582626 0.3533724845811134
-0.5675121108384459 0.3934476206216742
-0.5675121108384459 0.40346640463181443
-0.46646557717312503 0.3934476206216742
-0.45203035807807923 0.38342883661153404
-0.4375951389830334 0.32331613255069286
-0.5097712344582626 0.29325978052027224
-0.5530768917434 0.2632034284898516
-0.5386416726483542 0.32331613255069286
-0.5675121108384459 0.32331613255069286
-0.5097712344582626 0.34335370057097325
-0.5242064535533083 0.33333491656083303
-0.5242064535533083 0.3032785645304124
-0.4953360153632167 0.25318464447971145
-0.4953360153632167 0.2632034284898516
-0.46646557717312503 0.24316586046957123
-0.5097712344582626 0.27322221249999185
-0.5242064535533083 0.27322221249999185
-0.5675121108384459 0.25318464447971145
-0.5963825490285375 0.24316586046957123
-0.5530768917434 0.23314707645943103
-0.45203035807807923 0.25318464447971145
-0.42315991988798757 0.21310950843915064
-0.42315991988798757 0.16301558838844965
-0.45203035807807923 0.14297802036816926
-0.5097712344582626 0.17303437239858985
-0.5097712344582626 0.22312829244929083
-0.4809007962681709 0.23314707645943103
-0.46646557717312503 0.23314707645943103
-0.46646557717312503 0.18305315640873004
-0.4953360153632167 0.14297802036816926
-0.4809007962681709 0.11292166833774865
-0.42315991988798757 0.14297802036816926
-0.40872470079294176 0.16301558838844965
-0.3654190435078043 0.16301558838844965
-0.40872470079294176 0.15299680437830945
-0.46646557717312503 0.14297802036816926
-0.45203035807807923 0.14297802036816926
-0.45203035807807923 0.19307194041887024
-0.40872470079294176 0.19307194041887024
-0.3942894816978959 0.21310950843915064
-0.35098382441275844 0.19307194041887024
-0.35098382441275844 0.17303437239858985
-0.33654860531771263 0.19307194041887024
-0.2788077289375293 0.24316586046957123
-0.2788077289375293 0.27322221249999185
-0.17776119527220854 0.283240996510132
-0.13445553798707108 0.3032785645304124
-0.19219641436725438 0.3032785645304124
-0.12002031889202525 0.27322221249999185
-0.0911498807019336 0.2632034284898516
-0.047844223416796124 0.2632034284898516
-0.018973785226704468 0.34335370057097325
-0.018973785226704468 0.3734100526013938
0.009896652963387181 0.40346640463181443
-0.03340900432175029 0.4635791086926556
-0.03340900432175029 0.5136730287433566
0.009896652963387181 0.4635791086926556
-0.018973785226704468 0.3734100526013938
-0.047844223416796124 0.19307194041887024
-0.13445553798707108 0.052808964276907455
-0.19219641436725438 0.002715044226206457
-0.2066316334623002 0.012733828236346657
-0.1633259761771627 0.032771396256627054
-0.19219641436725438 -0.01732252379407394
-0.22106685255734604 -0.07743522785491513
-0.33654860531771263 -0.08745401186505533
-0.3798542626028501 -0.09747279587519554
-0.42315991988798757 -0.08745401186505533
-0.4375951389830334 -0.08745401186505533
-0.40872470079294176 -0.11751036389547594
-0.40872470079294176 -0.13754793191575634
-0.4375951389830334 -0.15758549993603674
-0.42315991988798757 -0.13754793191575634
-0.3942894816978959 -0.12752914790561615
-0.3798542626028501 -0.13754793191575634
-0.42315991988798757 -0.15758549993603674
-0.46646557717312503 -0.19766063597659753
-0.5675121108384459 -0.22771698800701812
-0.5675121108384459 -0.24775455602729854
-0.5819473299334916 -0.19766063597659753
-0.5097712344582626 -0.20767941998673772
-0.4809007962681709 -0.19766063597659753
-0.46646557717312503 -0.22771698800701812
-0.5386416726483542 -0.3178860440982799
-0.5819473299334916 -0.3579611801388407
-0.5963825490285375 -0.3379236121185603
-0.6685586445037666 -0.3579611801388407
-0.6541234254087208 -0.3379236121185603
-0.6252529872186291 -0.36797996414898093
-0.6252529872186291 -0.3880175321692613
-0.6685586445037666 -0.36797996414898093
-0.5675121108384459 -0.32790482810842014
-0.5386416726483542 -0.34794239612870054
-0.5242064535533083 -0.32790482810842014
-0.5819473299334916 -0.34794239612870054
-0.5963825490285375 -0.34794239612870054
-0.6108177681235833 -0.30786726008813975
-0.5819473299334916 -0.2677921240475789
-0.5386416726483542 -0.22771698800701812
-0.4953360153632167 -0.21769820399687792
-0.3798542626028501 -0.17762306795631713
-0.3942894816978959 -0.14756671592589654
-0.30767816712762097 -0.09747279587519554
-0.29324294803257517 -0.01732252379407394
-0.29324294803257517 0.002715044226206457
-0.3221133862226668 -0.007303739783933743
-0.3654190435078043 0.012733828236346657
-0.3798542626028501 0.032771396256627054
-0.3798542626028501 0.052808964276907455
-0.30767816712762097 0.10290288432760845
-0.24993729074743767 0.11292166833774865
-0.22106685255734604 0.052808964276907455
-0.2066316334623002 0.04279018026676725
-0.22106685255734604 -0.007303739783933743
-0.24993729074743767 0.032771396256627054
-0.2066316334623002 0.07284653229718785
-0.19219641436725438 0.11292166833774865
-0.1633259761771627 0.13295923635802906
-0.17776119527220854 0.10290288432760845
-0.17776119527220854 0.07284653229718785
-0.1633259761771627 0.052808964276907455
-0.17776119527220854 0.032771396256627054
-0.1488907570821169 0.06282774828704765
-0.1488907570821169 0.06282774828704765
-0.1488907570821169 0.10290288432760845
-0.1488907570821169 0.15299680437830945
-0.22106685255734604 0.22312829244929083
-0.22106685255734604 0.3032785645304124
-0.22106685255734604 0.3032785645304124
-0.29324294803257517 0.283240996510132
-0.4375951389830334 0.24316586046957123
-0.5819473299334916 -0.05739765983463474
-0.6974290826938583 -0.6885810524734673
-0.7118643017889041 -1.4700462052644028
-0.5386416726483542 -2.271548926075619
-0.3654190435078043 -3.0429952948564143
-0.2066316334623002 -3.8645355836879105
-0.047844223416796124 -4.515756544347023
0.11094318662870796 -4.956583040793192
0.2408601584841204 -5.146939936985856
0.39964756852962446 -5.187015073026417
0.5584349785751286 -5.056770880894594
0.8182689222859534 -4.726151008559968
1.2368902760422824 -4.034854911860294
1.7709933825589779 -2.83260083064347
2.261790831790536 -1.5602152613556646
2.435013460931086 -0.5783744283619251
2.3484021463608107 -0.17762306795631713
2.160744298125215 0.002715044226206457
1.7854286016540237 0.09288410031746826
1.3812424669927406 0.15299680437830945
0.9914915514265034 0.2632034284898516
0.6594815122404494 0.38342883661153404
0.4573884449098078 0.533710596763637
0.2552953775791662 0.6038420848346184
0.11094318662870796 0.6038420848346184
0.009896652963387181 0.6138608688447587
-0.018973785226704468 0.6138608688447587
-0.018973785226704468 0.6238796528548988
-0.03340900432175029 0.6439172208751792
0.009896652963387181 0.633898436865039
0.009896652963387181 0.6439172208751792
0.024331872058433006 0.6639547888954596
0.08207274843861631 0.6739735729055998
0.03876709115347883 0.6940111409258802
0.08207274843861631 0.7040299249360205
0.024331872058433006 0.6739735729055998
0.024331872058433006 0.6539360048853194
-0.018973785226704468 0.7140487089461606
0.03876709115347883 0.7441050609765812
0.09650796753366213 0.784180197017142
0.18311928210393708 0.784180197017142
0.21198972029402874 0.7741614130070018
0.22642493938907457 0.734086276966441
0.1975545011989829 0.7240674929563008
0.15424884391384544 0.7641426289968616
0.16868406300889127 0.7541238449867214
0.11094318662870796 0.7641426289968616
0.15424884391384544 0.7541238449867214
0.18311928210393708 0.7140487089461606
0.16868406300889127 0.7441050609765812
0.2552953775791662 0.7641426289968616
0.31303625395934953 0.7541238449867214
0.3419066921494412 0.7541238449867214
0.29860103486430367 0.734086276966441
0.2552953775791662 0.7541238449867214
0.18311928210393708 0.7741614130070018
0.26973059667421206 0.8242553330577028
0.32747147305439533 0.8543116850881234
0.3707771303395328 0.884368037118544
0.39964756852962446 0.934461957169245
0.356341911244487 0.8743492531084038
0.356341911244487 0.8042177650374224
0.356341911244487 0.784180197017142
0.38521234943457866 0.8042177650374224
0.39964756852962446 0.7941989810272821
0.39964756852962446 0.7941989810272821
0.41408278762467027 0.784180197017142
0.38521234943457866 0.784180197017142
0.38521234943457866 0.8142365490475626
0.4573884449098078 0.8042177650374224
0.4718236640048536 0.7941989810272821
0.5006941021949453 0.7941989810272821
0.5006941021949453 0.784180197017142
0.5006941021949453 0.7941989810272821
0.5439997594800827 0.8042177650374224
0.5728701976701743 0.8142365490475626
0.5584349785751286 0.8042177650374224
0.5873054167652202 0.7641426289968616
0.5728701976701743 0.7040299249360205
0.5439997594800827 0.6639547888954596
0.5584349785751286 0.6439172208751792
0.6161758549553118 0.6439172208751792
0.6306110740503577 0.6439172208751792
0.6450462931454035 0.6238796528548988
0.6306110740503577 0.5537481647839174
0.688351950430541 0.533710596763637
0.7027871695255868 0.5236918127534969
0.7460928268107243 0.5036542447332164
0.7749632650008159 0.43352275666223505
0.7749632650008159 0.38342883661153404
0.7460928268107243 0.33333491656083303
0.7893984840958618 0.3533724845811134
0.7749632650008159 0.33333491656083303
0.8327041413809992 0.34335370057097325
0.7893984840958618 0.32331613255069286
0.7605280459057701 0.23314707645943103
0.7605280459057701 0.17303437239858985
0.7749632650008159 0.15299680437830945
0.7893984840958618 0.15299680437830945
0.8615745795710908 0.19307194041887024
0.9481858941413658 0.16301558838844965
0.93375067504632 0.12294045234788885
0.9193154559512742 0.04279018026676725
0.8904450177611826 0.022752612246486857
0.8904450177611826 0.012733828236346657
0.8760097986661367 0.022752612246486857
0.9048802368562283 0.002715044226206457
0.8327041413809992 -0.007303739783933743
0.8327041413809992 -0.03736009181435434
0.8471393604760451 -0.03736009181435434
0.8615745795710908 -0.007303739783933743
0.8904450177611826 0.022752612246486857
0.8471393604760451 -0.007303739783933743
0.7749632650008159 -0.007303739783933743
0.688351950430541 -0.007303739783933743
0.601740635860266 0.002715044226206457
0.5873054167652202 0.022752612246486857
0.5873054167652202 0.052808964276907455
0.601740635860266 0.07284653229718785
0.5728701976701743 0.07284653229718785
0.5295645403850369 0.06282774828704765
0.4718236640048536 0.06282774828704765
0.44295322581476193 0.10290288432760845
0.39964756852962446 0.13295923635802906
0.38521234943457866 0.12294045234788885
0.31303625395934953 0.13295923635802906
0.28416581576925787 0.11292166833774865
0.2552953775791662 0.13295923635802906
0.28416581576925787 0.16301558838844965
0.29860103486430367 0.18305315640873004
0.28416581576925787 0.16301558838844965
0.31303625395934953 0.15299680437830945
0.22642493938907457 0.14297802036816926
0.12537840572375378 0.13295923635802906
0.1398136248187996 0.17303437239858985
0.1398136248187996 0.22312829244929083
0.16868406300889127 0.25318464447971145
0.1398136248187996 0.22312829244929083
0.15424884391384544 0.23314707645943103
0.15424884391384544 0.2632034284898516
0.16868406300889127 0.3032785645304124
0.15424884391384544 0.31329734854055263
0.09650796753366213 0.27322221249999185
0.053202310248524655 0.22312829244929083
-0.018973785226704468 0.21310950843915064
-0.004538566131658644 0.21310950843915064
-0.004538566131658644 0.22312829244929083
0.03876709115347883 0.27322221249999185
0.11094318662870796 0.29325978052027224
0.11094318662870796 0.27322221249999185
0.053202310248524655 0.25318464447971145
0.03876709115347883 0.25318464447971145
0.053202310248524655 0.32331613255069286
0.009896652963387181 0.33333491656083303
0.009896652963387181 0.33333491656083303
-0.004538566131658644 0.34335370057097325
-0.06227944251184195 0.31329734854055263
-0.07671466160688777 0.33333491656083303
-0.06227944251184195 0.3533724845811134
-0.06227944251184195 0.33333491656083303
-0.047844223416796124 0.34335370057097325
-0.0911498807019336 0.3734100526013938
-0.1488907570821169 0.38342883661153404
-0.17776119527220854 0.38342883661153404
-0.19219641436725438 0.3734100526013938
-0.1488907570821169 0.3934476206216742
-0.1633259761771627 0.3734100526013938
-0.19219641436725438 0.31329734854055263
-0.23550207165239184 0.29325978052027224
-0.2066316334623002 0.27322221249999185
-0.2066316334623002 0.31329734854055263
-0.24993729074743767 0.36339126859125365
-0.24993729074743767 0.3734100526013938
-0.22106685255734604 0.34335370057097325
-0.23550207165239184 0.3032785645304124
-0.3221133862226668 0.3032785645304124
-0.3221133862226668 0.27322221249999185
-0.30767816712762097 0.31329734854055263
-0.2643725098424835 0.34335370057097325
-0.2643725098424835 0.33333491656083303
-0.2643725098424835 0.32331613255069286
-0.30767816712762097 0.283240996510132
-0.29324294803257517 0.2632034284898516
-0.29324294803257517 0.27322221249999185
-0.29324294803257517 0.24316586046957123
-0.3221133862226668 0.19307194041887024
-0.3654190435078043 0.13295923635802906
-0.3798542626028501 0.15299680437830945
-0.35098382441275844 0.19307194041887024
-0.3221133862226668 0.21310950843915064
-0.2788077289375293 0.21310950843915064
-0.24993729074743767 0.23314707645943103
-0.2788077289375293 0.20309072442901044
-0.29324294803257517 0.21310950843915064
-0.29324294803257517 0.22312829244929083
-0.2788077289375293 0.16301558838844965
-0.2788077289375293 0.18305315640873004
-0.3221133862226668 0.15299680437830945
-0.35098382441275844 0.14297802036816926
-0.3798542626028501 0.16301558838844965
-0.33654860531771263 0.21310950843915064
-0.2643725098424835 0.21310950843915064
-0.2788077289375293 0.22312829244929083
-0.2788077289375293 0.17303437239858985
-0.29324294803257517 0.15299680437830945
-0.3221133862226668 0.14297802036816926
-0.30767816712762097 0.16301558838844965
-0.29324294803257517 0.16301558838844965
-0.2788077289375293 0.17303437239858985
-0.2788077289375293 0.18305315640873004
-0.2643725098424835 0.15299680437830945
-0.22106685255734604 0.17303437239858985
-0.22106685255734604 0.18305315640873004
-0.1633259761771627 0.18305315640873004
-0.23550207165239184 0.19307194041887024
-0.2643725098424835 0.16301558838844965
-0.30767816712762097 0.14297802036816926
-0.35098382441275844 0.16301558838844965
-0.2643725098424835 0.20309072442901044
-0.2066316334623002 0.22312829244929083
-0.12002031889202525 0.24316586046957123
-0.07671466160688777 0.24316586046957123
-0.06227944251184195 0.22312829244929083
-0.06227944251184195 0.20309072442901044
-0.03340900432175029 0.22312829244929083
0.024331872058433006 0.22312829244929083
0.024331872058433006 0.24316586046957123
-0.03340900432175029 0.27322221249999185
-0.018973785226704468 0.3032785645304124
-0.06227944251184195 0.34335370057097325
0.03876709115347883 0.38342883661153404
0.053202310248524655 0.38342883661153404
0.09650796753366213 0.33333491656083303
0.03876709115347883 0.21310950843915064
-0.03340900432175029 0.09288410031746826
-0.06227944251184195 -0.027341307804214142
-0.0911498807019336 -0.06741644384477494
-0.10558509979697943 -0.05739765983463474
-0.12002031889202525 -0.07743522785491513
-0.19219641436725438 -0.07743522785491513
-0.17776119527220854 -0.10749157988533574
-0.22106685255734604 -0.10749157988533574
-0.24993729074743767 -0.10749157988533574
-0.2643725098424835 -0.10749157988533574
-0.30767816712762097 -0.13754793191575634
-0.30767816712762097 -0.15758549993603674
-0.42315991988798757 -0.18764185196645733
-0.40872470079294176 -0.16760428394617694
-0.40872470079294176 -0.14756671592589654
-0.42315991988798757 -0.15758549993603674
-0.4375951389830334 -0.14756671592589654
-0.40872470079294176 -0.18764185196645733
-0.45203035807807923 -0.20767941998673772
-0.46646557717312503 -0.20767941998673772
-0.46646557717312503 -0.20767941998673772
-0.4375951389830334 -0.20767941998673772
-0.5097712344582626 -0.19766063597659753
-0.4953360153632167 -0.22771698800701812
-0.5386416726483542 -0.25777334003743874
-0.5819473299334916 -0.27781090805771913
-0.6108177681235833 -0.2677921240475789
-0.5963825490285375 -0.24775455602729854
-0.5675121108384459 -0.27781090805771913
-0.5819473299334916 -0.32790482810842014
-0.639688206313675 -0.36797996414898093
-0.6829938635988124 -0.3579611801388407
-0.639688206313675 -0.3178860440982799
-0.6252529872186291 -0.2878296920678593
-0.5963825490285375 -0.27781090805771913
-0.6108177681235833 -0.2978484760779995
-0.6685586445037666 -0.34794239612870054
-0.6829938635988124 -0.3379236121185603
-0.6829938635988124 -0.30786726008813975
-0.6685586445037666 -0.2878296920678593
-0.6108177681235833 -0.27781090805771913
-0.5819473299334916 -0.25777334003743874
-0.5819473299334916 -0.27781090805771913
-0.5675121108384459 -0.2677921240475789
-0.4809007962681709 -0.24775455602729854
-0.4375951389830334 -0.20767941998673772
-0.3942894816978959 -0.14756671592589654
-0.42315991988798757 -0.15758549993603674
-0.4809007962681709 -0.13754793191575634
-0.4953360153632167 -0.09747279587519554
-0.45203035807807923 -0.01732252379407394
-0.3942894816978959 0.022752612246486857
-0.3798542626028501 0.032771396256627054
-0.35098382441275844 0.04279018026676725
-0.33654860531771263 0.052808964276907455
-0.3798542626028501 0.07284653229718785
-0.30767816712762097 0.08286531630732805
-0.30767816712762097 0.07284653229718785
-0.33654860531771263 0.06282774828704765
-0.33654860531771263 0.022752612246486857
-0.35098382441275844 0.022752612246486857
-0.30767816712762097 0.04279018026676725
-0.24993729074743767 0.08286531630732805
-0.1633259761771627 0.11292166833774865
-0.12002031889202525 0.09288410031746826
-0.13445553798707108 0.052808964276907455
-0.19219641436725438 0.012733828236346657
-0.23550207165239184 0.04279018026676725
-0.2643725098424835 0.052808964276907455
-0.24993729074743767 0.06282774828704765
-0.29324294803257517 0.09288410031746826
-0.3221133862226668 0.09288410031746826
-0.33654860531771263 0.10290288432760845
-0.33654860531771263 0.14297802036816926
-0.33654860531771263 0.13295923635802906
-0.42315991988798757 0.15299680437830945
-0.5819473299334916 0.07284653229718785
-0.7840403972641332 -0.23773577201715831
-0.9861334645947748 -0.7687313245545889
-1.0005686836898207 -1.429971069223842
-0.9283925882145915 -2.1012295979032354
-0.7262995208839499 -2.8025444786130493
-0.4809007962681709 -3.483821791302583
-0.30767816712762097 -4.135042751961696
-0.1488907570821169 -4.585888032418005
-0.06227944251184195 -4.85639520069179
0.06763752934357048 -4.976620608813473
0.1975545011989829 -4.966601824803332
0.31303625395934953 -4.87643276871207
0.44295322581476193 -4.706113440539688
0.7172223886206326 -4.275305728103659
1.10697330418687 -3.5038593593228633
1.597770753418428 -2.4518870382581426
2.0596977644598944 -1.4600274212542625
2.261790831790536 -0.7887688925748693
2.2184851745053984 -0.4280926682098221
2.016392107174757 -0.18764185196645733
1.684382067988703 -0.027341307804214142
1.3235015906125573 0.14297802036816926
0.8471393604760451 0.24316586046957123
0.5439997594800827 0.3734100526013938
0.28416581576925787 0.4435415406723752
0.11094318662870796 0.49363546072307624
-0.018973785226704468 0.5036542447332164
-0.047844223416796124 0.5437293807737772
-0.06227944251184195 0.5637669487940576
-0.0911498807019336 0.5136730287433566
-0.13445553798707108 0.5236918127534969
-0.1488907570821169 0.5537481647839174
-0.1633259761771627 0.5637669487940576
-0.2066316334623002 0.6238796528548988
-0.12002031889202525 0.6439172208751792
-0.10558509979697943 0.6439172208751792
-0.10558509979697943 0.6238796528548988
-0.12002031889202525 0.6038420848346184
-0.12002031889202525 0.5938233008244782
-0.12002031889202525 0.633898436865039
-0.06227944251184195 0.6739735729055998
-0.06227944251184195 0.6940111409258802
-0.07671466160688777 0.6639547888954596
-0.1488907570821169 0.6639547888954596
-0.1488907570821169 0.6940111409258802
-0.0911498807019336 0.734086276966441
-0.06227944251184195 0.734086276966441
-0.07671466160688777 0.7240674929563008
-0.03340900432175029 0.6639547888954596
-0.07671466160688777 0.6639547888954596
-0.06227944251184195 0.6739735729055998
-0.06227944251184195 0.7240674929563008
-0.004538566131658644 0.7441050609765812
0.03876709115347883 0.7541238449867214
0.024331872058433006 0.7240674929563008
-0.03340900432175029 0.6639547888954596
-0.07671466160688777 0.7040299249360205
-0.03340900432175029 0.7240674929563008
0.009896652963387181 0.7441050609765812
0.03876709115347883 0.7641426289968616
0.03876709115347883 0.7541238449867214
0.053202310248524655 0.7441050609765812
0.053202310248524655 0.7441050609765812
0.09650796753366213 0.7541238449867214
0.06763752934357048 0.7641426289968616
0.08207274843861631 0.7541238449867214
0.03876709115347883 0.734086276966441
0.03876709115347883 0.7040299249360205
-0.018973785226704468 0.7140487089461606
0.024331872058433006 0.7541238449867214
0.08207274843861631 0.7741614130070018
0.11094318662870796 0.784180197017142
0.15424884391384544 0.7441050609765812
0.15424884391384544 0.7441050609765812
0.15424884391384544 0.7441050609765812
0.15424884391384544 0.734086276966441
0.12537840572375378 0.7541238449867214
0.1398136248187996 0.7641426289968616
0.1398136248187996 0.734086276966441
0.12537840572375378 0.7140487089461606
0.12537840572375378 0.7240674929563008
0.1975545011989829 0.7240674929563008
0.21198972029402874 0.7641426289968616
0.26973059667421206 0.7541238449867214
0.2552953775791662 0.68399235691574
0.2408601584841204 0.6639547888954596
0.1975545011989829 0.6739735729055998
0.21198972029402874 0.6539360048853194
0.22642493938907457 0.633898436865039
0.22642493938907457 0.6238796528548988
0.28416581576925787 0.583804516814338
0.26973059667421206 0.5637669487940576
0.31303625395934953 0.533710596763637
0.3707771303395328 0.5036542447332164
0.3707771303395328 0.49363546072307624
0.38521234943457866 0.42350397265209483
0.356341911244487 0.36339126859125365
0.29860103486430367 0.33333491656083303
0.26973059667421206 0.29325978052027224
0.3419066921494412 0.31329734854055263
0.356341911244487 0.32331613255069286
0.39964756852962446 0.2632034284898516
0.4285180067197161 0.24316586046957123
0.4573884449098078 0.13295923635802906
0.4862588830998994 0.12294045234788885
0.4862588830998994 0.13295923635802906
0.5006941021949453 0.13295923635802906
0.4862588830998994 0.13295923635802906
0.44295322581476193 0.11292166833774865
0.41408278762467027 0.04279018026676725
0.4285180067197161 0.022752612246486857
0.4718236640048536 0.04279018026676725
0.5006941021949453 0.012733828236346657
0.5151293212899911 0.002715044226206457
0.5295645403850369 -0.05739765983463474
0.4573884449098078 -0.07743522785491513
0.41408278762467027 -0.07743522785491513
0.38521234943457866 -0.01732252379407394
0.41408278762467027 -0.04737887582449454
0.4573884449098078 -0.07743522785491513
0.4285180067197161 -0.08745401186505533
0.39964756852962446 -0.10749157988533574
0.38521234943457866 -0.10749157988533574
0.356341911244487 -0.08745401186505533
0.3419066921494412 -0.07743522785491513
0.31303625395934953 -0.04737887582449454
0.26973059667421206 -0.027341307804214142
0.1975545011989829 -0.05739765983463474
0.12537840572375378 -0.08745401186505533
0.08207274843861631 -0.05739765983463474
0.09650796753366213 -0.01732252379407394
0.09650796753366213 -0.027341307804214142
0.06763752934357048 -0.01732252379407394
-0.018973785226704468 -0.01732252379407394
-0.07671466160688777 -0.01732252379407394
-0.07671466160688777 0.012733828236346657
-0.07671466160688777 0.052808964276907455
-0.12002031889202525 0.06282774828704765
-0.13445553798707108 0.06282774828704765
-0.22106685255734604 0.06282774828704765
-0.22106685255734604 0.032771396256627054
-0.17776119527220854 0.06282774828704765
-0.19219641436725438 0.08286531630732805
-0.17776119527220854 0.08286531630732805
-0.19219641436725438 0.08286531630732805
-0.24993729074743767 0.08286531630732805
-0.2643725098424835 0.09288410031746826
-0.2643725098424835 0.17303437239858985
-0.29324294803257517 0.18305315640873004
-0.29324294803257517 0.21310950843915064
-0.3221133862226668 0.16301558838844965
-0.3654190435078043 0.18305315640873004
-0.3942894816978959 0.18305315640873004
-0.3654190435078043 0.19307194041887024
-0.35098382441275844 0.24316586046957123
-0.35098382441275844 0.25318464447971145
-0.33654860531771263 0.24316586046957123
-0.3798542626028501 0.25318464447971145
-0.4809007962681709 0.23314707645943103
-0.4375951389830334 0.24316586046957123
-0.4375951389830334 0.24316586046957123
-0.4809007962681709 0.2632034284898516
-0.45203035807807923 0.2632034284898516
-0.5097712344582626 0.29325978052027224
-0.5097712344582626 0.3032785645304124
-0.46646557717312503 0.3734100526013938
-0.4809007962681709 0.3533724845811134
-0.5386416726483542 0.32331613255069286
-0.5386416726483542 0.29325978052027224
-0.6252529872186291 0.22312829244929083
-0.6541234254087208 0.24316586046957123
-0.639688206313675 0.29325978052027224
-0.5819473299334916 0.32331613255069286
-0.5386416726483542 0.32331613255069286
-0.5242064535533083 0.29325978052027224
-0.5675121108384459 0.283240996510132
-0.6252529872186291 0.283240996510132
-0.6108177681235833 0.32331613255069286
-0.6541234254087208 0.29325978052027224
-0.6974290826938583 0.32331613255069286
-0.6541234254087208 0.283240996510132
-0.6685586445037666 0.27322221249999185
-0.6685586445037666 0.33333491656083303
-0.639688206313675 0.33333491656083303
-0.5963825490285375 0.33333491656083303
-0.6108177681235833 0.33333491656083303
-0.6252529872186291 0.29325978052027224
-0.6974290826938583 0.23314707645943103
-0.7262995208839499 0.24316586046957123
-0.7840403972641332 0.25318464447971145
-0.7118643017889041 0.29325978052027224
-0.6541234254087208 0.25318464447971145
-0.6541234254087208 0.25318464447971145
-0.6685586445037666 0.19307194041887024
-0.7118643017889041 0.20309072442901044
-0.6829938635988124 0.23314707645943103
-0.6685586445037666 0.22312829244929083
-0.7118643017889041 0.23314707645943103
-0.7551699590740416 0.18305315640873004
-0.7551699590740416 0.14297802036816926
-0.7262995208839499 0.15299680437830945
-0.6974290826938583 0.16301558838844965
-0.639688206313675 0.19307194041887024
-0.5819473299334916 0.17303437239858985
-0.6541234254087208 0.18305315640873004
-0.6685586445037666 0.16301558838844965
-0.6974290826938583 0.14297802036816926
-0.6829938635988124 0.14297802036816926
-0.6252529872186291 0.15299680437830945
-0.5819473299334916 0.11292166833774865
-0.639688206313675 0.11292166833774865
-0.639688206313675 0.10290288432760845
-0.6108177681235833 0.12294045234788885
-0.6252529872186291 0.11292166833774865
-0.6252529872186291 0.14297802036816926
-0.5530768917434 0.15299680437830945
-0.5963825490285375 0.13295923635802906
-0.5963825490285375 0.10290288432760845
-0.6252529872186291 0.08286531630732805
-0.5963825490285375 0.14297802036816926
-0.5819473299334916 0.17303437239858985
-0.4809007962681709 0.16301558838844965
-0.4953360153632167 0.20309072442901044
-0.5242064535533083 0.21310950843915064
-0.4953360153632167 0.23314707645943103
-0.45203035807807923 0.25318464447971145
-0.40872470079294176 0.24316586046957123
-0.35098382441275844 0.22312829244929083
-0.35098382441275844 0.19307194041887024
-0.33654860531771263 0.17303437239858985
-0.30767816712762097 0.25318464447971145
-0.30767816712762097 0.32331613255069286
-0.24993729074743767 0.40346640463181443
-0.22106685255734604 0.4134851886419546
-0.23550207165239184 0.3934476206216742
-0.3221133862226668 0.2632034284898516
-0.3942894816978959 0.11292166833774865
-0.40872470079294176 0.022752612246486857
-0.3942894816978959 -0.04737887582449454
-0.3942894816978959 -0.08745401186505533
-0.3654190435078043 -0.10749157988533574
-0.42315991988798757 -0.14756671592589654
-0.5097712344582626 -0.15758549993603674
-0.5242064535533083 -0.14756671592589654
-0.5530768917434 -0.13754793191575634
-0.5819473299334916 -0.15758549993603674
-0.6541234254087208 -0.17762306795631713
-0.7118643017889041 -0.19766063597659753
-0.7262995208839499 -0.18764185196645733
-0.7262995208839499 -0.14756671592589654
-0.6541234254087208 -0.14756671592589654
-0.6252529872186291 -0.14756671592589654
-0.6829938635988124 -0.20767941998673772
-0.7262995208839499 -0.21769820399687792
-0.7984756163591791 -0.24775455602729854
-0.8129108354542248 -0.23773577201715831
-0.7840403972641332 -0.21769820399687792
-0.8562164927393623 -0.22771698800701812
-0.7984756163591791 -0.25777334003743874
-0.8562164927393623 -0.2978484760779995
-0.8273460545492707 -0.3379236121185603
-0.8129108354542248 -0.2978484760779995
-0.8417812736443165 -0.3178860440982799
-0.9139573691195456 -0.2978484760779995
-0.9716982454997289 -0.3379236121185603
-0.9716982454997289 -0.3980363161794015
-1.0005686836898207 -0.4080551001895417
-0.9428278073096373 -0.3880175321692613
-0.8995221500244999 -0.32790482810842014
-0.8417812736443165 -0.30786726008813975
-0.8562164927393623 -0.3178860440982799
-0.8417812736443165 -0.3579611801388407
-0.8995221500244999 -0.3379236121185603
-0.9283925882145915 -0.30786726008813975
-0.9283925882145915 -0.25777334003743874
-0.8562164927393623 -0.23773577201715831
-0.8129108354542248 -0.22771698800701812
-0.7551699590740416 -0.21769820399687792
-0.6685586445037666 -0.19766063597659753
-0.639688206313675 -0.15758549993603674
-0.6252529872186291 -0.10749157988533574
-0.639688206313675 -0.06741644384477494
-0.6974290826938583 -0.04737887582449454
-0.6974290826938583 0.012733828236346657
-0.7118643017889041 0.04279018026676725
-0.639688206313675 0.052808964276907455
-0.5675121108384459 0.07284653229718785
-0.5242064535533083 0.04279018026676725
-0.5097712344582626 0.002715044226206457
-0.5530768917434 -0.04737887582449454
-0.5242064535533083 -0.01732252379407394
-0.4953360153632167 0.002715044226206457
-0.5097712344582626 0.04279018026676725
-0.5386416726483542 0.08286531630732805
-0.4953360153632167 0.07284653229718785
-0.5097712344582626 0.012733828236346657
-0.4953360153632167 0.032771396256627054
-0.46646557717312503 0.012733828236346657
-0.40872470079294176 0.032771396256627054
-0.45203035807807923 0.022752612246486857
-0.4375951389830334 0.04279018026676725
-0.46646557717312503 0.11292166833774865
-0.5386416726483542 0.15299680437830945
-0.5386416726483542 0.22312829244929083
-0.5675121108384459 0.24316586046957123
-0.6685586445037666 0.3032785645304124
-0.8417812736443165 0.3533724845811134
-1.0583095600700039 0.2632034284898516
-1.1882265319254164 -0.13754793191575634
-1.2604026274006455 -0.8789379486661311
-1.1593560937353247 -1.6503843174469264
-1.0727447791650497 -2.4518870382581426
-0.8995221500244999 -3.283446111099779
-0.7696051781690874 -4.034854911860294
-0.6108177681235833 -4.646000736478846
-0.4375951389830334 -5.006676960843893
-0.23550207165239184 -5.187015073026417
-0.07671466160688777 -5.176996289016277
0.1398136248187996 -5.086827232925015
0.4285180067197161 -4.7762449286106685
0.8471393604760451 -4.044873695870434
1.3956776860877864 -2.9628450227752925
1.8864751353193445 -1.7004782374976275
2.103003421745032 -0.7587125405444487
2.0308273262698027 -0.27781090805771913
1.7998638207490696 -0.07743522785491513
1.4678537815630155 0.052808964276907455
1.1647141805670531 0.16301558838844965
0.8038337031909076 0.23314707645943103
0.4862588830998994 0.34335370057097325
0.22642493938907457 0.42350397265209483
0.024331872058433006 0.49363546072307624
-0.1488907570821169 0.49363546072307624
-0.23550207165239184 0.5036542447332164
-0.2788077289375293 0.483616676712936
-0.3221133862226668 0.49363546072307624
-0.33654860531771263 0.5236918127534969
-0.33654860531771263 0.5236918127534969
-0.30767816712762097 0.5437293807737772
-0.29324294803257517 0.5737857328041979
-0.22106685255734604 0.6038420848346184
-0.2066316334623002 0.6138608688447587
-0.23550207165239184 0.5938233008244782
-0.2643725098424835 0.5938233008244782
-0.30767816712762097 0.6038420848346184
-0.2643725098424835 0.6539360048853194
-0.24993729074743767 0.6639547888954596
-0.2066316334623002 0.6739735729055998
-0.17776119527220854 0.68399235691574
-0.17776119527220854 0.6539360048853194
-0.19219641436725438 0.6539360048853194
-0.13445553798707108 0.6138608688447587
-0.12002031889202525 0.6539360048853194
-0.12002031889202525 0.68399235691574
-0.19219641436725438 0.6639547888954596
-0.2066316334623002 0.6539360048853194
-0.19219641436725438 0.6639547888954596
-0.17776119527220854 0.68399235691574
-0.1488907570821169 0.7140487089461606
-0.06227944251184195 0.7240674929563008
-0.03340900432175029 0.6639547888954596
-0.07671466160688777 0.6539360048853194
-0.0911498807019336 0.6539360048853194
-0.07671466160688777 0.68399235691574
-0.10558509979697943 0.7040299249360205
-0.0911498807019336 0.7140487089461606
-0.0911498807019336 0.7240674929563008
-0.10558509979697943 0.734086276966441
-0.06227944251184195 0.7441050609765812
-0.018973785226704468 0.7541238449867214
0.053202310248524655 0.7240674929563008
0.053202310248524655 0.7441050609765812
0.06763752934357048 0.7140487089461606
0.009896652963387181 0.6940111409258802
-0.03340900432175029 0.734086276966441
-0.004538566131658644 0.7741614130070018
0.053202310248524655 0.7741614130070018
0.08207274843861631 0.8042177650374224
0.08207274843861631 0.7641426289968616
0.053202310248524655 0.7541238449867214
0.06763752934357048 0.7541238449867214
0.11094318662870796 0.7741614130070018
0.1398136248187996 0.7741614130070018
0.1398136248187996 0.7541238449867214
0.15424884391384544 0.7641426289968616
0.15424884391384544 0.734086276966441
0.12537840572375378 0.7040299249360205
0.15424884391384544 0.7140487089461606
0.22642493938907457 0.6940111409258802
0.26973059667421206 0.6539360048853194
0.28416581576925787 0.633898436865039
0.26973059667421206 0.6038420848346184
0.2552953775791662 0.5637669487940576
0.29860103486430367 0.5938233008244782
0.31303625395934953 0.5938233008244782
0.32747147305439533 0.583804516814338
0.29860103486430367 0.5437293807737772
0.28416581576925787 0.5136730287433566
0.26973059667421206 0.483616676712936
0.29860103486430367 0.483616676712936
0.31303625395934953 0.4635791086926556
0.356341911244487 0.4134851886419546
0.356341911244487 0.3533724845811134
0.3419066921494412 0.3032785645304124
0.356341911244487 0.25318464447971145
0.38521234943457866 0.2632034284898516
0.4285180067197161 0.25318464447971145
0.44295322581476193 0.24316586046957123
0.44295322581476193 0.17303437239858985
0.41408278762467027 0.13295923635802906
0.4285180067197161 0.08286531630732805
0.44295322581476193 0.07284653229718785
0.4573884449098078 0.09288410031746826
0.4862588830998994 0.07284653229718785
0.5439997594800827 0.012733828236346657
0.5295645403850369 0.032771396256627054
0.5439997594800827 0.04279018026676725
0.5439997594800827 0.012733828236346657
0.5151293212899911 -0.01732252379407394
0.5584349785751286 -0.08745401186505533
0.4862588830998994 -0.14756671592589654
0.44295322581476193 -0.19766063597659753
0.4285180067197161 -0.16760428394617694
0.4285180067197161 -0.14756671592589654
0.4862588830998994 -0.11751036389547594
0.5439997594800827 -0.10749157988533574
0.5295645403850369 -0.10749157988533574
0.4718236640048536 -0.13754793191575634
0.38521234943457866 -0.13754793191575634
0.38521234943457866 -0.12752914790561615
0.38521234943457866 -0.09747279587519554
0.32747147305439533 -0.11751036389547594
0.29860103486430367 -0.12752914790561615
0.2552953775791662 -0.10749157988533574
0.21198972029402874 -0.09747279587519554
0.22642493938907457 -0.05739765983463474
0.26973059667421206 -0.04737887582449454
0.26973059667421206 -0.04737887582449454
0.1975545011989829 -0.06741644384477494
0.15424884391384544 -0.07743522785491513
0.024331872058433006 -0.07743522785491513
-0.004538566131658644 -0.04737887582449454
0.009896652963387181 0.002715044226206457
-0.047844223416796124 0.022752612246486857
-0.047844223416796124 0.022752612246486857
-0.06227944251184195 0.032771396256627054
-0.06227944251184195 0.04279018026676725
-0.047844223416796124 0.06282774828704765
-0.018973785226704468 0.07284653229718785
-0.03340900432175029 0.09288410031746826
-0.0911498807019336 0.07284653229718785
-0.13445553798707108 0.022752612246486857
-0.22106685255734604 0.012733828236346657
-0.24993729074743767 0.04279018026676725
-0.22106685255734604 0.10290288432760845
-0.2066316334623002 0.11292166833774865
-0.1633259761771627 0.15299680437830945
-0.19219641436725438 0.16301558838844965
-0.17776119527220854 0.12294045234788885
-0.1633259761771627 0.12294045234788885
-0.19219641436725438 0.10290288432760845
-0.19219641436725438 0.12294045234788885
-0.2788077289375293 0.14297802036816926
-0.29324294803257517 0.14297802036816926
-0.35098382441275844 0.16301558838844965
-0.30767816712762097 0.18305315640873004
-0.22106685255734604 0.22312829244929083
-0.2643725098424835 0.24316586046957123
-0.24993729074743767 0.19307194041887024
-0.30767816712762097 0.20309072442901044
-0.30767816712762097 0.19307194041887024
-0.33654860531771263 0.23314707645943103
-0.3221133862226668 0.27322221249999185
-0.3654190435078043 0.29325978052027224
-0.4375951389830334 0.27322221249999185
-0.42315991988798757 0.2632034284898516
-0.3942894816978959 0.27322221249999185
-0.3798542626028501 0.283240996510132
-0.3798542626028501 0.27322221249999185
-0.30767816712762097 0.283240996510132
-0.3221133862226668 0.25318464447971145
-0.3654190435078043 0.27322221249999185
-0.3942894816978959 0.29325978052027224
-0.45203035807807923 0.31329734854055263
-0.46646557717312503 0.3533724845811134
-0.42315991988798757 0.32331613255069286
-0.42315991988798757 0.31329734854055263
-0.46646557717312503 0.25318464447971145
-0.4953360153632167 0.25318464447971145
-0.46646557717312503 0.24316586046957123
-0.4375951389830334 0.283240996510132
-0.42315991988798757 0.25318464447971145
-0.42315991988798757 0.23314707645943103
-0.46646557717312503 0.22312829244929083
-0.4809007962681709 0.23314707645943103
-0.5097712344582626 0.27322221249999185
-0.45203035807807923 0.3032785645304124
-0.4375951389830334 0.283240996510132
-0.4953360153632167 0.25318464447971145
-0.4809007962681709 0.21310950843915064
-0.5530768917434 0.22312829244929083
-0.5675121108384459 0.23314707645943103
-0.4809007962681709 0.25318464447971145
-0.4375951389830334 0.2632034284898516
-0.4375951389830334 0.25318464447971145
-0.45203035807807923 0.21310950843915064
-0.4809007962681709 0.23314707645943103
-0.4809007962681709 0.21310950843915064
-0.46646557717312503 0.15299680437830945
-0.4809007962681709 0.11292166833774865
-0.45203035807807923 0.07284653229718785
-0.4953360153632167 0.04279018026676725
-0.5386416726483542 0.032771396256627054
-0.45203035807807923 0.08286531630732805
-0.42315991988798757 0.13295923635802906
-0.3942894816978959 0.11292166833774865
-0.3798542626028501 0.12294045234788885
-0.45203035807807923 0.09288410031746826
-0.4809007962681709 0.10290288432760845
-0.4809007962681709 0.11292166833774865
-0.4809007962681709 0.13295923635802906
-0.4953360153632167 0.11292166833774865
-0.45203035807807923 0.07284653229718785
-0.46646557717312503 0.022752612246486857
-0.42315991988798757 0.032771396256627054
-0.4375951389830334 0.052808964276907455
-0.33654860531771263 0.07284653229718785
-0.3221133862226668 0.052808964276907455
-0.3942894816978959 0.04279018026676725
-0.42315991988798757 0.04279018026676725
-0.4809007962681709 0.012733828236346657
-0.4375951389830334 0.012733828236346657
-0.45203035807807923 0.04279018026676725
-0.42315991988798757 0.032771396256627054
-0.3798542626028501 0.052808964276907455
-0.3942894816978959 0.012733828236346657
-0.3798542626028501 0.052808964276907455
-0.3221133862226668 0.09288410031746826
-0.3221133862226668 0.13295923635802906
-0.35098382441275844 0.12294045234788885
-0.40872470079294176 0.07284653229718785
-0.40872470079294176 0.09288410031746826
-0.42315991988798757 0.12294045234788885
-0.3654190435078043 0.13295923635802906
-0.33654860531771263 0.19307194041887024
-0.24993729074743767 0.17303437239858985
-0.22106685255734604 0.11292166833774865
-0.2066316334623002 0.09288410031746826
-0.22106685255734604 0.09288410031746826
-0.19219641436725438 0.08286531630732805
-0.13445553798707108 0.12294045234788885
-0.0911498807019336 0.12294045234788885
-0.10558509979697943 0.14297802036816926
-0.2066316334623002 0.19307194041887024
-0.1488907570821169 0.21310950843915064
-0.13445553798707108 0.2632034284898516
-0.0911498807019336 0.27322221249999185
-0.03340900432175029 0.24316586046957123
-0.018973785226704468 0.16301558838844965
-0.0911498807019336 0.09288410031746826
-0.1488907570821169 0.012733828236346657
-0.1633259761771627 -0.05739765983463474
-0.17776119527220854 -0.09747279587519554
-0.17776119527220854 -0.12752914790561615
-0.2066316334623002 -0.14756671592589654
-0.2066316334623002 -0.16760428394617694
-0.23550207165239184 -0.17762306795631713
-0.22106685255734604 -0.14756671592589654
-0.22106685255734604 -0.18764185196645733
-0.23550207165239184 -0.20767941998673772
-0.2643725098424835 -0.25777334003743874
-0.33654860531771263 -0.27781090805771913
-0.3942894816978959 -0.2978484760779995
-0.45203035807807923 -0.27781090805771913
-0.3942894816978959 -0.2878296920678593
-0.3798542626028501 -0.27781090805771913
-0.3798542626028501 -0.3178860440982799
-0.40872470079294176 -0.36797996414898093
-0.46646557717312503 -0.36797996414898093
-0.46646557717312503 -0.3579611801388407
-0.46646557717312503 -0.34794239612870054
-0.4809007962681709 -0.36797996414898093
-0.5097712344582626 -0.3880175321692613
-0.5819473299334916 -0.4080551001895417
-0.639688206313675 -0.43811145221996234
-0.6252529872186291 -0.45814902024024273
-0.6108177681235833 -0.45814902024024273
-0.5386416726483542 -0.5082429402909437
-0.5530768917434 -0.5282805083112241
-0.5530768917434 -0.5683556443517849
-0.639688206313675 -0.5382992923213643
-0.5963825490285375 -0.45814902024024273
-0.5675121108384459 -0.4180738841996819
-0.5097712344582626 -0.4180738841996819
-0.5386416726483542 -0.4080551001895417
-0.5819473299334916 -0.3779987481591211
-0.6108177681235833 -0.3779987481591211
-0.5386416726483542 -0.36797996414898093
-0.46646557717312503 -0.3178860440982799
-0.3942894816978959 -0.3178860440982799
-0.3942894816978959 -0.32790482810842014
-0.3654190435078043 -0.30786726008813975
-0.3942894816978959 -0.2878296920678593
-0.30767816712762097 -0.22771698800701812
-0.2066316334623002 -0.18764185196645733
-0.2066316334623002 -0.17762306795631713
-0.22106685255734604 -0.13754793191575634
-0.30767816712762097 -0.15758549993603674
-0.3798542626028501 -0.10749157988533574
-0.33654860531771263 -0.05739765983463474
-0.23550207165239184 -0.007303739783933743
-0.2066316334623002 -0.01732252379407394
-0.17776119527220854 0.012733828236346657
-0.1633259761771627 -0.007303739783933743
-0.17776119527220854 -0.027341307804214142
-0.1633259761771627 0.002715044226206457
-0.1488907570821169 -0.007303739783933743
-0.13445553798707108 0.002715044226206457
-0.1633259761771627 -0.04737887582449454
-0.2066316334623002 -0.06741644384477494
-0.17776119527220854 -0.04737887582449454
-0.17776119527220854 -0.027341307804214142
-0.06227944251184195 0.012733828236346657
-0.06227944251184195 0.012733828236346657
-0.03340900432175029 -0.027341307804214142
-0.07671466160688777 -0.06741644384477494
-0.07671466160688777 -0.09747279587519554
-0.10558509979697943 -0.06741644384477494
-0.10558509979697943 -0.027341307804214142
-0.1488907570821169 -0.007303739783933743
-0.19219641436725438 -0.007303739783933743
-0.1633259761771627 -0.027341307804214142
-0.19219641436725438 0.002715044226206457
-0.17776119527220854 0.012733828236346657
-0.23550207165239184 0.04279018026676725
-0.33654860531771263 -0.03736009181435434
-0.4809007962681709 -0.3880175321692613
-0.639688206313675 -0.9991633567878134
-0.6108177681235833 -1.6704218854672068
-0.5386416726483542 -2.2615301420654785
-0.35098382441275844 -2.8726759666840307
-0.12002031889202525 -3.4938405753127233
0.09650796753366213 -4.125023967951556
0.26973059667421206 -4.646000736478846
0.41408278762467027 -5.026714528864174
0.5584349785751286 -5.2170714250568375
0.6306110740503577 -5.297221697137959
0.7316576077156784 -5.277184129117678
0.8182689222859534 -5.156958720995997
0.9914915514265034 -4.806301280641089
1.3379368097076032 -4.064911263890714
1.828734258939161 -2.9528262387651525
2.3195317081707194 -1.780628509578749
2.4638838991211776 -0.9590882207472526
2.3917078036459483 -0.5483180763315045
2.1896147363153067 -0.2978484760779995
1.9009103544143904 -0.14756671592589654
1.5689003152283363 -0.007303739783933743
1.1358437423769616 0.07284653229718785
0.8182689222859534 0.17303437239858985
0.5439997594800827 0.27322221249999185
0.29860103486430367 0.31329734854055263
0.12537840572375378 0.3734100526013938
0.06763752934357048 0.4435415406723752
0.053202310248524655 0.4435415406723752
0.053202310248524655 0.4134851886419546
0.03876709115347883 0.42350397265209483
-0.004538566131658644 0.42350397265209483
-0.07671466160688777 0.43352275666223505
-0.06227944251184195 0.47359789270279584
-0.018973785226704468 0.5236918127534969
-0.004538566131658644 0.533710596763637
-0.004538566131658644 0.5036542447332164
-0.018973785226704468 0.4635791086926556
-0.03340900432175029 0.45356032468251545
-0.03340900432175029 0.47359789270279584
0.053202310248524655 0.5036542447332164
0.009896652963387181 0.5036542447332164
0.024331872058433006 0.483616676712936
0.03876709115347883 0.49363546072307624
0.009896652963387181 0.533710596763637
0.03876709115347883 0.5437293807737772
0.08207274843861631 0.5437293807737772
0.08207274843861631 0.5737857328041979
0.053202310248524655 0.5236918127534969
0.06763752934357048 0.483616676712936
0.053202310248524655 0.49363546072307624
0.053202310248524655 0.5136730287433566
0.08207274843861631 0.533710596763637
0.11094318662870796 0.5537481647839174
0.08207274843861631 0.533710596763637
0.08207274843861631 0.533710596763637
0.08207274843861631 0.5537481647839174
0.08207274843861631 0.583804516814338
0.12537840572375378 0.5938233008244782
0.15424884391384544 0.5938233008244782
0.12537840572375378 0.5637669487940576
0.12537840572375378 0.5537481647839174
0.09650796753366213 0.5938233008244782
0.12537840572375378 0.6238796528548988
0.16868406300889127 0.6639547888954596
0.21198972029402874 0.6539360048853194
0.18311928210393708 0.6539360048853194
0.16868406300889127 0.6539360048853194
0.16868406300889127 0.6038420848346184
0.15424884391384544 0.583804516814338
0.1975545011989829 0.5637669487940576
0.1975545011989829 0.5737857328041979
0.18311928210393708 0.5537481647839174
0.18311928210393708 0.583804516814338
0.16868406300889127 0.5938233008244782
0.18311928210393708 0.6038420848346184
0.26973059667421206 0.6038420848346184
0.2408601584841204 0.6038420848346184
0.28416581576925787 0.5637669487940576
0.26973059667421206 0.5437293807737772
0.22642493938907457 0.5236918127534969
0.21198972029402874 0.5537481647839174
0.2552953775791662 0.5737857328041979
0.28416581576925787 0.5637669487940576
0.2408601584841204 0.533710596763637
0.26973059667421206 0.5136730287433566
0.28416581576925787 0.5136730287433566
0.3419066921494412 0.5437293807737772
0.38521234943457866 0.5437293807737772
0.38521234943457866 0.483616676712936
0.3419066921494412 0.4635791086926556
0.31303625395934953 0.40346640463181443
0.26973059667421206 0.40346640463181443
0.28416581576925787 0.40346640463181443
0.356341911244487 0.4134851886419546
0.356341911244487 0.42350397265209483
0.38521234943457866 0.3734100526013938
0.4285180067197161 0.33333491656083303
0.4862588830998994 0.3032785645304124
0.4573884449098078 0.29325978052027224
0.5006941021949453 0.27322221249999185
0.5006941021949453 0.23314707645943103
0.5151293212899911 0.16301558838844965
0.44295322581476193 0.13295923635802906
0.39964756852962446 0.08286531630732805
0.4285180067197161 0.10290288432760845
0.4573884449098078 0.09288410031746826
0.5584349785751286 0.08286531630732805
0.5728701976701743 0.032771396256627054
0.5584349785751286 -0.04737887582449454
0.5439997594800827 -0.09747279587519554
0.5584349785751286 -0.09747279587519554
0.5439997594800827 -0.07743522785491513
0.5728701976701743 -0.10749157988533574
0.5439997594800827 -0.12752914790561615
0.4718236640048536 -0.14756671592589654
0.5006941021949453 -0.12752914790561615
0.5295645403850369 -0.10749157988533574
0.6161758549553118 -0.12752914790561615
0.6594815122404494 -0.20767941998673772
0.6594815122404494 -0.24775455602729854
0.6161758549553118 -0.25777334003743874
0.5584349785751286 -0.2677921240475789
0.5151293212899911 -0.23773577201715831
0.5439997594800827 -0.18764185196645733
0.5439997594800827 -0.20767941998673772
0.4862588830998994 -0.21769820399687792
0.4718236640048536 -0.24775455602729854
0.44295322581476193 -0.25777334003743874
0.4285180067197161 -0.23773577201715831
0.44295322581476193 -0.21769820399687792
0.4285180067197161 -0.21769820399687792
0.38521234943457866 -0.24775455602729854
0.29860103486430367 -0.2677921240475789
0.28416581576925787 -0.22771698800701812
0.21198972029402874 -0.17762306795631713
0.22642493938907457 -0.17762306795631713
0.22642493938907457 -0.15758549993603674
0.15424884391384544 -0.14756671592589654
0.09650796753366213 -0.18764185196645733
0.09650796753366213 -0.20767941998673772
0.11094318662870796 -0.17762306795631713
0.11094318662870796 -0.13754793191575634
0.09650796753366213 -0.11751036389547594
0.053202310248524655 -0.13754793191575634
-0.004538566131658644 -0.11751036389547594
-0.06227944251184195 -0.08745401186505533
-0.07671466160688777 -0.07743522785491513
-0.07671466160688777 -0.03736009181435434
-0.06227944251184195 -0.03736009181435434
-0.10558509979697943 -0.07743522785491513
-0.12002031889202525 -0.08745401186505533
-0.1633259761771627 -0.09747279587519554
-0.17776119527220854 -0.06741644384477494
-0.13445553798707108 -0.027341307804214142
-0.13445553798707108 -0.01732252379407394
-0.13445553798707108 -0.007303739783933743
-0.1488907570821169 0.002715044226206457
-0.1633259761771627 -0.027341307804214142
-0.1633259761771627 0.022752612246486857
-0.10558509979697943 0.032771396256627054
-0.19219641436725438 -0.007303739783933743
-0.2066316334623002 0.002715044226206457
-0.2643725098424835 -0.01732252379407394
-0.2788077289375293 0.002715044226206457
-0.2788077289375293 0.012733828236346657
-0.24993729074743767 0.09288410031746826
-0.2643725098424835 0.052808964276907455
-0.23550207165239184 0.022752612246486857
-0.24993729074743767 0.012733828236346657
-0.2643725098424835 0.012733828236346657
-0.2643725098424835 0.002715044226206457
-0.29324294803257517 0.06282774828704765
-0.29324294803257517 0.06282774828704765
-0.33654860531771263 0.052808964276907455
-0.3798542626028501 0.032771396256627054
-0.45203035807807923 0.022752612246486857
-0.40872470079294176 0.09288410031746826
-0.35098382441275844 0.12294045234788885
-0.29324294803257517 0.12294045234788885
-0.2788077289375293 0.13295923635802906
-0.33654860531771263 0.12294045234788885
-0.35098382441275844 0.10290288432760845
-0.40872470079294176 0.13295923635802906
-0.3798542626028501 0.18305315640873004
-0.4375951389830334 0.19307194041887024
-0.45203035807807923 0.22312829244929083
-0.45203035807807923 0.21310950843915064
-0.4809007962681709 0.14297802036816926
-0.4375951389830334 0.15299680437830945
-0.40872470079294176 0.12294045234788885
-0.42315991988798757 0.09288410031746826
-0.3942894816978959 0.06282774828704765
-0.4375951389830334 0.08286531630732805
-0.5242064535533083 0.09288410031746826
-0.5242064535533083 0.11292166833774865
-0.5097712344582626 0.14297802036816926
-0.5097712344582626 0.14297802036816926
-0.4809007962681709 0.12294045234788885
-0.5097712344582626 0.10290288432760845
-0.5242064535533083 0.07284653229718785
-0.4809007962681709 0.13295923635802906
-0.4375951389830334 0.16301558838844965
-0.45203035807807923 0.11292166833774865
-0.45203035807807923 0.07284653229718785
-0.5097712344582626 0.08286531630732805
-0.5675121108384459 0.07284653229718785
-0.5819473299334916 0.10290288432760845
-0.5675121108384459 0.12294045234788885
-0.5386416726483542 0.11292166833774865
-0.4953360153632167 0.10290288432760845
-0.5097712344582626 0.11292166833774865
-0.4953360153632167 0.09288410031746826
-0.4809007962681709 0.06282774828704765
-0.4375951389830334 0.04279018026676725
-0.46646557717312503 0.032771396256627054
-0.4953360153632167 0.012733828236346657
-0.5963825490285375 -0.01732252379407394
-0.5963825490285375 -0.007303739783933743
-0.5242064535533083 0.022752612246486857
-0.4953360153632167 0.052808964276907455
-0.45203035807807923 0.07284653229718785
-0.46646557717312503 0.012733828236346657
-0.45203035807807923 0.002715044226206457
-0.4953360153632167 -0.03736009181435434
-0.45203035807807923 0.002715044226206457
-0.42315991988798757 0.052808964276907455
-0.40872470079294176 0.07284653229718785
-0.4375951389830334 0.06282774828704765
-0.4809007962681709 0.022752612246486857
-0.5097712344582626 0.012733828236346657
-0.5242064535533083 0.022752612246486857
-0.5097712344582626 0.012733828236346657
-0.42315991988798757 -0.007303739783933743
-0.4375951389830334 -0.01732252379407394
-0.46646557717312503 -0.027341307804214142
-0.46646557717312503 -0.03736009181435434
-0.46646557717312503 0.012733828236346657
-0.3654190435078043 0.052808964276907455
-0.40872470079294176 0.032771396256627054
-0.42315991988798757 0.022752612246486857
-0.4375951389830334 0.022752612246486857
-0.46646557717312503 -0.01732252379407394
-0.4375951389830334 0.002715044226206457
-0.40872470079294176 -0.007303739783933743
-0.3654190435078043 -0.04737887582449454
-0.40872470079294176 -0.04737887582449454
-0.40872470079294176 -0.06741644384477494
-0.42315991988798757 -0.04737887582449454
-0.4375951389830334 -0.007303739783933743
-0.3798542626028501 0.06282774828704765
-0.3654190435078043 0.09288410031746826
-0.33654860531771263 0.06282774828704765
-0.35098382441275844 0.04279018026676725
-0.35098382441275844 0.07284653229718785
-0.3654190435078043 0.10290288432760845
-0.29324294803257517 0.12294045234788885
-0.2643725098424835 0.10290288432760845
-0.24993729074743767 0.052808964276907455
-0.23550207165239184 0.052808964276907455
-0.2643725098424835 0.10290288432760845
-0.23550207165239184 0.15299680437830945
-0.19219641436725438 0.17303437239858985
-0.1633259761771627 0.19307194041887024
-0.2066316334623002 0.19307194041887024
-0.23550207165239184 0.17303437239858985
-0.2788077289375293 0.15299680437830945
-0.2643725098424835 0.12294045234788885
-0.2643725098424835 0.06282774828704765
-0.2788077289375293 -0.027341307804214142
-0.2643725098424835 -0.12752914790561615
-0.3654190435078043 -0.18764185196645733
-0.35098382441275844 -0.17762306795631713
-0.29324294803257517 -0.14756671592589654
-0.30767816712762097 -0.11751036389547594
-0.30767816712762097 -0.14756671592589654
-0.35098382441275844 -0.19766063597659753
-0.3654190435078043 -0.23773577201715831
-0.4375951389830334 -0.27781090805771913
-0.45203035807807923 -0.27781090805771913
-0.4375951389830334 -0.27781090805771913
-0.45203035807807923 -0.3178860440982799
-0.45203035807807923 -0.3579611801388407
-0.45203035807807923 -0.4080551001895417
-0.46646557717312503 -0.4080551001895417
-0.45203035807807923 -0.36797996414898093
-0.45203035807807923 -0.34794239612870054
-0.42315991988798757 -0.34794239612870054
-0.5242064535533083 -0.36797996414898093
-0.6108177681235833 -0.3980363161794015
-0.6685586445037666 -0.43811145221996234
-0.639688206313675 -0.45814902024024273
-0.6974290826938583 -0.43811145221996234
-0.6685586445037666 -0.4280926682098221
-0.6685586445037666 -0.4280926682098221
-0.6541234254087208 -0.4681678042503829
-0.6108177681235833 -0.5182617243010839
-0.5963825490285375 -0.5082429402909437
-0.6685586445037666 -0.45814902024024273
-0.639688206313675 -0.4781865882605231
-0.6685586445037666 -0.4882053722706633
-0.7118643017889041 -0.4681678042503829
-0.7262995208839499 -0.45814902024024273
-0.7407347399789957 -0.4280926682098221
-0.6829938635988124 -0.36797996414898093
-0.5963825490285375 -0.3579611801388407
-0.5242064535533083 -0.32790482810842014
-0.5530768917434 -0.34794239612870054
-0.5386416726483542 -0.3579611801388407
-0.5386416726483542 -0.3178860440982799
-0.5242064535533083 -0.2978484760779995
-0.45203035807807923 -0.2978484760779995
-0.42315991988798757 -0.30786726008813975
-0.45203035807807923 -0.2677921240475789
-0.4809007962681709 -0.21769820399687792
-0.42315991988798757 -0.14756671592589654
-0.3942894816978959 -0.05739765983463474
-0.3942894816978959 -0.03736009181435434
-0.35098382441275844 -0.07743522785491513
-0.3798542626028501 -0.07743522785491513
-0.42315991988798757 -0.06741644384477494
-0.3798542626028501 -0.027341307804214142
-0.35098382441275844 0.04279018026676725
-0.3221133862226668 0.002715044226206457
-0.35098382441275844 0.002715044226206457
-0.35098382441275844 -0.01732252379407394
-0.3942894816978959 -0.03736009181435434
-0.3221133862226668 -0.01732252379407394
-0.2788077289375293 -0.027341307804214142
-0.19219641436725438 -0.03736009181435434
-0.2066316334623002 -0.07743522785491513
-0.23550207165239184 -0.06741644384477494
-0.23550207165239184 -0.05739765983463474
-0.22106685255734604 -0.03736009181435434
-0.24993729074743767 -0.01732252379407394
-0.2643725098424835 -0.027341307804214142
-0.2788077289375293 -0.06741644384477494
-0.2788077289375293 -0.05739765983463474
-0.29324294803257517 -0.05739765983463474
-0.2643725098424835 -0.01732252379407394
-0.24993729074743767 -0.01732252379407394
-0.23550207165239184 -0.01732252379407394
-0.22106685255734604 -0.007303739783933743
-0.2643725098424835 0.002715044226206457
-0.33654860531771263 0.04279018026676725
-0.33654860531771263 0.09288410031746826
-0.3654190435078043 0.13295923635802906
-0.46646557717312503 0.15299680437830945
-0.5675121108384459 0.15299680437830945
-0.7551699590740416 0.13295923635802906
-0.8706517118344081 -0.16760428394617694
-0.9428278073096373 -0.7486937565343085
-0.8995221500244999 -1.429971069223842
-0.7696051781690874 -2.081192029882955
-0.639688206313675 -2.7123754225217875
-0.4953360153632167 -3.3635963831809006
-0.35098382441275844 -3.9647234237893123
-0.19219641436725438 -4.425587488255761
-0.06227944251184195 -4.7762449286106685
0.08207274843861631 -4.986639392823613
0.1975545011989829 -5.096846016935155
0.29860103486430367 -5.126902368965576
0.3707771303395328 -5.086827232925015
0.6739167313354951 -4.836357632671509
1.0492324278066867 -4.395531136225341
1.5544650961332904 -3.7042350395256674
2.016392107174757 -2.7524505585623484
2.3050964890756735 -1.7505721575483284
2.406143022740994 -0.9089943006965516
2.3628373654558565 -0.32790482810842014
2.2329203936004443 -0.01732252379407394
2.0741329835549402 0.10290288432760845
1.828734258939161 0.15299680437830945
1.4822890006580614 0.20309072442901044
1.0347972087116408 0.20309072442901044
0.688351950430541 0.3032785645304124
0.41408278762467027 0.43352275666223505
0.2408601584841204 0.5036542447332164
0.11094318662870796 0.5437293807737772
-0.018973785226704468 0.5437293807737772
-0.07671466160688777 0.5737857328041979
-0.0911498807019336 0.6138608688447587
-0.12002031889202525 0.633898436865039
-0.1488907570821169 0.6138608688447587
-0.12002031889202525 0.5737857328041979
-0.1488907570821169 0.5437293807737772
-0.19219641436725438 0.5236918127534969
-0.17776119527220854 0.5537481647839174
-0.13445553798707108 0.5737857328041979
-0.0911498807019336 0.5537481647839174
-0.0911498807019336 0.5637669487940576
-0.10558509979697943 0.5938233008244782
-0.10558509979697943 0.583804516814338
-0.0911498807019336 0.633898436865039
-0.0911498807019336 0.6639547888954596
-0.13445553798707108 0.6439172208751792
-0.13445553798707108 0.633898436865039
-0.2066316334623002 0.6138608688447587
-0.22106685255734604 0.6138608688447587
-0.17776119527220854 0.6238796528548988
-0.12002031889202525 0.68399235691574
-0.07671466160688777 0.6940111409258802
-0.03340900432175029 0.6739735729055998
-0.047844223416796124 0.633898436865039
-0.07671466160688777 0.633898436865039
-0.10558509979697943 0.6739735729055998
-0.0911498807019336 0.6940111409258802
-0.07671466160688777 0.7040299249360205
-0.10558509979697943 0.6539360048853194
-0.12002031889202525 0.6739735729055998
-0.10558509979697943 0.6739735729055998
-0.06227944251184195 0.6940111409258802
-0.03340900432175029 0.7240674929563008
0.009896652963387181 0.7040299249360205
-0.03340900432175029 0.7140487089461606
-0.03340900432175029 0.7040299249360205
-0.047844223416796124 0.6739735729055998
-0.06227944251184195 0.7140487089461606
-0.06227944251184195 0.784180197017142
-0.018973785226704468 0.7441050609765812
-0.07671466160688777 0.7140487089461606
-0.03340900432175029 0.6739735729055998
-0.018973785226704468 0.6439172208751792
0.009896652963387181 0.7140487089461606
0.06763752934357048 0.7140487089461606
0.11094318662870796 0.7140487089461606
0.06763752934357048 0.7040299249360205
0.03876709115347883 0.6739735729055998
-0.004538566131658644 0.734086276966441
-0.03340900432175029 0.784180197017142
0.024331872058433006 0.784180197017142
0.06763752934357048 0.7641426289968616
0.11094318662870796 0.7140487089461606
0.08207274843861631 0.6940111409258802
0.08207274843861631 0.6539360048853194
0.11094318662870796 0.68399235691574
0.12537840572375378 0.6940111409258802
0.16868406300889127 0.6539360048853194
0.16868406300889127 0.6138608688447587
0.12537840572375378 0.6238796528548988
0.08207274843861631 0.6238796528548988
0.15424884391384544 0.6539360048853194
0.16868406300889127 0.6238796528548988
0.18311928210393708 0.6138608688447587
0.1975545011989829 0.5637669487940576
0.18311928210393708 0.5437293807737772
0.16868406300889127 0.5136730287433566
0.1975545011989829 0.483616676712936
0.26973059667421206 0.483616676712936
0.26973059667421206 0.5036542447332164
0.26973059667421206 0.483616676712936
0.28416581576925787 0.42350397265209483
0.26973059667421206 0.40346640463181443
0.29860103486430367 0.38342883661153404
0.32747147305439533 0.36339126859125365
0.3707771303395328 0.33333491656083303
0.3707771303395328 0.2632034284898516
0.356341911244487 0.25318464447971145
0.3419066921494412 0.22312829244929083
0.38521234943457866 0.23314707645943103
0.39964756852962446 0.2632034284898516
0.44295322581476193 0.19307194041887024
0.4285180067197161 0.17303437239858985
0.4573884449098078 0.10290288432760845
0.41408278762467027 0.052808964276907455
0.44295322581476193 0.06282774828704765
0.4718236640048536 0.052808964276907455
0.5151293212899911 -0.007303739783933743
0.5151293212899911 -0.07743522785491513
0.4573884449098078 -0.11751036389547594
0.4718236640048536 -0.12752914790561615
0.5151293212899911 -0.09747279587519554
0.5295645403850369 -0.08745401186505533
0.5439997594800827 -0.10749157988533574
0.5295645403850369 -0.12752914790561615
0.4573884449098078 -0.15758549993603674
0.39964756852962446 -0.19766063597659753
0.39964756852962446 -0.16760428394617694
0.41408278762467027 -0.15758549993603674
0.4285180067197161 -0.14756671592589654
0.41408278762467027 -0.16760428394617694
0.4285180067197161 -0.18764185196645733
0.41408278762467027 -0.17762306795631713
0.39964756852962446 -0.10749157988533574
0.39964756852962446 -0.09747279587519554
0.31303625395934953 -0.09747279587519554
0.2552953775791662 -0.11751036389547594
0.18311928210393708 -0.10749157988533574
0.12537840572375378 -0.09747279587519554
0.11094318662870796 -0.05739765983463474
0.11094318662870796 -0.027341307804214142
0.16868406300889127 -0.027341307804214142
0.12537840572375378 -0.01732252379407394
0.11094318662870796 -0.01732252379407394
0.03876709115347883 -0.06741644384477494
-0.004538566131658644 -0.027341307804214142
0.024331872058433006 0.012733828236346657
-0.07671466160688777 0.002715044226206457
-0.10558509979697943 -0.007303739783933743
-0.1488907570821169 0.002715044226206457
-0.1633259761771627 0.032771396256627054
-0.1488907570821169 0.06282774828704765
-0.07671466160688777 0.10290288432760845
-0.06227944251184195 0.08286531630732805
-0.06227944251184195 0.09288410031746826
-0.10558509979697943 0.08286531630732805
-0.17776119527220854 0.09288410031746826
-0.22106685255734604 0.10290288432760845
-0.2066316334623002 0.12294045234788885
-0.22106685255734604 0.11292166833774865
-0.2643725098424835 0.12294045234788885
-0.23550207165239184 0.11292166833774865
-0.2643725098424835 0.13295923635802906
-0.24993729074743767 0.19307194041887024
-0.13445553798707108 0.20309072442901044
-0.1633259761771627 0.17303437239858985
-0.2066316334623002 0.15299680437830945
-0.22106685255734604 0.14297802036816926
-0.24993729074743767 0.14297802036816926
-0.2643725098424835 0.20309072442901044
-0.29324294803257517 0.24316586046957123
-0.3221133862226668 0.25318464447971145
-0.29324294803257517 0.24316586046957123
-0.33654860531771263 0.21310950843915064
-0.30767816712762097 0.20309072442901044
-0.2788077289375293 0.24316586046957123
-0.24993729074743767 0.24316586046957123
-0.24993729074743767 0.2632034284898516
-0.30767816712762097 0.25318464447971145
-0.3654190435078043 0.2632034284898516
-0.3654190435078043 0.2632034284898516
-0.3942894816978959 0.27322221249999185
-0.35098382441275844 0.3032785645304124
-0.3942894816978959 0.31329734854055263
-0.3654190435078043 0.31329734854055263
-0.33654860531771263 0.2632034284898516
-0.3798542626028501 0.25318464447971145
-0.3942894816978959 0.29325978052027224
-0.3798542626028501 0.29325978052027224
-0.3798542626028501 0.31329734854055263
-0.3942894816978959 0.29325978052027224
-0.40872470079294176 0.31329734854055263
-0.46646557717312503 0.283240996510132
-0.45203035807807923 0.31329734854055263
-0.42315991988798757 0.32331613255069286
-0.40872470079294176 0.31329734854055263
-0.3942894816978959 0.29325978052027224
-0.40872470079294176 0.283240996510132
-0.45203035807807923 0.25318464447971145
-0.45203035807807923 0.27322221249999185
-0.45203035807807923 0.29325978052027224
-0.3798542626028501 0.25318464447971145
-0.3798542626028501 0.22312829244929083
-0.45203035807807923 0.23314707645943103
-0.42315991988798757 0.18305315640873004
-0.4809007962681709 0.19307194041887024
-0.4375951389830334 0.21310950843915064
-0.42315991988798757 0.23314707645943103
-0.3942894816978959 0.22312829244929083
-0.40872470079294176 0.19307194041887024
-0.42315991988798757 0.19307194041887024
-0.3942894816978959 0.24316586046957123
-0.3654190435078043 0.25318464447971145
-0.35098382441275844 0.23314707645943103
-0.40872470079294176 0.16301558838844965
-0.4375951389830334 0.11292166833774865
-0.4809007962681709 0.07284653229718785
-0.46646557717312503 0.06282774828704765
-0.4375951389830334 0.13295923635802906
-0.3798542626028501 0.12294045234788885
-0.33654860531771263 0.13295923635802906
-0.3654190435078043 0.10290288432760845
-0.3654190435078043 0.07284653229718785
-0.35098382441275844 0.08286531630732805
-0.3221133862226668 0.11292166833774865
-0.33654860531771263 0.10290288432760845
-0.3654190435078043 0.09288410031746826
-0.4375951389830334 0.07284653229718785
-0.40872470079294176 0.052808964276907455
-0.3798542626028501 0.10290288432760845
-0.3221133862226668 0.11292166833774865
-0.29324294803257517 0.13295923635802906
-0.2643725098424835 0.12294045234788885
-0.2788077289375293 0.08286531630732805
-0.33654860531771263 0.06282774828704765
-0.3942894816978959 0.08286531630732805
-0.35098382441275844 0.09288410031746826
-0.3942894816978959 0.08286531630732805
-0.35098382441275844 0.052808964276907455
-0.3654190435078043 0.06282774828704765
-0.35098382441275844 0.04279018026676725
-0.30767816712762097 0.06282774828704765
-0.2788077289375293 0.07284653229718785
-0.2643725098424835 0.04279018026676725
-0.29324294803257517 0.012733828236346657
-0.3221133862226668 0.032771396256627054
-0.3798542626028501 0.04279018026676725
-0.33654860531771263 0.10290288432760845
-0.30767816712762097 0.15299680437830945
-0.2643725098424835 0.17303437239858985
-0.23550207165239184 0.15299680437830945
-0.2066316334623002 0.12294045234788885
-0.1488907570821169 0.15299680437830945
-0.13445553798707108 0.19307194041887024
-0.0911498807019336 0.18305315640873004
-0.07671466160688777 0.18305315640873004
-0.12002031889202525 0.11292166833774865
-0.17776119527220854 0.12294045234788885
-0.24993729074743767 0.15299680437830945
-0.2066316334623002 0.19307194041887024
-0.17776119527220854 0.23314707645943103
-0.19219641436725438 0.24316586046957123
-0.2066316334623002 0.17303437239858985
-0.2066316334623002 0.07284653229718785
-0.2643725098424835 -0.06741644384477494
-0.2643725098424835 -0.13754793191575634
-0.2788077289375293 -0.14756671592589654
-0.2788077289375293 -0.16760428394617694
-0.29324294803257517 -0.17762306795631713
-0.3221133862226668 -0.20767941998673772
-0.33654860531771263 -0.23773577201715831
-0.35098382441275844 -0.20767941998673772
-0.2643725098424835 -0.22771698800701812
-0.22106685255734604 -0.25777334003743874
-0.24993729074743767 -0.34794239612870054
-0.30767816712762097 -0.3579611801388407
-0.3942894816978959 -0.3579611801388407
-0.42315991988798757 -0.3178860440982799
-0.3942894816978959 -0.2878296920678593
-0.40872470079294176 -0.2978484760779995
-0.45203035807807923 -0.3379236121185603
-0.5097712344582626 -0.3779987481591211
-0.5242064535533083 -0.3980363161794015
-0.5530768917434 -0.3980363161794015
-0.4809007962681709 -0.3980363161794015
-0.5386416726483542 -0.4180738841996819
-0.5386416726483542 -0.4681678042503829
-0.5675121108384459 -0.4882053722706633
-0.5675121108384459 -0.4882053722706633
-0.5675121108384459 -0.4280926682098221
-0.5386416726483542 -0.3880175321692613
-0.5386416726483542 -0.3779987481591211
-0.5386416726483542 -0.4080551001895417
-0.5242064535533083 -0.4481302362301025
-0.5386416726483542 -0.43811145221996234
-0.5386416726483542 -0.3779987481591211
-0.5097712344582626 -0.27781090805771913
-0.40872470079294176 -0.2677921240475789
-0.3942894816978959 -0.27781090805771913
-0.3654190435078043 -0.2677921240475789
-0.3942894816978959 -0.27781090805771913
-0.35098382441275844 -0.22771698800701812
-0.29324294803257517 -0.20767941998673772
-0.22106685255734604 -0.20767941998673772
-0.23550207165239184 -0.21769820399687792
-0.29324294803257517 -0.18764185196645733
-0.30767816712762097 -0.15758549993603674
-0.2643725098424835 -0.10749157988533574
-0.2066316334623002 -0.03736009181435434
-0.19219641436725438 0.002715044226206457
-0.1633259761771627 -0.007303739783933743
-0.17776119527220854 -0.03736009181435434
-0.2066316334623002 -0.08745401186505533
-0.2066316334623002 -0.07743522785491513
-0.2066316334623002 -0.05739765983463474
-0.17776119527220854 -0.05739765983463474
-0.17776119527220854 -0.03736009181435434
-0.12002031889202525 -0.04737887582449454
-0.12002031889202525 -0.03736009181435434
-0.10558509979697943 0.002715044226206457
-0.018973785226704468 0.012733828236346657
-0.004538566131658644 -0.01732252379407394
-0.06227944251184195 -0.06741644384477494
-0.07671466160688777 -0.09747279587519554
-0.1488907570821169 -0.11751036389547594
-0.12002031889202525 -0.08745401186505533
-0.10558509979697943 -0.04737887582449454
-0.018973785226704468 -0.01732252379407394
0.024331872058433006 -0.027341307804214142
-0.018973785226704468 -0.007303739783933743
-0.03340900432175029 0.012733828236346657
-0.10558509979697943 0.002715044226206457
-0.10558509979697943 0.032771396256627054
-0.13445553798707108 0.022752612246486857
-0.2788077289375293 -0.04737887582449454
-0.4375951389830334 -0.07743522785491513
-0.6108177681235833 -0.3379236121185603
-0.6108177681235833 -0.8388628126255703
-0.4809007962681709 -1.4500086372441225
-0.33654860531771263 -2.081192029882955
-0.1488907570821169 -2.7123754225217875
0.009896652963387181 -3.34355881516062
0.1398136248187996 -3.934667071758892
0.29860103486430367 -4.35545600018478
0.4573884449098078 -4.595906816428145
0.5439997594800827 -4.716132224549828
0.6306110740503577 -4.7862637126208085
0.7749632650008159 -4.696094656529547
0.9626211132364116 -4.485700192316603
1.3668072478976947 -4.044873695870434
1.843169478034207 -3.3034836791200592
2.2906612699806277 -2.3516991981567403
2.521624775501361 -1.3498207971427205
2.507189556406315 -0.7086186204937477
2.2906612699806277 -0.36797996414898093
2.103003421745032 -0.17762306795631713
1.8142990398441154 0.012733828236346657
1.4678537815630155 0.12294045234788885
1.092538085091824 0.17303437239858985
0.7893984840958618 0.23314707645943103
0.5151293212899911 0.31329734854055263
0.31303625395934953 0.38342883661153404
0.18311928210393708 0.40346640463181443
0.11094318662870796 0.40346640463181443
0.053202310248524655 0.40346640463181443
-0.018973785226704468 0.4435415406723752
-0.06227944251184195 0.483616676712936
-0.018973785226704468 0.5236918127534969
0.024331872058433006 0.5537481647839174
0.053202310248524655 0.5437293807737772
0.06763752934357048 0.533710596763637
0.024331872058433006 0.5136730287433566
0.009896652963387181 0.5236918127534969
0.024331872058433006 0.583804516814338
0.024331872058433006 0.6038420848346184
0.03876709115347883 0.6138608688447587
0.024331872058433006 0.583804516814338
0.024331872058433006 0.5637669487940576
0.03876709115347883 0.533710596763637
0.024331872058433006 0.5637669487940576
0.009896652963387181 0.583804516814338
0.11094318662870796 0.5737857328041979
0.1398136248187996 0.5637669487940576
0.08207274843861631 0.5437293807737772
0.053202310248524655 0.533710596763637
0.03876709115347883 0.5737857328041979
0.11094318662870796 0.5938233008244782
0.12537840572375378 0.6238796528548988
0.16868406300889127 0.6138608688447587
0.1398136248187996 0.6038420848346184
0.11094318662870796 0.6038420848346184
0.1398136248187996 0.6038420848346184
0.18311928210393708 0.633898436865039
0.18311928210393708 0.6238796528548988
0.21198972029402874 0.6138608688447587
0.21198972029402874 0.5938233008244782
0.16868406300889127 0.5938233008244782
0.22642493938907457 0.633898436865039
0.21198972029402874 0.6439172208751792
0.2408601584841204 0.6138608688447587
0.2552953775791662 0.6038420848346184
0.1975545011989829 0.583804516814338
0.16868406300889127 0.5737857328041979
0.21198972029402874 0.5737857328041979
0.26973059667421206 0.6238796528548988
0.32747147305439533 0.6539360048853194
0.356341911244487 0.6138608688447587
0.31303625395934953 0.6138608688447587
0.26973059667421206 0.5938233008244782
0.31303625395934953 0.5938233008244782
0.28416581576925787 0.6238796528548988
0.31303625395934953 0.6439172208751792
0.29860103486430367 0.5938233008244782
0.26973059667421206 0.5737857328041979
0.28416581576925787 0.5637669487940576
0.38521234943457866 0.6138608688447587
0.44295322581476193 0.6238796528548988
0.5006941021949453 0.6238796528548988
0.5006941021949453 0.5938233008244782
0.4573884449098078 0.5637669487940576
0.44295322581476193 0.5036542447332164
0.44295322581476193 0.49363546072307624
0.4285180067197161 0.49363546072307624
0.44295322581476193 0.49363546072307624
0.5006941021949453 0.483616676712936
0.5151293212899911 0.4635791086926556
0.5439997594800827 0.40346640463181443
0.5728701976701743 0.42350397265209483
0.6161758549553118 0.36339126859125365
0.5873054167652202 0.32331613255069286
0.6161758549553118 0.283240996510132
0.5728701976701743 0.22312829244929083
0.5006941021949453 0.21310950843915064
0.5439997594800827 0.24316586046957123
0.601740635860266 0.22312829244929083
0.6306110740503577 0.23314707645943103
0.688351950430541 0.17303437239858985
0.7027871695255868 0.14297802036816926
0.688351950430541 0.10290288432760845
0.688351950430541 0.10290288432760845
0.7172223886206326 0.09288410031746826
0.7460928268107243 0.08286531630732805
0.688351950430541 0.012733828236346657
0.6450462931454035 -0.027341307804214142
0.6306110740503577 -0.05739765983463474
0.688351950430541 -0.027341307804214142
0.7460928268107243 -0.01732252379407394
0.8038337031909076 -0.06741644384477494
0.7893984840958618 -0.08745401186505533
0.7605280459057701 -0.12752914790561615
0.7172223886206326 -0.15758549993603674
0.7316576077156784 -0.15758549993603674
0.6739167313354951 -0.13754793191575634
0.7316576077156784 -0.13754793191575634
0.688351950430541 -0.15758549993603674
0.688351950430541 -0.19766063597659753
0.6739167313354951 -0.21769820399687792
0.7027871695255868 -0.19766063597659753
0.688351950430541 -0.17762306795631713
0.688351950430541 -0.13754793191575634
0.6306110740503577 -0.16760428394617694
0.5584349785751286 -0.17762306795631713
0.5006941021949453 -0.20767941998673772
0.4718236640048536 -0.15758549993603674
0.44295322581476193 -0.09747279587519554
0.4718236640048536 -0.10749157988533574
0.4285180067197161 -0.13754793191575634
0.39964756852962446 -0.14756671592589654
0.31303625395934953 -0.12752914790561615
0.31303625395934953 -0.09747279587519554
0.28416581576925787 -0.06741644384477494
0.2552953775791662 -0.06741644384477494
0.22642493938907457 -0.09747279587519554
0.18311928210393708 -0.07743522785491513
0.12537840572375378 -0.08745401186505533
0.12537840572375378 -0.07743522785491513
0.11094318662870796 -0.05739765983463474
0.11094318662870796 -0.05739765983463474
0.11094318662870796 -0.06741644384477494
0.053202310248524655 -0.07743522785491513
0.024331872058433006 -0.04737887582449454
0.024331872058433006 0.002715044226206457
0.009896652963387181 0.04279018026676725
-0.018973785226704468 0.012733828236346657
-0.004538566131658644 -0.027341307804214142
-0.0911498807019336 -0.05739765983463474
-0.1488907570821169 -0.03736009181435434
-0.12002031889202525 0.002715044226206457
-0.10558509979697943 0.052808964276907455
-0.10558509979697943 0.07284653229718785
-0.13445553798707108 0.052808964276907455
-0.12002031889202525 0.032771396256627054
-0.23550207165239184 0.012733828236346657
-0.19219641436725438 0.052808964276907455
-0.1633259761771627 0.08286531630732805
-0.19219641436725438 0.07284653229718785
-0.2066316334623002 0.06282774828704765
-0.22106685255734604 0.04279018026676725
-0.23550207165239184 0.052808964276907455
-0.19219641436725438 0.13295923635802906
-0.1488907570821169 0.16301558838844965
-0.1633259761771627 0.14297802036816926
-0.19219641436725438 0.11292166833774865
-0.2643725098424835 0.08286531630732805
-0.30767816712762097 0.08286531630732805
-0.33654860531771263 0.13295923635802906
-0.30767816712762097 0.18305315640873004
-0.2643725098424835 0.17303437239858985
-0.22106685255734604 0.18305315640873004
-0.2643725098424835 0.15299680437830945
-0.30767816712762097 0.15299680437830945
-0.33654860531771263 0.16301558838844965
-0.3221133862226668 0.15299680437830945
-0.3654190435078043 0.14297802036816926
-0.3942894816978959 0.14297802036816926
-0.45203035807807923 0.13295923635802906
-0.46646557717312503 0.12294045234788885
-0.3942894816978959 0.15299680437830945
-0.3654190435078043 0.16301558838844965
-0.33654860531771263 0.17303437239858985
-0.3942894816978959 0.13295923635802906
-0.45203035807807923 0.13295923635802906
-0.4953360153632167 0.14297802036816926
-0.4953360153632167 0.14297802036816926
-0.45203035807807923 0.11292166833774865
-0.42315991988798757 0.14297802036816926
-0.40872470079294176 0.13295923635802906
-0.3942894816978959 0.13295923635802906
-0.3942894816978959 0.08286531630732805
-0.40872470079294176 0.11292166833774865
-0.42315991988798757 0.12294045234788885
-0.42315991988798757 0.14297802036816926
-0.40872470079294176 0.13295923635802906
-0.45203035807807923 0.08286531630732805
-0.45203035807807923 0.06282774828704765
-0.40872470079294176 0.07284653229718785
-0.35098382441275844 0.07284653229718785
-0.33654860531771263 0.06282774828704765
-0.33654860531771263 0.04279018026676725
-0.42315991988798757 0.022752612246486857
-0.45203035807807923 0.022752612246486857
-0.46646557717312503 0.07284653229718785
-0.3942894816978959 0.09288410031746826
-0.3654190435078043 0.08286531630732805
-0.3654190435078043 0.04279018026676725
-0.33654860531771263 -0.03736009181435434
-0.3798542626028501 -0.04737887582449454
-0.33654860531771263 -0.007303739783933743
-0.3221133862226668 0.032771396256627054
-0.33654860531771263 0.052808964276907455
-0.3798542626028501 0.032771396256627054
-0.33654860531771263 0.002715044226206457
-0.40872470079294176 -0.05739765983463474
-0.3798542626028501 -0.03736009181435434
-0.30767816712762097 -0.01732252379407394
-0.30767816712762097 -0.007303739783933743
-0.3221133862226668 -0.03736009181435434
-0.30767816712762097 -0.05739765983463474
-0.35098382441275844 -0.05739765983463474
-0.3654190435078043 -0.007303739783933743
-0.30767816712762097 0.022752612246486857
-0.29324294803257517 0.04279018026676725
-0.30767816712762097 0.04279018026676725
-0.3654190435078043 0.07284653229718785
-0.35098382441275844 0.07284653229718785
-0.29324294803257517 0.10290288432760845
-0.24993729074743767 0.16301558838844965
-0.17776119527220854 0.15299680437830945
-0.17776119527220854 0.13295923635802906
-0.2066316334623002 0.10290288432760845
-0.2066316334623002 0.052808964276907455
-0.2066316334623002 0.07284653229718785
-0.23550207165239184 0.11292166833774865
-0.22106685255734604 0.14297802036816926
-0.24993729074743767 0.08286531630732805
-0.24993729074743767 0.04279018026676725
-0.2788077289375293 -0.05739765983463474
-0.2066316334623002 -0.10749157988533574
-0.24993729074743767 -0.13754793191575634
-0.2788077289375293 -0.15758549993603674
-0.3221133862226668 -0.17762306795631713
-0.3654190435078043 -0.17762306795631713
-0.42315991988798757 -0.20767941998673772
-0.3942894816978959 -0.21769820399687792
-0.3654190435078043 -0.22771698800701812
-0.3221133862226668 -0.30786726008813975
-0.33654860531771263 -0.34794239612870054
-0.3654190435078043 -0.34794239612870054
-0.46646557717312503 -0.3880175321692613
-0.46646557717312503 -0.3880175321692613
-0.4809007962681709 -0.3579611801388407
-0.5386416726483542 -0.3779987481591211
-0.5963825490285375 -0.4180738841996819
-0.6252529872186291 -0.4180738841996819
-0.6252529872186291 -0.4280926682098221
-0.6252529872186291 -0.43811145221996234
-0.5963825490285375 -0.43811145221996234
-0.5963825490285375 -0.4481302362301025
-0.6252529872186291 -0.4882053722706633
-0.6685586445037666 -0.5082429402909437
-0.7262995208839499 -0.4781865882605231
-0.7118643017889041 -0.43811145221996234
-0.6829938635988124 -0.4180738841996819
-0.6108177681235833 -0.3779987481591211
-0.5819473299334916 -0.3980363161794015
-0.5675121108384459 -0.36797996414898093
-0.6108177681235833 -0.3779987481591211
-0.5819473299334916 -0.34794239612870054
-0.46646557717312503 -0.32790482810842014
-0.4375951389830334 -0.30786726008813975
-0.42315991988798757 -0.3178860440982799
-0.4375951389830334 -0.2878296920678593
-0.42315991988798757 -0.2878296920678593
-0.3654190435078043 -0.21769820399687792
-0.33654860531771263 -0.15758549993603674
-0.2788077289375293 -0.11751036389547594
-0.3221133862226668 -0.11751036389547594
-0.35098382441275844 -0.11751036389547594
-0.40872470079294176 -0.09747279587519554
-0.3654190435078043 -0.01732252379407394
-0.29324294803257517 -0.04737887582449454
-0.29324294803257517 -0.06741644384477494
-0.23550207165239184 -0.11751036389547594
-0.24993729074743767 -0.14756671592589654
-0.2788077289375293 -0.14756671592589654
-0.2066316334623002 -0.10749157988533574
-0.19219641436725438 -0.07743522785491513
-0.1488907570821169 -0.09747279587519554
-0.2066316334623002 -0.10749157988533574
-0.22106685255734604 -0.09747279587519554
-0.2643725098424835 -0.10749157988533574
-0.2066316334623002 -0.11751036389547594
-0.17776119527220854 -0.09747279587519554
-0.13445553798707108 -0.12752914790561615
-0.1633259761771627 -0.14756671592589654
-0.23550207165239184 -0.12752914790561615
-0.2788077289375293 -0.09747279587519554
-0.2643725098424835 -0.007303739783933743
-0.33654860531771263 0.012733828236346657
-0.3654190435078043 0.032771396256627054
-0.46646557717312503 0.012733828236346657
-0.6252529872186291 -0.04737887582449454
-0.7984756163591791 -0.3178860440982799
-0.8273460545492707 -0.8789379486661311
-0.7696051781690874 -1.5001025572948234
-0.6541234254087208 -2.1513235179539363
-0.4953360153632167 -2.83260083064347
-0.3221133862226668 -3.473803007292443
-0.22106685255734604 -4.014817343840013
-0.06227944251184195 -4.3855123522152
0.11094318662870796 -4.605925600438285
0.22642493938907457 -4.686075872519407
0.3419066921494412 -4.656019520488986
0.5295645403850369 -4.505737760336883
0.8904450177611826 -4.104986399931275
1.3812424669927406 -3.283446111099779
1.9009103544143904 -2.201417438004637
2.1896147363153067 -1.1594639009500567
2.175179517220261 -0.5382992923213643
1.9730864498896195 -0.25777334003743874
1.6266411916085197 -0.14756671592589654
1.3235015906125573 -0.007303739783933743
0.9193154559512742 0.09288410031746826
0.6450462931454035 0.19307194041887024
0.4285180067197161 0.3032785645304124
0.21198972029402874 0.3734100526013938
0.08207274843861631 0.3934476206216742
-0.004538566131658644 0.43352275666223505
-0.03340900432175029 0.43352275666223505
-0.0911498807019336 0.45356032468251545
-0.1633259761771627 0.47359789270279584
-0.19219641436725438 0.4635791086926556
-0.12002031889202525 0.49363546072307624
-0.0911498807019336 0.5036542447332164
-0.018973785226704468 0.5637669487940576
-0.004538566131658644 0.5537481647839174
-0.03340900432175029 0.5136730287433566
-0.06227944251184195 0.5136730287433566
-0.0911498807019336 0.5236918127534969
-0.10558509979697943 0.5437293807737772
-0.07671466160688777 0.5737857328041979
-0.047844223416796124 0.5938233008244782
0.009896652963387181 0.5637669487940576
0.009896652963387181 0.533710596763637
-0.018973785226704468 0.533710596763637
-0.004538566131658644 0.5437293807737772
-0.018973785226704468 0.5437293807737772
-0.03340900432175029 0.533710596763637
-0.0911498807019336 0.5637669487940576
-0.047844223416796124 0.533710596763637
-0.03340900432175029 0.5437293807737772
-0.004538566131658644 0.5737857328041979
0.009896652963387181 0.5637669487940576
0.009896652963387181 0.5537481647839174
0.06763752934357048 0.5537481647839174
0.009896652963387181 0.533710596763637
-0.018973785226704468 0.5437293807737772
-0.004538566131658644 0.583804516814338
0.03876709115347883 0.6038420848346184
0.08207274843861631 0.6238796528548988
0.12537840572375378 0.6138608688447587
0.11094318662870796 0.5737857328041979
0.11094318662870796 0.583804516814338
0.09650796753366213 0.583804516814338
0.11094318662870796 0.633898436865039
0.1398136248187996 0.6539360048853194
0.09650796753366213 0.6238796528548988
0.11094318662870796 0.5637669487940576
0.11094318662870796 0.5637669487940576
0.15424884391384544 0.583804516814338
0.18311928210393708 0.5938233008244782
0.1975545011989829 0.5938233008244782
0.1975545011989829 0.5737857328041979
0.15424884391384544 0.533710596763637
0.15424884391384544 0.533710596763637
0.15424884391384544 0.533710596763637
0.1975545011989829 0.5637669487940576
0.2408601584841204 0.533710596763637
0.26973059667421206 0.49363546072307624
0.21198972029402874 0.45356032468251545
0.21198972029402874 0.4134851886419546
0.2552953775791662 0.40346640463181443
0.28416581576925787 0.40346640463181443
0.31303625395934953 0.3934476206216742
0.3419066921494412 0.3533724845811134
0.31303625395934953 0.32331613255069286
0.29860103486430367 0.283240996510132
0.32747147305439533 0.283240996510132
0.3707771303395328 0.27322221249999185
0.3707771303395328 0.21310950843915064
0.41408278762467027 0.15299680437830945
0.38521234943457866 0.15299680437830945
0.3707771303395328 0.08286531630732805
0.39964756852962446 0.11292166833774865
0.41408278762467027 0.10290288432760845
0.44295322581476193 0.06282774828704765
0.41408278762467027 0.002715044226206457
0.356341911244487 -0.06741644384477494
0.3419066921494412 -0.08745401186505533
0.38521234943457866 -0.06741644384477494
0.44295322581476193 -0.027341307804214142
0.4862588830998994 -0.03736009181435434
0.4862588830998994 -0.05739765983463474
0.4573884449098078 -0.11751036389547594
0.41408278762467027 -0.20767941998673772
0.3419066921494412 -0.20767941998673772
0.3707771303395328 -0.17762306795631713
0.3419066921494412 -0.21769820399687792
0.32747147305439533 -0.23773577201715831
0.32747147305439533 -0.2677921240475789
0.38521234943457866 -0.23773577201715831
0.3707771303395328 -0.18764185196645733
0.38521234943457866 -0.18764185196645733
0.31303625395934953 -0.19766063597659753
0.26973059667421206 -0.19766063597659753
0.21198972029402874 -0.17762306795631713
0.1398136248187996 -0.18764185196645733
0.18311928210393708 -0.12752914790561615
0.21198972029402874 -0.09747279587519554
0.22642493938907457 -0.08745401186505533
0.16868406300889127 -0.08745401186505533
0.08207274843861631 -0.11751036389547594
0.009896652963387181 -0.10749157988533574
-0.004538566131658644 -0.05739765983463474
-0.004538566131658644 -0.08745401186505533
-0.047844223416796124 -0.05739765983463474
-0.0911498807019336 -0.05739765983463474
-0.0911498807019336 -0.05739765983463474
-0.12002031889202525 -0.04737887582449454
-0.0911498807019336 0.012733828236346657
-0.0911498807019336 0.032771396256627054
-0.13445553798707108 0.012733828236346657
-0.1633259761771627 -0.01732252379407394
-0.2066316334623002 -0.027341307804214142
-0.29324294803257517 -0.01732252379407394
-0.24993729074743767 0.04279018026676725
-0.17776119527220854 0.08286531630732805
-0.1488907570821169 0.06282774828704765
-0.1488907570821169 -0.007303739783933743
-0.2066316334623002 -0.01732252379407394
-0.24993729074743767 -0.007303739783933743
-0.2788077289375293 0.04279018026676725
-0.24993729074743767 0.09288410031746826
-0.2643725098424835 0.10290288432760845
-0.24993729074743767 0.10290288432760845
-0.2643725098424835 0.09288410031746826
-0.2788077289375293 0.08286531630732805
-0.30767816712762097 0.12294045234788885
-0.2643725098424835 0.11292166833774865
-0.29324294803257517 0.12294045234788885
-0.30767816712762097 0.12294045234788885
-0.35098382441275844 0.09288410031746826
-0.42315991988798757 0.13295923635802906
-0.3942894816978959 0.16301558838844965
-0.3798542626028501 0.19307194041887024
-0.3221133862226668 0.17303437239858985
-0.3654190435078043 0.12294045234788885
-0.40872470079294176 0.13295923635802906
-0.4375951389830334 0.12294045234788885
-0.4375951389830334 0.17303437239858985
-0.42315991988798757 0.22312829244929083
-0.42315991988798757 0.25318464447971145
-0.46646557717312503 0.21310950843915064
-0.46646557717312503 0.16301558838844965
-0.5097712344582626 0.14297802036816926
-0.5097712344582626 0.17303437239858985
-0.46646557717312503 0.18305315640873004
-0.46646557717312503 0.18305315640873004
-0.4809007962681709 0.13295923635802906
-0.4809007962681709 0.14297802036816926
-0.5097712344582626 0.10290288432760845
-0.4809007962681709 0.15299680437830945
-0.4953360153632167 0.18305315640873004
-0.5097712344582626 0.17303437239858985
-0.46646557717312503 0.12294045234788885
-0.5097712344582626 0.10290288432760845
-0.5386416726483542 0.09288410031746826
-0.5097712344582626 0.13295923635802906
-0.45203035807807923 0.15299680437830945
-0.42315991988798757 0.15299680437830945
-0.4375951389830334 0.13295923635802906
-0.4809007962681709 0.09288410031746826
-0.5386416726483542 0.06282774828704765
-0.4953360153632167 0.08286531630732805
-0.4953360153632167 0.07284653229718785
-0.4809007962681709 0.06282774828704765
-0.46646557717312503 0.052808964276907455
-0.46646557717312503 0.022752612246486857
-0.4809007962681709 0.012733828236346657
-0.45203035807807923 0.052808964276907455
-0.42315991988798757 0.07284653229718785
-0.42315991988798757 0.07284653229718785
-0.46646557717312503 0.04279018026676725
-0.5242064535533083 0.022752612246486857
-0.5097712344582626 0.022752612246486857
-0.46646557717312503 0.012733828236346657
-0.40872470079294176 0.022752612246486857
-0.35098382441275844 0.022752612246486857
-0.35098382441275844 0.002715044226206457
-0.3798542626028501 -0.027341307804214142
-0.3942894816978959 0.002715044226206457
-0.42315991988798757 0.012733828236346657
-0.40872470079294176 0.04279018026676725
-0.3942894816978959 0.022752612246486857
-0.3654190435078043 0.012733828236346657
-0.4375951389830334 -0.027341307804214142
-0.40872470079294176 -0.05739765983463474
-0.3942894816978959 -0.04737887582449454
-0.3654190435078043 -0.04737887582449454
-0.3654190435078043 -0.007303739783933743
-0.3654190435078043 0.002715044226206457
-0.45203035807807923 0.002715044226206457
-0.4809007962681709 0.052808964276907455
-0.42315991988798757 0.12294045234788885
-0.35098382441275844 0.13295923635802906
-0.24993729074743767 0.14297802036816926
-0.22106685255734604 0.12294045234788885
-0.2066316334623002 0.10290288432760845
-0.24993729074743767 0.10290288432760845
-0.2788077289375293 0.13295923635802906
-0.2788077289375293 0.14297802036816926
-0.2643725098424835 0.15299680437830945
-0.24993729074743767 0.15299680437830945
-0.24993729074743767 0.15299680437830945
-0.30767816712762097 0.12294045234788885
-0.24993729074743767 0.15299680437830945
-0.23550207165239184 0.09288410031746826
-0.23550207165239184 0.012733828236346657
-0.29324294803257517 -0.10749157988533574
-0.35098382441275844 -0.16760428394617694
-0.4375951389830334 -0.18764185196645733
-0.3942894816978959 -0.15758549993603674
-0.3654190435078043 -0.16760428394617694
-0.33654860531771263 -0.17762306795631713
-0.30767816712762097 -0.22771698800701812
-0.3654190435078043 -0.27781090805771913
-0.3798542626028501 -0.30786726008813975
-0.3798542626028501 -0.30786726008813975
-0.3798542626028501 -0.2978484760779995
-0.40872470079294176 -0.27781090805771913
-0.4375951389830334 -0.2677921240475789
-0.4809007962681709 -0.2878296920678593
-0.5386416726483542 -0.30786726008813975
-0.4953360153632167 -0.3379236121185603
-0.4953360153632167 -0.3779987481591211
-0.4953360153632167 -0.3980363161794015
-0.5675121108384459 -0.4180738841996819
-0.5819473299334916 -0.43811145221996234
-0.5963825490285375 -0.4481302362301025
-0.5963825490285375 -0.43811145221996234
-0.5819473299334916 -0.4080551001895417
-0.5819473299334916 -0.4180738841996819
-0.5963825490285375 -0.4280926682098221
-0.639688206313675 -0.43811145221996234
-0.6829938635988124 -0.4681678042503829
-0.6252529872186291 -0.4180738841996819
-0.5819473299334916 -0.3779987481591211
-0.5386416726483542 -0.3379236121185603
-0.4953360153632167 -0.32790482810842014
-0.4809007962681709 -0.3178860440982799
-0.5242064535533083 -0.32790482810842014
-0.46646557717312503 -0.2878296920678593
-0.40872470079294176 -0.24775455602729854
-0.33654860531771263 -0.22771698800701812
-0.3654190435078043 -0.22771698800701812
-0.35098382441275844 -0.18764185196645733
-0.33654860531771263 -0.12752914790561615
-0.33654860531771263 -0.07743522785491513
-0.2788077289375293 -0.05739765983463474
-0.2643725098424835 -0.01732252379407394
-0.2643725098424835 -0.04737887582449454
-0.3221133862226668 -0.07743522785491513
-0.35098382441275844 -0.09747279587519554
-0.2788077289375293 -0.027341307804214142
-0.23550207165239184 0.002715044226206457
-0.2066316334623002 0.022752612246486857
-0.17776119527220854 0.012733828236346657
-0.17776119527220854 0.002715044226206457
-0.2066316334623002 -0.07743522785491513
-0.22106685255734604 -0.09747279587519554
-0.22106685255734604 -0.08745401186505533
-0.2066316334623002 -0.10749157988533574
-0.23550207165239184 -0.11751036389547594
-0.2643725098424835 -0.12752914790561615
-0.2643725098424835 -0.11751036389547594
-0.22106685255734604 -0.07743522785491513
-0.17776119527220854 -0.04737887582449454
-0.1633259761771627 -0.01732252379407394
-0.2066316334623002 -0.007303739783933743
-0.30767816712762097 -0.027341307804214142
-0.3798542626028501 -0.007303739783933743
-0.4809007962681709 0.032771396256627054
-0.6541234254087208 0.032771396256627054
-0.7262995208839499 -0.21769820399687792
-0.7696051781690874 -0.8589003806458507
-0.7262995208839499 -1.5902716133860852
-0.639688206313675 -2.291586494095899
-0.5097712344582626 -2.972863806785433
-0.3798542626028501 -3.634103551454686
-0.22106685255734604 -4.195155456022537
-0.1633259761771627 -4.555831680387584
-0.018973785226704468 -4.7762449286106685
0.09650796753366213 -4.7762449286106685
0.32747147305439533 -4.666038304499127
0.6161758549553118 -4.395531136225341
1.020361989616595 -3.7843853116067887
1.5544650961332904 -2.82258204663333
1.8864751353193445 -1.7205158055179077
2.0741329835549402 -0.8488815966357105
2.0452625453648485 -0.2878296920678593
1.8720399162242987 -0.07743522785491513
1.6988172870837488 0.052808964276907455
1.3812424669927406 0.11292166833774865
1.020361989616595 0.14297802036816926
0.6594815122404494 0.16301558838844965
0.44295322581476193 0.27322221249999185
0.31303625395934953 0.43352275666223505
0.15424884391384544 0.4635791086926556
0.024331872058433006 0.49363546072307624
-0.07671466160688777 0.483616676712936
-0.1488907570821169 0.483616676712936
-0.12002031889202525 0.533710596763637
-0.12002031889202525 0.5637669487940576
-0.07671466160688777 0.5537481647839174
-0.06227944251184195 0.5437293807737772
-0.10558509979697943 0.5236918127534969
-0.10558509979697943 0.533710596763637
-0.12002031889202525 0.533710596763637
-0.0911498807019336 0.5938233008244782
-0.047844223416796124 0.633898436865039
-0.047844223416796124 0.633898436865039
-0.06227944251184195 0.5938233008244782
-0.07671466160688777 0.633898436865039
-0.07671466160688777 0.633898436865039
-0.03340900432175029 0.6038420848346184
-0.12002031889202525 0.6038420848346184
-0.047844223416796124 0.583804516814338
-0.018973785226704468 0.583804516814338
-0.004538566131658644 0.583804516814338
-0.03340900432175029 0.583804516814338
0.053202310248524655 0.633898436865039
0.08207274843861631 0.6639547888954596
0.06763752934357048 0.6539360048853194
0.053202310248524655 0.6138608688447587
0.009896652963387181 0.6038420848346184
0.024331872058433006 0.6439172208751792
0.053202310248524655 0.7040299249360205
0.09650796753366213 0.7040299249360205
0.12537840572375378 0.6940111409258802
0.1398136248187996 0.6739735729055998
0.053202310248524655 0.6639547888954596
0.03876709115347883 0.6739735729055998
0.09650796753366213 0.68399235691574
0.12537840572375378 0.6739735729055998
0.12537840572375378 0.6739735729055998
0.09650796753366213 0.6739735729055998
0.06763752934357048 0.6739735729055998
0.12537840572375378 0.7240674929563008
0.18311928210393708 0.734086276966441
0.1975545011989829 0.7441050609765812
0.18311928210393708 0.7040299249360205
0.18311928210393708 0.6739735729055998
0.09650796753366213 0.6739735729055998
0.11094318662870796 0.68399235691574
0.15424884391384544 0.7140487089461606
0.15424884391384544 0.734086276966441
0.21198972029402874 0.7140487089461606
0.2552953775791662 0.6940111409258802
0.21198972029402874 0.7140487089461606
0.2408601584841204 0.7641426289968616
0.3419066921494412 0.7441050609765812
0.3707771303395328 0.6739735729055998
0.29860103486430367 0.633898436865039
0.26973059667421206 0.6138608688447587
0.21198972029402874 0.5537481647839174
0.2408601584841204 0.5737857328041979
0.29860103486430367 0.6038420848346184
0.3419066921494412 0.5938233008244782
0.41408278762467027 0.5737857328041979
0.41408278762467027 0.583804516814338
0.3707771303395328 0.533710596763637
0.39964756852962446 0.533710596763637
0.41408278762467027 0.533710596763637
0.44295322581476193 0.49363546072307624
0.41408278762467027 0.40346640463181443
0.3707771303395328 0.3533724845811134
0.3707771303395328 0.3533724845811134
0.4718236640048536 0.3533724845811134
0.5439997594800827 0.34335370057097325
0.6306110740503577 0.31329734854055263
0.601740635860266 0.24316586046957123
0.5728701976701743 0.19307194041887024
0.5295645403850369 0.16301558838844965
0.5006941021949453 0.16301558838844965
0.5439997594800827 0.14297802036816926
0.5151293212899911 0.12294045234788885
0.5439997594800827 0.09288410031746826
0.6161758549553118 0.052808964276907455
0.5873054167652202 0.032771396256627054
0.6450462931454035 0.06282774828704765
0.688351950430541 0.04279018026676725
0.7172223886206326 0.002715044226206457
0.6594815122404494 -0.01732252379407394
0.6161758549553118 -0.03736009181435434
0.5728701976701743 -0.03736009181435434
0.5728701976701743 -0.007303739783933743
0.5584349785751286 0.012733828236346657
0.5584349785751286 -0.03736009181435434
0.5584349785751286 -0.08745401186505533
0.5584349785751286 -0.10749157988533574
0.5295645403850369 -0.15758549993603674
0.5295645403850369 -0.12752914790561615
0.5439997594800827 -0.09747279587519554
0.5151293212899911 -0.06741644384477494
0.5006941021949453 -0.03736009181435434
0.39964756852962446 -0.05739765983463474
0.32747147305439533 -0.027341307804214142
0.38521234943457866 0.022752612246486857
0.356341911244487 0.022752612246486857
0.3707771303395328 0.022752612246486857
0.3419066921494412 0.002715044226206457
0.28416581576925787 -0.007303739783933743
0.22642493938907457 -0.03736009181435434
0.21198972029402874 -0.007303739783933743
0.21198972029402874 0.052808964276907455
0.1975545011989829 0.07284653229718785
0.12537840572375378 0.09288410031746826
0.09650796753366213 0.08286531630732805
0.053202310248524655 0.07284653229718785
0.053202310248524655 0.10290288432760845
0.053202310248524655 0.10290288432760845
0.024331872058433006 0.11292166833774865
0.009896652963387181 0.11292166833774865
-0.03340900432175029 0.12294045234788885
-0.03340900432175029 0.15299680437830945
-0.06227944251184195 0.21310950843915064
-0.03340900432175029 0.25318464447971145
-0.047844223416796124 0.27322221249999185
-0.07671466160688777 0.23314707645943103
-0.12002031889202525 0.24316586046957123
-0.17776119527220854 0.19307194041887024
-0.1633259761771627 0.23314707645943103
-0.1633259761771627 0.2632034284898516
-0.10558509979697943 0.3032785645304124
-0.07671466160688777 0.3032785645304124
-0.12002031889202525 0.29325978052027224
-0.1633259761771627 0.31329734854055263
-0.22106685255734604 0.33333491656083303
-0.19219641436725438 0.33333491656083303
-0.17776119527220854 0.34335370057097325
-0.2066316334623002 0.32331613255069286
-0.23550207165239184 0.3032785645304124
-0.2788077289375293 0.31329734854055263
-0.23550207165239184 0.3533724845811134
-0.29324294803257517 0.4134851886419546
-0.19219641436725438 0.4134851886419546
-0.1633259761771627 0.4134851886419546
-0.2066316334623002 0.4134851886419546
-0.2643725098424835 0.42350397265209483
-0.2643725098424835 0.4134851886419546
-0.29324294803257517 0.47359789270279584
-0.2788077289375293 0.483616676712936
-0.2788077289375293 0.4635791086926556
-0.35098382441275844 0.45356032468251545
-0.3942894816978959 0.4435415406723752
-0.3942894816978959 0.483616676712936
-0.33654860531771263 0.45356032468251545
-0.2788077289375293 0.43352275666223505
-0.24993729074743767 0.3934476206216742
-0.2788077289375293 0.3734100526013938
-0.33654860531771263 0.36339126859125365
-0.33654860531771263 0.4134851886419546
-0.33654860531771263 0.4134851886419546
-0.3654190435078043 0.4134851886419546
-0.33654860531771263 0.43352275666223505
-0.35098382441275844 0.4134851886419546
-0.3654190435078043 0.3934476206216742
-0.33654860531771263 0.42350397265209483
-0.33654860531771263 0.4134851886419546
-0.3221133862226668 0.4134851886419546
-0.35098382441275844 0.3934476206216742
-0.40872470079294176 0.34335370057097325
-0.46646557717312503 0.29325978052027224
-0.45203035807807923 0.31329734854055263
-0.4375951389830334 0.34335370057097325
-0.40872470079294176 0.36339126859125365
-0.3942894816978959 0.31329734854055263
-0.3798542626028501 0.3032785645304124
-0.3798542626028501 0.3032785645304124
-0.3654190435078043 0.29325978052027224
-0.3221133862226668 0.29325978052027224
-0.35098382441275844 0.283240996510132
-0.3798542626028501 0.2632034284898516
-0.40872470079294176 0.2632034284898516
-0.4953360153632167 0.22312829244929083
-0.4375951389830334 0.25318464447971145
-0.42315991988798757 0.27322221249999185
-0.3942894816978959 0.27322221249999185
-0.3798542626028501 0.24316586046957123
-0.3942894816978959 0.20309072442901044
-0.3942894816978959 0.14297802036816926
-0.40872470079294176 0.14297802036816926
-0.33654860531771263 0.15299680437830945
-0.33654860531771263 0.17303437239858985
-0.3654190435078043 0.19307194041887024
-0.3798542626028501 0.16301558838844965
-0.40872470079294176 0.16301558838844965
-0.3942894816978959 0.19307194041887024
-0.35098382441275844 0.20309072442901044
-0.29324294803257517 0.19307194041887024
-0.2788077289375293 0.15299680437830945
-0.33654860531771263 0.11292166833774865
-0.35098382441275844 0.08286531630732805
-0.3221133862226668 0.13295923635802906
-0.2788077289375293 0.15299680437830945
-0.24993729074743767 0.19307194041887024
-0.23550207165239184 0.16301558838844965
-0.2643725098424835 0.15299680437830945
-0.30767816712762097 0.14297802036816926
-0.3221133862226668 0.15299680437830945
-0.29324294803257517 0.15299680437830945
-0.23550207165239184 0.16301558838844965
-0.29324294803257517 0.11292166833774865
-0.30767816712762097 0.09288410031746826
-0.30767816712762097 0.10290288432760845
-0.2788077289375293 0.19307194041887024
-0.30767816712762097 0.21310950843915064
-0.2643725098424835 0.25318464447971145
-0.2643725098424835 0.25318464447971145
-0.30767816712762097 0.23314707645943103
-0.3654190435078043 0.23314707645943103
-0.30767816712762097 0.24316586046957123
-0.2788077289375293 0.27322221249999185
-0.1633259761771627 0.34335370057097325
-0.17776119527220854 0.31329734854055263
-0.13445553798707108 0.31329734854055263
-0.17776119527220854 0.283240996510132
-0.13445553798707108 0.3032785645304124
-0.1488907570821169 0.34335370057097325
-0.06227944251184195 0.3032785645304124
-0.06227944251184195 0.2632034284898516
-0.10558509979697943 0.3032785645304124
-0.1633259761771627 0.3032785645304124
-0.1633259761771627 0.31329734854055263
-0.1633259761771627 0.31329734854055263
-0.13445553798707108 0.29325978052027224
-0.13445553798707108 0.20309072442901044
-0.1488907570821169 0.07284653229718785
-0.17776119527220854 0.022752612246486857
-0.17776119527220854 -0.01732252379407394
-0.22106685255734604 -0.027341307804214142
-0.2066316334623002 -0.03736009181435434
-0.23550207165239184 -0.08745401186505533
-0.2643725098424835 -0.09747279587519554
-0.33654860531771263 -0.13754793191575634
-0.2788077289375293 -0.08745401186505533
-0.23550207165239184 -0.08745401186505533
-0.23550207165239184 -0.10749157988533574
-0.19219641436725438 -0.14756671592589654
-0.2788077289375293 -0.19766063597659753
-0.3221133862226668 -0.21769820399687792
-0.35098382441275844 -0.18764185196645733
-0.35098382441275844 -0.17762306795631713
-0.3942894816978959 -0.18764185196645733
-0.4375951389830334 -0.22771698800701812
-0.4953360153632167 -0.23773577201715831
-0.5386416726483542 -0.27781090805771913
-0.5242064535533083 -0.2677921240475789
-0.4809007962681709 -0.25777334003743874
-0.42315991988798757 -0.2878296920678593
-0.4809007962681709 -0.3178860440982799
-0.4809007962681709 -0.36797996414898093
-0.5530768917434 -0.36797996414898093
-0.5530768917434 -0.30786726008813975
-0.5675121108384459 -0.24775455602729854
-0.5675121108384459 -0.23773577201715831
-0.5530768917434 -0.25777334003743874
-0.5386416726483542 -0.2878296920678593
-0.5242064535533083 -0.2978484760779995
-0.46646557717312503 -0.2677921240475789
-0.42315991988798757 -0.19766063597659753
-0.35098382441275844 -0.16760428394617694
-0.3654190435078043 -0.13754793191575634
-0.42315991988798757 -0.14756671592589654
-0.45203035807807923 -0.10749157988533574
-0.46646557717312503 -0.08745401186505533
-0.3654190435078043 -0.08745401186505533
-0.22106685255734604 -0.07743522785491513
-0.19219641436725438 -0.06741644384477494
-0.2066316334623002 -0.06741644384477494
-0.22106685255734604 -0.007303739783933743
-0.2066316334623002 0.032771396256627054
-0.2066316334623002 0.07284653229718785
-0.22106685255734604 0.09288410031746826
-0.2066316334623002 0.12294045234788885
-0.22106685255734604 0.15299680437830945
-0.23550207165239184 0.15299680437830945
-0.19219641436725438 0.16301558838844965
-0.1488907570821169 0.17303437239858985
-0.12002031889202525 0.15299680437830945
-0.10558509979697943 0.13295923635802906
-0.10558509979697943 0.09288410031746826
-0.12002031889202525 0.07284653229718785
-0.10558509979697943 0.10290288432760845
-0.0911498807019336 0.13295923635802906
-0.047844223416796124 0.13295923635802906
-0.07671466160688777 0.14297802036816926
-0.10558509979697943 0.12294045234788885
-0.13445553798707108 0.12294045234788885
-0.10558509979697943 0.14297802036816926
-0.06227944251184195 0.13295923635802906
-0.03340900432175029 0.14297802036816926
-0.06227944251184195 0.12294045234788885
-0.07671466160688777 0.09288410031746826
-0.10558509979697943 0.09288410031746826
-0.13445553798707108 0.12294045234788885
-0.13445553798707108 0.16301558838844965
-0.10558509979697943 0.21310950843915064
-0.13445553798707108 0.21310950843915064
-0.17776119527220854 0.21310950843915064
-0.30767816712762097 0.22312829244929083
-0.3942894816978959 0.25318464447971145
-0.4809007962681709 0.20309072442901044
-0.5386416726483542 -0.07743522785491513
-0.6108177681235833 -0.6885810524734673
-0.5675121108384459 -1.3598395811528607
-0.42315991988798757 -1.9910229737916931
-0.24993729074743767 -2.632225150440666
-0.0911498807019336 -3.2433709750592183
0.12537840572375378 -3.84449801566763
0.2408601584841204 -4.36547478419492
0.356341911244487 -4.7762449286106685
0.41408278762467027 -5.046752096884454
0.5006941021949453 -5.086827232925015
0.6450462931454035 -5.016695744854033
0.7893984840958618 -4.87643276871207
1.092538085091824 -4.495718976326743
1.511159438848153 -3.8244604476473496
1.9730864498896195 -2.7624693425724884
2.3195317081707194 -1.5401776933353843
2.435013460931086 -0.6985998364836075
2.3339669272657653 -0.22771698800701812
2.1318738599351237 -0.007303739783933743
1.828734258939161 0.12294045234788885
1.4245481242778781 0.19307194041887024
0.9914915514265034 0.27322221249999185
0.6450462931454035 0.42350397265209483
0.4862588830998994 0.5437293807737772
0.31303625395934953 0.6138608688447587
0.18311928210393708 0.6439172208751792
0.09650796753366213 0.6439172208751792
0.009896652963387181 0.6639547888954596
0.024331872058433006 0.7040299249360205
-0.004538566131658644 0.6940111409258802
-0.03340900432175029 0.6739735729055998
-0.047844223416796124 0.633898436865039
-0.0911498807019336 0.6639547888954596
-0.03340900432175029 0.734086276966441
-0.004538566131658644 0.7441050609765812
0.03876709115347883 0.7541238449867214
0.09650796753366213 0.7441050609765812
0.06763752934357048 0.7240674929563008
0.024331872058433006 0.7040299249360205
0.009896652963387181 0.7441050609765812
0.009896652963387181 0.784180197017142
0.024331872058433006 0.784180197017142
0.009896652963387181 0.7441050609765812
0.009896652963387181 0.7040299249360205
-0.004538566131658644 0.7040299249360205
0.06763752934357048 0.7641426289968616
0.12537840572375378 0.784180197017142
0.12537840572375378 0.7741614130070018
0.12537840572375378 0.7240674929563008
0.06763752934357048 0.68399235691574
0.009896652963387181 0.6639547888954596
-0.004538566131658644 0.7140487089461606
0.053202310248524655 0.7641426289968616
0.06763752934357048 0.7941989810272821
0.1398136248187996 0.8042177650374224
0.15424884391384544 0.7741614130070018
0.15424884391384544 0.7741614130070018
0.1398136248187996 0.7641426289968616
0.18311928210393708 0.7641426289968616
0.15424884391384544 0.784180197017142
0.1398136248187996 0.7641426289968616
0.08207274843861631 0.7741614130070018
0.09650796753366213 0.784180197017142
0.12537840572375378 0.8242553330577028
0.15424884391384544 0.8442929010779832
0.18311928210393708 0.8242553330577028
0.2552953775791662 0.8142365490475626
0.21198972029402874 0.784180197017142
0.16868406300889127 0.784180197017142
0.18311928210393708 0.8042177650374224
0.18311928210393708 0.8543116850881234
0.22642493938907457 0.834274117067843
0.2408601584841204 0.8142365490475626
0.2408601584841204 0.834274117067843
0.21198972029402874 0.7541238449867214
0.2552953775791662 0.784180197017142
0.28416581576925787 0.7541238449867214
0.32747147305439533 0.784180197017142
0.28416581576925787 0.7641426289968616
0.2408601584841204 0.734086276966441
0.21198972029402874 0.7140487089461606
0.26973059667421206 0.7140487089461606
0.28416581576925787 0.7541238449867214
0.32747147305439533 0.7641426289968616
0.356341911244487 0.7140487089461606
0.31303625395934953 0.6439172208751792
0.29860103486430367 0.583804516814338
0.29860103486430367 0.633898436865039
0.3419066921494412 0.6539360048853194
0.41408278762467027 0.6439172208751792
0.4285180067197161 0.6138608688447587
0.38521234943457866 0.5637669487940576
0.3707771303395328 0.5036542447332164
0.38521234943457866 0.4635791086926556
0.4285180067197161 0.40346640463181443
0.44295322581476193 0.36339126859125365
0.4862588830998994 0.33333491656083303
0.4573884449098078 0.283240996510132
0.4862588830998994 0.25318464447971145
0.4862588830998994 0.283240996510132
0.5295645403850369 0.29325978052027224
0.4862588830998994 0.283240996510132
0.4862588830998994 0.23314707645943103
0.4718236640048536 0.15299680437830945
0.41408278762467027 0.11292166833774865
0.4285180067197161 0.09288410031746826
0.4718236640048536 0.08286531630732805
0.5006941021949453 0.07284653229718785
0.5295645403850369 0.06282774828704765
0.5584349785751286 0.022752612246486857
0.5295645403850369 0.002715044226206457
0.5295645403850369 -0.007303739783933743
0.5439997594800827 0.022752612246486857
0.5151293212899911 0.002715044226206457
0.4862588830998994 -0.01732252379407394
0.4573884449098078 -0.04737887582449454
0.38521234943457866 -0.07743522785491513
0.44295322581476193 -0.05739765983463474
0.4573884449098078 -0.04737887582449454
0.4718236640048536 -0.04737887582449454
0.4718236640048536 -0.03736009181435434
0.39964756852962446 -0.06741644384477494
0.28416581576925787 -0.06741644384477494
0.2552953775791662 -0.027341307804214142
0.18311928210393708 -0.007303739783933743
0.18311928210393708 0.012733828236346657
0.15424884391384544 0.002715044226206457
0.11094318662870796 -0.007303739783933743
0.11094318662870796 0.022752612246486857
0.09650796753366213 0.07284653229718785
0.08207274843861631 0.052808964276907455
0.03876709115347883 0.07284653229718785
-0.018973785226704468 0.052808964276907455
-0.10558509979697943 0.06282774828704765
-0.19219641436725438 0.08286531630732805
-0.17776119527220854 0.12294045234788885
-0.17776119527220854 0.17303437239858985
-0.12002031889202525 0.15299680437830945
-0.1488907570821169 0.13295923635802906
-0.19219641436725438 0.10290288432760845
-0.22106685255734604 0.10290288432760845
-0.2643725098424835 0.14297802036816926
-0.29324294803257517 0.17303437239858985
-0.29324294803257517 0.18305315640873004
-0.30767816712762097 0.19307194041887024
-0.35098382441275844 0.19307194041887024
-0.3942894816978959 0.17303437239858985
-0.35098382441275844 0.18305315640873004
-0.35098382441275844 0.19307194041887024
-0.3221133862226668 0.18305315640873004
-0.3221133862226668 0.17303437239858985
-0.40872470079294176 0.14297802036816926
-0.4375951389830334 0.14297802036816926
-0.4809007962681709 0.17303437239858985
-0.42315991988798757 0.22312829244929083
-0.3942894816978959 0.25318464447971145
-0.40872470079294176 0.27322221249999185
-0.45203035807807923 0.27322221249999185
-0.42315991988798757 0.2632034284898516
-0.4375951389830334 0.29325978052027224
-0.3942894816978959 0.2632034284898516
-0.3798542626028501 0.25318464447971145
-0.4375951389830334 0.24316586046957123
-0.5386416726483542 0.23314707645943103
-0.5530768917434 0.27322221249999185
-0.5242064535533083 0.29325978052027224
-0.5530768917434 0.32331613255069286
-0.5242064535533083 0.32331613255069286
-0.4953360153632167 0.31329734854055263
-0.4953360153632167 0.283240996510132
-0.5963825490285375 0.27322221249999185
-0.5675121108384459 0.3032785645304124
-0.5386416726483542 0.36339126859125365
-0.5386416726483542 0.38342883661153404
-0.5386416726483542 0.34335370057097325
-0.5963825490285375 0.32331613255069286
-0.6252529872186291 0.36339126859125365
-0.6541234254087208 0.3734100526013938
-0.639688206313675 0.4134851886419546
-0.5675121108384459 0.3934476206216742
-0.6108177681235833 0.3533724845811134
-0.6252529872186291 0.33333491656083303
-0.6685586445037666 0.32331613255069286
-0.6541234254087208 0.36339126859125365
-0.6252529872186291 0.3734100526013938
-0.5963825490285375 0.3734100526013938
-0.639688206313675 0.33333491656083303
-0.6685586445037666 0.29325978052027224
-0.7407347399789957 0.283240996510132
-0.6829938635988124 0.3032785645304124
-0.6685586445037666 0.32331613255069286
-0.6108177681235833 0.32331613255069286
-0.639688206313675 0.32331613255069286
-0.639688206313675 0.32331613255069286
-0.6685586445037666 0.283240996510132
-0.6829938635988124 0.283240996510132
-0.6829938635988124 0.32331613255069286
-0.639688206313675 0.33333491656083303
-0.6829938635988124 0.27322221249999185
-0.6974290826938583 0.22312829244929083
-0.7118643017889041 0.22312829244929083
-0.6685586445037666 0.24316586046957123
-0.639688206313675 0.23314707645943103
-0.639688206313675 0.25318464447971145
-0.5675121108384459 0.27322221249999185
-0.5819473299334916 0.21310950843915064
-0.639688206313675 0.21310950843915064
-0.6829938635988124 0.23314707645943103
-0.639688206313675 0.24316586046957123
-0.6541234254087208 0.23314707645943103
-0.6252529872186291 0.21310950843915064
-0.639688206313675 0.21310950843915064
-0.6108177681235833 0.19307194041887024
-0.6108177681235833 0.2632034284898516
-0.5675121108384459 0.27322221249999185
-0.5242064535533083 0.25318464447971145
-0.5530768917434 0.24316586046957123
-0.6108177681235833 0.22312829244929083
-0.6252529872186291 0.18305315640873004
-0.6541234254087208 0.19307194041887024
-0.6252529872186291 0.20309072442901044
-0.5963825490285375 0.21310950843915064
-0.5530768917434 0.20309072442901044
-0.5530768917434 0.20309072442901044
-0.5675121108384459 0.18305315640873004
-0.5819473299334916 0.18305315640873004
-0.5819473299334916 0.13295923635802906
-0.6108177681235833 0.14297802036816926
-0.639688206313675 0.14297802036816926
-0.639688206313675 0.14297802036816926
-0.6541234254087208 0.13295923635802906
-0.5963825490285375 0.15299680437830945
-0.5386416726483542 0.24316586046957123
-0.5097712344582626 0.2632034284898516
-0.4809007962681709 0.3032785645304124
-0.4809007962681709 0.29325978052027224
-0.5386416726483542 0.33333491656083303
-0.5242064535533083 0.36339126859125365
-0.4953360153632167 0.3934476206216742
-0.4953360153632167 0.3533724845811134
-0.4375951389830334 0.29325978052027224
-0.42315991988798757 0.283240996510132
-0.42315991988798757 0.27322221249999185
-0.40872470079294176 0.3032785645304124
-0.40872470079294176 0.31329734854055263
-0.4375951389830334 0.29325978052027224
-0.46646557717312503 0.23314707645943103
-0.5097712344582626 0.18305315640873004
-0.5530768917434 0.10290288432760845
-0.5530768917434 0.07284653229718785
-0.5530768917434 -0.007303739783933743
-0.5242064535533083 -0.007303739783933743
-0.5097712344582626 -0.03736009181435434
-0.5097712344582626 -0.08745401186505533
-0.5675121108384459 -0.08745401186505533
-0.5819473299334916 -0.11751036389547594
-0.5675121108384459 -0.10749157988533574
-0.6252529872186291 -0.10749157988533574
-0.6108177681235833 -0.12752914790561615
-0.6685586445037666 -0.13754793191575634
-0.7407347399789957 -0.14756671592589654
-0.6685586445037666 -0.16760428394617694
-0.7118643017889041 -0.20767941998673772
-0.6541234254087208 -0.24775455602729854
-0.7118643017889041 -0.27781090805771913
-0.7551699590740416 -0.34794239612870054
-0.8273460545492707 -0.3579611801388407
-0.8562164927393623 -0.30786726008813975
-0.8562164927393623 -0.2677921240475789
-0.8273460545492707 -0.27781090805771913
-0.8562164927393623 -0.2978484760779995
-0.8706517118344081 -0.3178860440982799
-0.8706517118344081 -0.30786726008813975
-0.885086930929454 -0.27781090805771913
-0.8562164927393623 -0.23773577201715831
-0.7840403972641332 -0.20767941998673772
-0.8129108354542248 -0.23773577201715831
-0.7984756163591791 -0.2878296920678593
-0.8273460545492707 -0.23773577201715831
-0.8129108354542248 -0.20767941998673772
-0.7984756163591791 -0.15758549993603674
-0.7840403972641332 -0.12752914790561615
-0.7262995208839499 -0.18764185196645733
-0.7262995208839499 -0.18764185196645733
-0.7262995208839499 -0.16760428394617694
-0.6829938635988124 -0.12752914790561615
-0.5963825490285375 -0.04737887582449454
-0.5675121108384459 0.002715044226206457
-0.5530768917434 0.06282774828704765
-0.6252529872186291 0.06282774828704765
-0.6829938635988124 0.052808964276907455
-0.6685586445037666 0.11292166833774865
-0.639688206313675 0.12294045234788885
-0.5819473299334916 0.12294045234788885
-0.5386416726483542 0.13295923635802906
-0.5242064535533083 0.15299680437830945
-0.5386416726483542 0.13295923635802906
-0.4953360153632167 0.15299680437830945
-0.4375951389830334 0.14297802036816926
-0.46646557717312503 0.15299680437830945
-0.46646557717312503 0.10290288432760845
-0.5097712344582626 0.09288410031746826
-0.5675121108384459 0.09288410031746826
-0.5819473299334916 0.09288410031746826
-0.5386416726483542 0.12294045234788885
-0.45203035807807923 0.09288410031746826
-0.4375951389830334 0.08286531630732805
-0.45203035807807923 0.04279018026676725
-0.4809007962681709 0.022752612246486857
-0.5242064535533083 0.052808964276907455
-0.4809007962681709 0.11292166833774865
-0.5097712344582626 0.18305315640873004
-0.5386416726483542 0.2632034284898516
-0.6108177681235833 0.27322221249999185
-0.7118643017889041 0.2632034284898516
-0.7551699590740416 0.2632034284898516
-0.8706517118344081 0.33333491656083303
-0.9428278073096373 0.33333491656083303
-1.0150039027848665 0.07284653229718785
-1.1016152173551415 -0.5583368603416448
-1.0871799982600956 -1.32978322912244
-1.0005686836898207 -2.041116893842394
-0.8562164927393623 -2.7524505585623484
-0.6685586445037666 -3.4237090872417415
-0.5386416726483542 -4.044873695870434
-0.3654190435078043 -4.515756544347023
-0.23550207165239184 -4.7862637126208085
-0.06227944251184195 -4.886451552722211
0.06763752934357048 -4.906489120742491
0.26973059667421206 -4.796282496630949
0.5439997594800827 -4.575869248407865
0.9193154559512742 -4.004798559829873
1.3523720288026488 -3.0830704308969747
1.7854286016540237 -1.9108727017105716
2.016392107174757 -0.8789379486661311
2.0452625453648485 -0.27781090805771913
1.9153455735094362 -0.04737887582449454
1.6555116297986112 0.08286531630732805
1.3235015906125573 0.17303437239858985
0.93375067504632 0.25318464447971145
0.5873054167652202 0.3032785645304124
0.31303625395934953 0.42350397265209483
0.03876709115347883 0.5136730287433566
-0.1488907570821169 0.6138608688447587
-0.29324294803257517 0.6138608688447587
-0.3798542626028501 0.6439172208751792
-0.40872470079294176 0.6639547888954596
-0.3942894816978959 0.6439172208751792
-0.35098382441275844 0.6138608688447587
-0.3654190435078043 0.5737857328041979
-0.3942894816978959 0.533710596763637
-0.3654190435078043 0.6238796528548988
-0.3654190435078043 0.6539360048853194
-0.35098382441275844 0.6739735729055998
-0.3798542626028501 0.6739735729055998
-0.3798542626028501 0.68399235691574
-0.42315991988798757 0.6539360048853194
-0.40872470079294176 0.6639547888954596
-0.3942894816978959 0.7040299249360205
-0.35098382441275844 0.7040299249360205
-0.3221133862226668 0.6639547888954596
-0.3654190435078043 0.6539360048853194
-0.40872470079294176 0.6739735729055998
-0.33654860531771263 0.7040299249360205
-0.3221133862226668 0.7641426289968616
-0.29324294803257517 0.7641426289968616
-0.33654860531771263 0.7541238449867214
-0.35098382441275844 0.6739735729055998
-0.33654860531771263 0.633898436865039
-0.35098382441275844 0.6639547888954596
-0.3221133862226668 0.68399235691574
-0.2788077289375293 0.7140487089461606
-0.2643725098424835 0.7240674929563008
-0.2788077289375293 0.7140487089461606
-0.2788077289375293 0.7040299249360205
-0.2643725098424835 0.7441050609765812
-0.22106685255734604 0.7441050609765812
-0.23550207165239184 0.7441050609765812
-0.22106685255734604 0.7240674929563008
-0.29324294803257517 0.7441050609765812
-0.35098382441275844 0.734086276966441
-0.29324294803257517 0.7541238449867214
-0.19219641436725438 0.7941989810272821
-0.17776119527220854 0.7941989810272821
-0.13445553798707108 0.7441050609765812
-0.13445553798707108 0.7240674929563008
-0.17776119527220854 0.68399235691574
-0.1633259761771627 0.734086276966441
-0.1488907570821169 0.7140487089461606
-0.1488907570821169 0.7240674929563008
-0.13445553798707108 0.7240674929563008
-0.1633259761771627 0.7240674929563008
-0.17776119527220854 0.7040299249360205
-0.1488907570821169 0.734086276966441
-0.07671466160688777 0.7641426289968616
-0.03340900432175029 0.7741614130070018
-0.03340900432175029 0.7240674929563008
-0.07671466160688777 0.68399235691574
-0.1488907570821169 0.68399235691574
-0.1488907570821169 0.7140487089461606
-0.07671466160688777 0.7240674929563008
-0.03340900432175029 0.7140487089461606
-0.06227944251184195 0.6940111409258802
-0.06227944251184195 0.6940111409258802
-0.0911498807019336 0.6739735729055998
-0.018973785226704468 0.6439172208751792
0.03876709115347883 0.6038420848346184
0.053202310248524655 0.583804516814338
0.06763752934357048 0.5637669487940576
0.009896652963387181 0.5437293807737772
-0.03340900432175029 0.5236918127534969
-0.03340900432175029 0.49363546072307624
0.009896652963387181 0.49363546072307624
0.09650796753366213 0.483616676712936
0.12537840572375378 0.43352275666223505
0.11094318662870796 0.40346640463181443
0.06763752934357048 0.38342883661153404
0.18311928210393708 0.3533724845811134
0.21198972029402874 0.32331613255069286
0.1975545011989829 0.29325978052027224
0.18311928210393708 0.283240996510132
0.1398136248187996 0.24316586046957123
0.11094318662870796 0.23314707645943103
0.15424884391384544 0.24316586046957123
0.1975545011989829 0.18305315640873004
0.22642493938907457 0.15299680437830945
0.26973059667421206 0.13295923635802906
0.29860103486430367 0.06282774828704765
0.26973059667421206 0.012733828236346657
0.31303625395934953 0.002715044226206457
0.29860103486430367 0.002715044226206457
0.32747147305439533 0.012733828236346657
0.28416581576925787 -0.007303739783933743
0.2408601584841204 -0.027341307804214142
0.2552953775791662 -0.06741644384477494
0.2408601584841204 -0.03736009181435434
0.28416581576925787 -0.01732252379407394
0.31303625395934953 -0.06741644384477494
0.29860103486430367 -0.09747279587519554
0.22642493938907457 -0.11751036389547594
0.21198972029402874 -0.10749157988533574
0.18311928210393708 -0.10749157988533574
0.22642493938907457 -0.07743522785491513
0.1975545011989829 -0.09747279587519554
0.1975545011989829 -0.10749157988533574
0.1398136248187996 -0.10749157988533574
0.08207274843861631 -0.11751036389547594
0.08207274843861631 -0.10749157988533574
0.06763752934357048 -0.06741644384477494
0.03876709115347883 -0.05739765983463474
-0.004538566131658644 -0.07743522785491513
-0.03340900432175029 -0.08745401186505533
-0.10558509979697943 -0.08745401186505533
-0.1488907570821169 -0.007303739783933743
-0.1488907570821169 0.002715044226206457
-0.17776119527220854 0.032771396256627054
-0.2066316334623002 -0.007303739783933743
-0.2066316334623002 -0.03736009181435434
-0.30767816712762097 -0.04737887582449454
-0.3221133862226668 0.002715044226206457
-0.30767816712762097 0.052808964276907455
-0.29324294803257517 0.07284653229718785
-0.3221133862226668 0.07284653229718785
-0.35098382441275844 0.052808964276907455
-0.42315991988798757 0.06282774828704765
-0.42315991988798757 0.08286531630732805
-0.40872470079294176 0.09288410031746826
-0.3942894816978959 0.11292166833774865
-0.42315991988798757 0.08286531630732805
-0.45203035807807923 0.052808964276907455
-0.4953360153632167 0.10290288432760845
-0.4953360153632167 0.14297802036816926
-0.46646557717312503 0.16301558838844965
-0.45203035807807923 0.15299680437830945
-0.40872470079294176 0.14297802036816926
-0.5097712344582626 0.12294045234788885
-0.5530768917434 0.08286531630732805
-0.6108177681235833 0.12294045234788885
-0.6108177681235833 0.13295923635802906
-0.5819473299334916 0.14297802036816926
-0.639688206313675 0.12294045234788885
-0.6108177681235833 0.15299680437830945
-0.6108177681235833 0.20309072442901044
-0.5675121108384459 0.20309072442901044
-0.5675121108384459 0.22312829244929083
-0.5242064535533083 0.24316586046957123
-0.5675121108384459 0.20309072442901044
-0.6108177681235833 0.19307194041887024
-0.6829938635988124 0.20309072442901044
-0.6829938635988124 0.21310950843915064
-0.639688206313675 0.2632034284898516
-0.6252529872186291 0.29325978052027224
-0.6541234254087208 0.27322221249999185
-0.6108177681235833 0.25318464447971145
-0.639688206313675 0.2632034284898516
-0.6108177681235833 0.27322221249999185
-0.639688206313675 0.3032785645304124
-0.6685586445037666 0.3032785645304124
-0.6974290826938583 0.283240996510132
-0.7696051781690874 0.25318464447971145
-0.7984756163591791 0.31329734854055263
-0.7696051781690874 0.31329734854055263
-0.7262995208839499 0.34335370057097325
-0.7262995208839499 0.34335370057097325
-0.7262995208839499 0.34335370057097325
-0.7407347399789957 0.33333491656083303
-0.7262995208839499 0.25318464447971145
-0.7262995208839499 0.24316586046957123
-0.7551699590740416 0.24316586046957123
-0.7551699590740416 0.21310950843915064
-0.7696051781690874 0.23314707645943103
-0.8562164927393623 0.23314707645943103
-0.8706517118344081 0.25318464447971145
-0.7840403972641332 0.283240996510132
-0.7551699590740416 0.29325978052027224
-0.7118643017889041 0.25318464447971145
-0.7118643017889041 0.18305315640873004
-0.7551699590740416 0.17303437239858985
-0.8129108354542248 0.17303437239858985
-0.7984756163591791 0.19307194041887024
-0.8129108354542248 0.22312829244929083
-0.8273460545492707 0.23314707645943103
-0.7696051781690874 0.19307194041887024
-0.7840403972641332 0.13295923635802906
-0.7840403972641332 0.16301558838844965
-0.7551699590740416 0.16301558838844965
-0.7262995208839499 0.12294045234788885
-0.7262995208839499 0.10290288432760845
-0.7262995208839499 0.11292166833774865
-0.7696051781690874 0.08286531630732805
-0.7840403972641332 0.11292166833774865
-0.7840403972641332 0.14297802036816926
-0.7551699590740416 0.14297802036816926
-0.7118643017889041 0.15299680437830945
-0.7262995208839499 0.12294045234788885
-0.7262995208839499 0.10290288432760845
-0.7407347399789957 0.07284653229718785
-0.7262995208839499 0.09288410031746826
-0.6829938635988124 0.11292166833774865
-0.6829938635988124 0.10290288432760845
-0.6974290826938583 0.08286531630732805
-0.6829938635988124 0.052808964276907455
-0.7118643017889041 0.052808964276907455
-0.7118643017889041 0.08286531630732805
-0.6829938635988124 0.08286531630732805
-0.6108177681235833 0.09288410031746826
-0.6252529872186291 0.07284653229718785
-0.639688206313675 0.032771396256627054
-0.6685586445037666 0.052808964276907455
-0.6829938635988124 0.08286531630732805
-0.639688206313675 0.11292166833774865
-0.5963825490285375 0.052808964276907455
-0.639688206313675 0.06282774828704765
-0.639688206313675 0.032771396256627054
-0.6685586445037666 0.04279018026676725
-0.639688206313675 0.06282774828704765
-0.6541234254087208 0.10290288432760845
-0.6252529872186291 0.13295923635802906
-0.5819473299334916 0.19307194041887024
-0.5819473299334916 0.19307194041887024
-0.5963825490285375 0.22312829244929083
-0.5242064535533083 0.21310950843915064
-0.46646557717312503 0.24316586046957123
-0.4375951389830334 0.21310950843915064
-0.4375951389830334 0.20309072442901044
-0.4953360153632167 0.16301558838844965
-0.5097712344582626 0.14297802036816926
-0.46646557717312503 0.16301558838844965
-0.5242064535533083 0.18305315640873004
-0.42315991988798757 0.23314707645943103
-0.42315991988798757 0.23314707645943103
-0.46646557717312503 0.22312829244929083
-0.5242064535533083 0.15299680437830945
-0.4953360153632167 0.11292166833774865
-0.4953360153632167 0.032771396256627054
-0.5242064535533083 -0.03736009181435434
-0.5675121108384459 -0.10749157988533574
-0.639688206313675 -0.16760428394617694
-0.6829938635988124 -0.20767941998673772
-0.6974290826938583 -0.17762306795631713
-0.639688206313675 -0.16760428394617694
-0.5963825490285375 -0.18764185196645733
-0.5675121108384459 -0.21769820399687792
-0.5963825490285375 -0.25777334003743874
-0.639688206313675 -0.2978484760779995
-0.6685586445037666 -0.3379236121185603
-0.6974290826938583 -0.3178860440982799
-0.7118643017889041 -0.3178860440982799
-0.7407347399789957 -0.3379236121185603
-0.7696051781690874 -0.36797996414898093
-0.7840403972641332 -0.36797996414898093
-0.7840403972641332 -0.36797996414898093
-0.7551699590740416 -0.3379236121185603
-0.7407347399789957 -0.3379236121185603
-0.7551699590740416 -0.3980363161794015
-0.8129108354542248 -0.4280926682098221
-0.885086930929454 -0.4781865882605231
-0.8995221500244999 -0.45814902024024273
-0.8995221500244999 -0.4080551001895417
-0.9139573691195456 -0.36797996414898093
-0.8995221500244999 -0.36797996414898093
-0.885086930929454 -0.3980363161794015
-0.8995221500244999 -0.4180738841996819
-0.8273460545492707 -0.4180738841996819
-0.7984756163591791 -0.3980363161794015
-0.7840403972641332 -0.3779987481591211
-0.7984756163591791 -0.3579611801388407
-0.7984756163591791 -0.3579611801388407
-0.7696051781690874 -0.3579611801388407
-0.7407347399789957 -0.2878296920678593
-0.6685586445037666 -0.19766063597659753
-0.5963825490285375 -0.14756671592589654
-0.5386416726483542 -0.17762306795631713
-0.5675121108384459 -0.20767941998673772
-0.6108177681235833 -0.19766063597659753
-0.6252529872186291 -0.11751036389547594
-0.6108177681235833 -0.04737887582449454
-0.5963825490285375 -0.007303739783933743
-0.5675121108384459 -0.007303739783933743
-0.5386416726483542 -0.01732252379407394
-0.5530768917434 -0.03736009181435434
-0.5097712344582626 -0.01732252379407394
-0.4953360153632167 -0.027341307804214142
-0.45203035807807923 -0.027341307804214142
-0.46646557717312503 -0.05739765983463474
-0.4375951389830334 -0.06741644384477494
-0.4809007962681709 -0.06741644384477494
-0.46646557717312503 -0.04737887582449454
-0.42315991988798757 -0.007303739783933743
-0.3942894816978959 -0.007303739783933743
-0.40872470079294176 -0.03736009181435434
-0.42315991988798757 -0.06741644384477494
-0.4375951389830334 -0.06741644384477494
-0.40872470079294176 -0.07743522785491513
-0.42315991988798757 -0.03736009181435434
-0.40872470079294176 -0.027341307804214142
-0.3942894816978959 0.002715044226206457
-0.40872470079294176 0.032771396256627054
-0.5097712344582626 0.07284653229718785
-0.5097712344582626 0.11292166833774865
-0.5530768917434 0.12294045234788885
-0.5963825490285375 0.11292166833774865
-0.7262995208839499 0.06282774828704765
-0.9139573691195456 -0.09747279587519554
-0.9716982454997289 -0.6084307803923457
-0.9572630264046831 -1.269670525061599
-0.8417812736443165 -1.9509478377511325
-0.6541234254087208 -2.5921500144001053
-0.5386416726483542 -3.3135024631301997
-0.42315991988798757 -3.9647234237893123
-0.30767816712762097 -4.465662624296322
-0.19219641436725438 -4.7562073605903885
-0.047844223416796124 -4.906489120742491
0.11094318662870796 -4.916507904752631
0.2552953775791662 -4.836357632671509
0.5439997594800827 -4.595906816428145
0.9770563323314575 -3.9647234237893123
1.4967242197531072 -2.8526383986637502
1.9009103544143904 -1.5902716133860852
2.016392107174757 -0.6685434844531869
1.9442160116995277 -0.25777334003743874
1.684382067988703 -0.09747279587519554
1.2801959333274198 -0.007303739783933743
0.9193154559512742 0.12294045234788885
0.6450462931454035 0.19307194041887024
0.38521234943457866 0.3032785645304124
0.15424884391384544 0.3934476206216742
-0.07671466160688777 0.4435415406723752
-0.22106685255734604 0.4435415406723752
-0.30767816712762097 0.483616676712936
-0.3654190435078043 0.49363546072307624
-0.3221133862226668 0.5036542447332164
-0.33654860531771263 0.533710596763637
-0.33654860531771263 0.5136730287433566
-0.29324294803257517 0.5236918127534969
-0.2788077289375293 0.6138608688447587
-0.2788077289375293 0.5737857328041979
-0.2643725098424835 0.5637669487940576
-0.2788077289375293 0.5437293807737772
-0.30767816712762097 0.5537481647839174
-0.3654190435078043 0.583804516814338
-0.33654860531771263 0.6038420848346184
-0.2788077289375293 0.6238796528548988
-0.2066316334623002 0.6038420848346184
-0.1633259761771627 0.6038420848346184
-0.2066316334623002 0.5437293807737772
-0.23550207165239184 0.5537481647839174
-0.29324294803257517 0.5737857328041979
-0.2643725098424835 0.6138608688447587
-0.2643725098424835 0.6539360048853194
-0.23550207165239184 0.6138608688447587
-0.23550207165239184 0.583804516814338
-0.24993729074743767 0.5637669487940576
-0.22106685255734604 0.583804516814338
-0.1633259761771627 0.6238796528548988
-0.1488907570821169 0.583804516814338
-0.13445553798707108 0.6138608688447587
-0.17776119527220854 0.583804516814338
-0.24993729074743767 0.5637669487940576
-0.22106685255734604 0.6138608688447587
-0.19219641436725438 0.6238796528548988
-0.0911498807019336 0.6439172208751792
-0.07671466160688777 0.6539360048853194
-0.12002031889202525 0.633898436865039
-0.10558509979697943 0.5938233008244782
-0.13445553798707108 0.6238796528548988
-0.06227944251184195 0.6439172208751792
-0.07671466160688777 0.6639547888954596
-0.07671466160688777 0.6539360048853194
-0.0911498807019336 0.6639547888954596
-0.12002031889202525 0.6639547888954596
-0.10558509979697943 0.7040299249360205
-0.047844223416796124 0.68399235691574
0.024331872058433006 0.6439172208751792
0.03876709115347883 0.5938233008244782
0.009896652963387181 0.5938233008244782
-0.018973785226704468 0.5737857328041979
-0.018973785226704468 0.6238796528548988
0.009896652963387181 0.6439172208751792
0.08207274843861631 0.6639547888954596
0.08207274843861631 0.633898436865039
0.06763752934357048 0.5637669487940576
0.053202310248524655 0.5537481647839174
0.053202310248524655 0.5236918127534969
0.12537840572375378 0.5136730287433566
0.12537840572375378 0.5136730287433566
0.15424884391384544 0.49363546072307624
0.15424884391384544 0.47359789270279584
0.1398136248187996 0.4635791086926556
0.16868406300889127 0.47359789270279584
0.1398136248187996 0.4635791086926556
0.21198972029402874 0.40346640463181443
0.21198972029402874 0.32331613255069286
0.1398136248187996 0.283240996510132
0.18311928210393708 0.23314707645943103
0.18311928210393708 0.2632034284898516
0.2552953775791662 0.283240996510132
0.31303625395934953 0.2632034284898516
0.38521234943457866 0.21310950843915064
0.32747147305439533 0.17303437239858985
0.29860103486430367 0.12294045234788885
0.3419066921494412 0.11292166833774865
0.356341911244487 0.09288410031746826
0.3707771303395328 0.07284653229718785
0.3707771303395328 0.052808964276907455
0.3419066921494412 0.012733828236346657
0.3707771303395328 -0.01732252379407394
0.4285180067197161 -0.04737887582449454
0.4862588830998994 -0.03736009181435434
0.4862588830998994 -0.05739765983463474
0.4573884449098078 -0.06741644384477494
0.44295322581476193 -0.12752914790561615
0.38521234943457866 -0.15758549993603674
0.3707771303395328 -0.13754793191575634
0.39964756852962446 -0.11751036389547594
0.4573884449098078 -0.09747279587519554
0.4573884449098078 -0.11751036389547594
0.4285180067197161 -0.10749157988533574
0.38521234943457866 -0.13754793191575634
0.39964756852962446 -0.14756671592589654
0.38521234943457866 -0.13754793191575634
0.32747147305439533 -0.14756671592589654
0.22642493938907457 -0.14756671592589654
0.18311928210393708 -0.14756671592589654
0.06763752934357048 -0.11751036389547594
0.11094318662870796 -0.05739765983463474
0.08207274843861631 -0.03736009181435434
0.12537840572375378 -0.007303739783933743
0.09650796753366213 0.002715044226206457
0.03876709115347883 -0.03736009181435434
-0.06227944251184195 -0.03736009181435434
-0.07671466160688777 -0.01732252379407394
-0.07671466160688777 0.022752612246486857
-0.0911498807019336 0.052808964276907455
-0.13445553798707108 0.06282774828704765
-0.1488907570821169 0.04279018026676725
-0.1633259761771627 0.04279018026676725
-0.22106685255734604 0.06282774828704765
-0.1488907570821169 0.08286531630732805
-0.10558509979697943 0.06282774828704765
-0.1488907570821169 0.052808964276907455
-0.19219641436725438 0.06282774828704765
-0.2788077289375293 0.06282774828704765
-0.30767816712762097 0.052808964276907455
-0.33654860531771263 0.12294045234788885
-0.2643725098424835 0.13295923635802906
-0.2788077289375293 0.15299680437830945
-0.30767816712762097 0.14297802036816926
-0.3221133862226668 0.11292166833774865
-0.3221133862226668 0.14297802036816926
-0.29324294803257517 0.16301558838844965
-0.3221133862226668 0.17303437239858985
-0.3221133862226668 0.17303437239858985
-0.3654190435078043 0.20309072442901044
-0.40872470079294176 0.22312829244929083
-0.3942894816978959 0.22312829244929083
-0.40872470079294176 0.283240996510132
-0.3654190435078043 0.283240996510132
-0.3654190435078043 0.25318464447971145
-0.35098382441275844 0.19307194041887024
-0.3798542626028501 0.19307194041887024
-0.40872470079294176 0.22312829244929083
-0.42315991988798757 0.27322221249999185
-0.42315991988798757 0.29325978052027224
-0.40872470079294176 0.3032785645304124
-0.42315991988798757 0.31329734854055263
-0.4953360153632167 0.29325978052027224
-0.4809007962681709 0.283240996510132
-0.4809007962681709 0.29325978052027224
-0.40872470079294176 0.29325978052027224
-0.40872470079294176 0.29325978052027224
-0.45203035807807923 0.283240996510132
-0.4953360153632167 0.2632034284898516
-0.4953360153632167 0.34335370057097325
-0.4953360153632167 0.36339126859125365
-0.4375951389830334 0.3533724845811134
-0.45203035807807923 0.34335370057097325
-0.5242064535533083 0.33333491656083303
-0.5819473299334916 0.3032785645304124
-0.5242064535533083 0.33333491656083303
-0.5530768917434 0.3533724845811134
-0.6108177681235833 0.38342883661153404
-0.5530768917434 0.3533724845811134
-0.5675121108384459 0.3533724845811134
-0.5819473299334916 0.3533724845811134
-0.5675121108384459 0.3734100526013938
-0.5530768917434 0.36339126859125365
-0.5242064535533083 0.34335370057097325
-0.5242064535533083 0.33333491656083303
-0.5530768917434 0.283240996510132
-0.5675121108384459 0.27322221249999185
-0.5963825490285375 0.3032785645304124
-0.5386416726483542 0.32331613255069286
-0.4809007962681709 0.38342883661153404
-0.45203035807807923 0.36339126859125365
-0.5097712344582626 0.31329734854055263
-0.5386416726483542 0.29325978052027224
-0.5386416726483542 0.27322221249999185
-0.5242064535533083 0.29325978052027224
-0.5242064535533083 0.283240996510132
-0.5530768917434 0.2632034284898516
-0.5386416726483542 0.23314707645943103
-0.5097712344582626 0.25318464447971145
-0.46646557717312503 0.2632034284898516
-0.4809007962681709 0.29325978052027224
-0.3942894816978959 0.3032785645304124
-0.3798542626028501 0.24316586046957123
-0.46646557717312503 0.17303437239858985
-0.5242064535533083 0.16301558838844965
-0.5097712344582626 0.19307194041887024
-0.5386416726483542 0.19307194041887024
-0.46646557717312503 0.23314707645943103
-0.46646557717312503 0.18305315640873004
-0.42315991988798757 0.18305315640873004
-0.45203035807807923 0.17303437239858985
-0.40872470079294176 0.19307194041887024
-0.3798542626028501 0.17303437239858985
-0.35098382441275844 0.18305315640873004
-0.3798542626028501 0.17303437239858985
-0.4375951389830334 0.16301558838844965
-0.4953360153632167 0.16301558838844965
-0.46646557717312503 0.18305315640873004
-0.42315991988798757 0.23314707645943103
-0.3798542626028501 0.24316586046957123
-0.3221133862226668 0.21310950843915064
-0.30767816712762097 0.17303437239858985
-0.3221133862226668 0.12294045234788885
-0.3221133862226668 0.12294045234788885
-0.3221133862226668 0.17303437239858985
-0.33654860531771263 0.17303437239858985
-0.3654190435078043 0.18305315640873004
-0.4375951389830334 0.16301558838844965
-0.46646557717312503 0.18305315640873004
-0.40872470079294176 0.24316586046957123
-0.35098382441275844 0.29325978052027224
-0.30767816712762097 0.34335370057097325
-0.2643725098424835 0.34335370057097325
-0.22106685255734604 0.283240996510132
-0.23550207165239184 0.29325978052027224
-0.24993729074743767 0.29325978052027224
-0.2066316334623002 0.3032785645304124
-0.17776119527220854 0.34335370057097325
-0.1488907570821169 0.3032785645304124
-0.13445553798707108 0.3032785645304124
-0.1633259761771627 0.33333491656083303
-0.1488907570821169 0.3533724845811134
-0.1488907570821169 0.32331613255069286
-0.17776119527220854 0.3032785645304124
-0.13445553798707108 0.18305315640873004
-0.19219641436725438 0.11292166833774865
-0.24993729074743767 0.002715044226206457
-0.29324294803257517 0.012733828236346657
-0.30767816712762097 0.002715044226206457
-0.2788077289375293 0.022752612246486857
-0.2643725098424835 -0.01732252379407394
-0.2788077289375293 -0.07743522785491513
-0.3221133862226668 -0.07743522785491513
-0.30767816712762097 -0.07743522785491513
-0.3221133862226668 -0.10749157988533574
-0.30767816712762097 -0.12752914790561615
-0.33654860531771263 -0.18764185196645733
-0.40872470079294176 -0.17762306795631713
-0.4809007962681709 -0.17762306795631713
-0.4953360153632167 -0.16760428394617694
-0.42315991988798757 -0.16760428394617694
-0.40872470079294176 -0.20767941998673772
-0.45203035807807923 -0.2677921240475789
-0.4953360153632167 -0.2878296920678593
-0.5242064535533083 -0.2878296920678593
-0.4809007962681709 -0.2677921240475789
-0.4809007962681709 -0.24775455602729854
-0.46646557717312503 -0.24775455602729854
-0.5097712344582626 -0.24775455602729854
-0.5242064535533083 -0.27781090805771913
-0.5963825490285375 -0.2677921240475789
-0.5963825490285375 -0.2677921240475789
-0.5386416726483542 -0.25777334003743874
-0.4953360153632167 -0.20767941998673772
-0.4809007962681709 -0.19766063597659753
-0.4953360153632167 -0.19766063597659753
-0.4953360153632167 -0.17762306795631713
-0.42315991988798757 -0.14756671592589654
-0.3942894816978959 -0.11751036389547594
-0.3221133862226668 -0.11751036389547594
-0.30767816712762097 -0.09747279587519554
-0.30767816712762097 -0.09747279587519554
-0.35098382441275844 -0.08745401186505533
-0.2788077289375293 -0.03736009181435434
-0.22106685255734604 0.052808964276907455
-0.1633259761771627 0.11292166833774865
-0.17776119527220854 0.13295923635802906
-0.23550207165239184 0.10290288432760845
-0.2788077289375293 0.10290288432760845
-0.2788077289375293 0.14297802036816926
-0.23550207165239184 0.15299680437830945
-0.17776119527220854 0.15299680437830945
-0.17776119527220854 0.13295923635802906
-0.2066316334623002 0.13295923635802906
-0.19219641436725438 0.12294045234788885
-0.10558509979697943 0.15299680437830945
-0.10558509979697943 0.18305315640873004
-0.03340900432175029 0.18305315640873004
-0.0911498807019336 0.16301558838844965
-0.10558509979697943 0.12294045234788885
-0.1633259761771627 0.12294045234788885
-0.1488907570821169 0.12294045234788885
-0.0911498807019336 0.11292166833774865
-0.03340900432175029 0.07284653229718785
0.009896652963387181 0.09288410031746826
0.024331872058433006 0.08286531630732805
-0.018973785226704468 0.10290288432760845
-0.004538566131658644 0.15299680437830945
-0.018973785226704468 0.19307194041887024
-0.0911498807019336 0.22312829244929083
-0.12002031889202525 0.19307194041887024
-0.17776119527220854 0.16301558838844965
-0.2643725098424835 0.15299680437830945
-0.35098382441275844 0.18305315640873004
-0.40872470079294176 0.052808964276907455
-0.4809007962681709 -0.43811145221996234
-0.42315991988798757 -1.129407548919636
-0.3221133862226668 -1.8006660775990295
-0.19219641436725438 -2.441868254248002
-0.018973785226704468 -3.0530140788665543
0.15424884391384544 -3.6541411194749664
0.356341911244487 -4.175117888002257
0.44295322581476193 -4.515756544347023
0.5006941021949453 -4.746188576580248
0.6161758549553118 -4.7862637126208085
0.7027871695255868 -4.726151008559968
0.8904450177611826 -4.545812896377444
1.2513254951373283 -4.175117888002257
1.684382067988703 -3.4136903032316015
2.117438640840078 -2.281567710085759
2.3628373654558565 -1.169482684960197
2.406143022740994 -0.4481302362301025
2.276226050885582 -0.10749157988533574
2.088568202649986 0.07284653229718785
1.8142990398441154 0.20309072442901044
1.3956776860877864 0.25318464447971145
0.93375067504632 0.3032785645304124
0.6306110740503577 0.4134851886419546
0.356341911244487 0.5437293807737772
0.1975545011989829 0.6539360048853194
0.09650796753366213 0.6639547888954596
0.03876709115347883 0.6739735729055998
-0.018973785226704468 0.6739735729055998
-0.047844223416796124 0.7040299249360205
-0.047844223416796124 0.7140487089461606
0.024331872058433006 0.6940111409258802
0.024331872058433006 0.6639547888954596
-0.004538566131658644 0.6238796528548988
-0.004538566131658644 0.6238796528548988
-0.004538566131658644 0.6739735729055998
-0.018973785226704468 0.7240674929563008
0.009896652963387181 0.7240674929563008
0.009896652963387181 0.7441050609765812
0.009896652963387181 0.7040299249360205
-0.06227944251184195 0.68399235691574
-0.03340900432175029 0.7140487089461606
0.024331872058433006 0.7140487089461606
0.053202310248524655 0.7240674929563008
0.08207274843861631 0.734086276966441
0.09650796753366213 0.7541238449867214
0.03876709115347883 0.7541238449867214
0.053202310248524655 0.7641426289968616
0.12537840572375378 0.8242553330577028
0.11094318662870796 0.8142365490475626
0.08207274843861631 0.784180197017142
0.053202310248524655 0.7541238449867214
0.03876709115347883 0.7541238449867214
0.06763752934357048 0.7541238449867214
0.1398136248187996 0.7741614130070018
0.21198972029402874 0.784180197017142
0.2408601584841204 0.784180197017142
0.21198972029402874 0.7641426289968616
0.18311928210393708 0.7441050609765812
0.15424884391384544 0.7641426289968616
0.18311928210393708 0.784180197017142
0.16868406300889127 0.7741614130070018
0.1398136248187996 0.7741614130070018
0.1398136248187996 0.7541238449867214
0.11094318662870796 0.7741614130070018
0.1975545011989829 0.8042177650374224
0.2552953775791662 0.8142365490475626
0.31303625395934953 0.7941989810272821
0.32747147305439533 0.7741614130070018
0.2552953775791662 0.7541238449867214
0.21198972029402874 0.7641426289968616
0.15424884391384544 0.7741614130070018
0.21198972029402874 0.7941989810272821
0.2408601584841204 0.8042177650374224
0.26973059667421206 0.7941989810272821
0.28416581576925787 0.7941989810272821
0.28416581576925787 0.8042177650374224
0.29860103486430367 0.7941989810272821
0.3419066921494412 0.784180197017142
0.3419066921494412 0.7741614130070018
0.29860103486430367 0.7040299249360205
0.22642493938907457 0.6539360048853194
0.2408601584841204 0.6439172208751792
0.2552953775791662 0.6539360048853194
0.26973059667421206 0.68399235691574
0.356341911244487 0.6739735729055998
0.38521234943457866 0.6439172208751792
0.38521234943457866 0.6038420848346184
0.38521234943457866 0.5537481647839174
0.39964756852962446 0.5637669487940576
0.38521234943457866 0.5637669487940576
0.38521234943457866 0.5136730287433566
0.39964756852962446 0.5136730287433566
0.38521234943457866 0.4635791086926556
0.38521234943457866 0.4435415406723752
0.41408278762467027 0.43352275666223505
0.4718236640048536 0.4134851886419546
0.4862588830998994 0.3734100526013938
0.5006941021949453 0.3032785645304124
0.4862588830998994 0.27322221249999185
0.4573884449098078 0.24316586046957123
0.4573884449098078 0.23314707645943103
0.4573884449098078 0.24316586046957123
0.5151293212899911 0.23314707645943103
0.5728701976701743 0.19307194041887024
0.5439997594800827 0.16301558838844965
0.5151293212899911 0.09288410031746826
0.5295645403850369 0.11292166833774865
0.5728701976701743 0.09288410031746826
0.5873054167652202 0.08286531630732805
0.5873054167652202 0.06282774828704765
0.5728701976701743 0.002715044226206457
0.5151293212899911 0.032771396256627054
0.4718236640048536 0.052808964276907455
0.5295645403850369 0.052808964276907455
0.5295645403850369 0.032771396256627054
0.5439997594800827 0.012733828236346657
0.4862588830998994 -0.03736009181435434
0.4718236640048536 -0.05739765983463474
0.4573884449098078 -0.027341307804214142
0.4718236640048536 0.002715044226206457
0.4862588830998994 0.012733828236346657
0.4718236640048536 0.012733828236346657
0.38521234943457866 -0.007303739783933743
0.3419066921494412 -0.027341307804214142
0.29860103486430367 -0.027341307804214142
0.31303625395934953 0.032771396256627054
0.31303625395934953 0.012733828236346657
0.2408601584841204 0.032771396256627054
0.1975545011989829 0.002715044226206457
0.12537840572375378 0.002715044226206457
0.15424884391384544 0.06282774828704765
0.1398136248187996 0.11292166833774865
0.12537840572375378 0.10290288432760845
0.09650796753366213 0.06282774828704765
0.009896652963387181 0.07284653229718785
-0.047844223416796124 0.06282774828704765
-0.06227944251184195 0.08286531630732805
-0.0911498807019336 0.13295923635802906
-0.0911498807019336 0.15299680437830945
-0.10558509979697943 0.13295923635802906
-0.1633259761771627 0.11292166833774865
-0.19219641436725438 0.09288410031746826
-0.1633259761771627 0.11292166833774865
-0.19219641436725438 0.16301558838844965
-0.1633259761771627 0.16301558838844965
-0.2066316334623002 0.14297802036816926
-0.29324294803257517 0.13295923635802906
-0.3654190435078043 0.15299680437830945
-0.33654860531771263 0.17303437239858985
-0.33654860531771263 0.19307194041887024
-0.30767816712762097 0.23314707645943103
-0.30767816712762097 0.20309072442901044
-0.3221133862226668 0.18305315640873004
-0.33654860531771263 0.20309072442901044
-0.3221133862226668 0.23314707645943103
-0.30767816712762097 0.2632034284898516
-0.3221133862226668 0.23314707645943103
-0.30767816712762097 0.23314707645943103
-0.40872470079294176 0.22312829244929083
-0.4375951389830334 0.20309072442901044
-0.45203035807807923 0.23314707645943103
-0.42315991988798757 0.29325978052027224
-0.3654190435078043 0.29325978052027224
-0.33654860531771263 0.31329734854055263
-0.35098382441275844 0.29325978052027224
-0.40872470079294176 0.27322221249999185
-0.3798542626028501 0.31329734854055263
-0.3942894816978959 0.3533724845811134
-0.40872470079294176 0.34335370057097325
-0.4375951389830334 0.33333491656083303
-0.5097712344582626 0.33333491656083303
-0.5386416726483542 0.33333491656083303
-0.5242064535533083 0.3734100526013938
-0.46646557717312503 0.4134851886419546
-0.46646557717312503 0.3934476206216742
-0.4953360153632167 0.38342883661153404
-0.4953360153632167 0.33333491656083303
-0.5242064535533083 0.31329734854055263
-0.5963825490285375 0.33333491656083303
-0.5963825490285375 0.3533724845811134
-0.5963825490285375 0.36339126859125365
-0.6108177681235833 0.36339126859125365
-0.6252529872186291 0.3734100526013938
-0.6108177681235833 0.38342883661153404
-0.5963825490285375 0.4134851886419546
-0.5386416726483542 0.4435415406723752
-0.5097712344582626 0.42350397265209483
-0.5242064535533083 0.42350397265209483
-0.5675121108384459 0.38342883661153404
-0.6252529872186291 0.3533724845811134
-0.6541234254087208 0.3734100526013938
-0.6252529872186291 0.3934476206216742
-0.6108177681235833 0.4134851886419546
-0.5963825490285375 0.42350397265209483
-0.6252529872186291 0.38342883661153404
-0.6541234254087208 0.3734100526013938
-0.6252529872186291 0.36339126859125365
-0.5819473299334916 0.3533724845811134
-0.5819473299334916 0.3734100526013938
-0.5963825490285375 0.36339126859125365
-0.6541234254087208 0.33333491656083303
-0.6974290826938583 0.34335370057097325
-0.6974290826938583 0.3734100526013938
-0.6974290826938583 0.38342883661153404
-0.6685586445037666 0.3533724845811134
-0.6108177681235833 0.33333491656083303
-0.6108177681235833 0.27322221249999185
-0.639688206313675 0.25318464447971145
-0.6541234254087208 0.27322221249999185
-0.639688206313675 0.3032785645304124
-0.5963825490285375 0.31329734854055263
-0.5530768917434 0.31329734854055263
-0.5530768917434 0.283240996510132
-0.5675121108384459 0.29325978052027224
-0.5530768917434 0.2632034284898516
-0.4809007962681709 0.24316586046957123
-0.40872470079294176 0.22312829244929083
-0.3798542626028501 0.15299680437830945
-0.35098382441275844 0.10290288432760845
-0.2788077289375293 0.022752612246486857
-0.2066316334623002 0.032771396256627054
-0.07671466160688777 0.032771396256627054
0.06763752934357048 -0.007303739783933743
0.2408601584841204 -0.04737887582449454
0.32747147305439533 -0.08745401186505533
0.39964756852962446 -0.09747279587519554
0.4862588830998994 -0.04737887582449454
0.4718236640048536 0.032771396256627054
0.44295322581476193 0.06282774828704765
0.3419066921494412 0.18305315640873004
0.2552953775791662 0.3032785645304124
0.2408601584841204 0.5036542447332164
0.2408601584841204 0.8543116850881234
0.1975545011989829 1.3151757495545726
-0.004538566131658644 1.7760398140210218
-0.30767816712762097 2.1667723904164897
-0.6974290826938583 2.5274486147815365
-1.1737913128303705 2.8680872711263032
-1.621283104776791 3.3189325515826122
-1.9532931439628451 3.8198717520896226
-2.1986918685786243 4.3308297366067725
-2.5018314695745865 4.821750153103642
-2.8049710705705486 5.262576649549811
-3.136981109756603 5.6833655779756995
-3.367944615277336 6.094135722391448
-3.4978615871327485 6.344605322644953
-3.4112502725624734 6.484868298786916
-3.295768519802107 6.534962218837617
-3.2380276434219235 6.534962218837617
-3.2668980816120152 6.5750373548781775
-3.3968150534674275 6.675225194979579
-3.454555929847611 6.765394251070841
-3.4112502725624734 6.805469387111402
-3.440120710752565 6.835525739141822
-3.4112502725624734 6.795450603101262
-3.468991148942657 6.70528154701
-3.454555929847611 6.625131274928878
-3.3968150534674275 6.534962218837617
-3.295768519802107 6.424755594726074
-3.194721986136786 6.324567754624672
-3.021499356996236 6.184304778482709
-2.8915823851408238 6.1241920744218685
-2.7327949750953198 6.094135722391448
-2.530701907764678 6.094135722391448
-2.38634971681422 6.114173290411728
-2.3574792786241283 6.094135722391448
-2.4152201550043113 6.114173290411728
-2.429655374099357 6.013985450310326
-2.4152201550043113 5.843666122137942
-2.299738402243945 5.452933545742475
-2.112080554008349 5.062200969347007
-1.9244227057727534 4.511167848789296
-1.7512000766322036 3.7697778320389213
-1.635718323871837 2.8580684871161632
-1.549107009301562 1.8762276541224236
-1.476930913826333 0.9044056051388244
-1.390319599256058 0.04279018026676725
-1.303708284685783 -0.6184495644024859
-1.1882265319254164 -1.069294844858795
-1.043874340974958 -1.3498207971427205
-0.8129108354542248 -1.4099335012035616
-0.5242064535533083 -1.4500086372441225
-0.2788077289375293 -1.4600274212542625
-0.1488907570821169 -1.4600274212542625
-0.03340900432175029 -1.5602152613556646
-0.047844223416796124 -1.6002903973962255
-0.03340900432175029 -1.6604031014570666
-0.018973785226704468 -1.680440669477347
-0.018973785226704468 -1.7104970215077677
-0.018973785226704468 -1.7505721575483284
-0.047844223416796124 -1.8006660775990295
-0.047844223416796124 -1.83072242962945
0.009896652963387181 -1.8106848616091695
0.08207274843861631 -1.780628509578749
0.18311928210393708 -1.8106848616091695
0.22642493938907457 -1.8707975656700109
0.22642493938907457 -1.930910269730852
0.2408601584841204 -1.970985405771413
0.21198972029402874 -1.930910269730852
0.26973059667421206 -1.9008539177004313
0.26973059667421206 -1.890835133690291
0.28416581576925787 -1.930910269730852
0.29860103486430367 -1.9609666217612727
0.31303625395934953 -2.0110605418119736
0.41408278762467027 -2.0511356778525345
0.4718236640048536 -2.1012295979032354
0.5295645403850369 -2.1613423019640767
0.5584349785751286 -2.231473790035058
0.5295645403850369 -2.291586494095899
0.4862588830998994 -2.3416804141466003
0.5728701976701743 -2.371736766177021
0.6161758549553118 -2.3917743341973012
0.688351950430541 -2.4118119022175817
0.688351950430541 -2.491962174298703
0.6594815122404494 -2.5921500144001053
0.6594815122404494 -2.652262718460946
0.7172223886206326 -2.6723002864812266
0.7893984840958618 -2.692337854501507
0.8327041413809992 -2.7524505585623484
0.8327041413809992 -2.8025444786130493
0.8615745795710908 -2.8626571826738907
0.8471393604760451 -2.942807454755012
0.8760097986661367 -2.972863806785433
0.8760097986661367 -3.032976510846274
0.9193154559512742 -3.0830704308969747
0.93375067504632 -3.1532019189679565
0.9481858941413658 -3.2032958390186574
0.9481858941413658 -3.2634085430794983
0.9770563323314575 -3.2433709750592183
1.0347972087116408 -3.2533897590693583
1.0781028659967782 -3.283446111099779
1.092538085091824 -3.3335400311504797
1.0492324278066867 -3.393652735211321
0.9770563323314575 -3.4237090872417415
0.9914915514265034 -3.433727871251882
1.005926770521549 -3.433727871251882
1.0347972087116408 -3.4637842232823024
1.0347972087116408 -3.5238969273431437
1.0492324278066867 -3.543934495363424
1.0492324278066867 -3.584009631403985
1.0347972087116408 -3.553953279373564
1.10697330418687 -3.5339157113532838
1.1214085232819158 -3.553953279373564
1.0492324278066867 -3.543934495363424
1.020361989616595 -3.584009631403985
0.9914915514265034 -3.584009631403985
0.9626211132364116 -3.5339157113532838
0.9770563323314575 -3.5138781433330033
1.005926770521549 -3.5138781433330033
1.020361989616595 -3.4938405753127233
0.9914915514265034 -3.483821791302583
0.93375067504632 -3.473803007292443
0.93375067504632 -3.4136903032316015
0.8760097986661367 -3.3635963831809006
0.8327041413809992 -3.3034836791200592
0.8038337031909076 -3.2533897590693583
0.7605280459057701 -3.2133146230287974
0.7172223886206326 -3.143183134957816
0.7316576077156784 -3.0530140788665543
0.7460928268107243 -3.0129389428259934
0.7027871695255868 -2.972863806785433
0.6306110740503577 -2.932788670744872
0.5439997594800827 -2.902732318714451
0.4862588830998994 -2.8626571826738907
0.39964756852962446 -2.7624693425724884
0.39964756852962446 -2.6723002864812266
0.3707771303395328 -2.5620936623696844
0.356341911244487 -2.4719246062784226
0.32747147305439533 -2.431849470237862
0.31303625395934953 -2.381755550187161
0.26973059667421206 -2.33166163013646
0.21198972029402874 -2.2214550060249176
0.16868406300889127 -2.1112483819133754
0.053202310248524655 -2.0110605418119736
-0.018973785226704468 -1.9409290537409922
-0.06227944251184195 -1.8407412136395902
-0.06227944251184195 -1.7405533735381882
-0.047844223416796124 -1.630346749426646
-0.03340900432175029 -1.5501964773455243
-0.06227944251184195 -1.3999147171934214
-0.1488907570821169 -1.3498207971427205
-0.2643725098424835 -1.2396141730311783
-0.2788077289375293 -1.1093699808993556
-0.30767816712762097 -0.9590882207472526
-0.24993729074743767 -0.8689191646559908
-0.2788077289375293 -0.778750108564729
-0.33654860531771263 -0.7286561885140281
-0.40872470079294176 -0.6685434844531869
-0.42315991988798757 -0.5683556443517849
-0.42315991988798757 -0.4781865882605231
-0.45203035807807923 -0.36797996414898093
-0.45203035807807923 -0.2978484760779995
-0.5386416726483542 -0.23773577201715831
-0.5963825490285375 -0.18764185196645733
-0.5530768917434 -0.12752914790561615
-0.5530768917434 -0.08745401186505533
-0.5242064535533083 -0.01732252379407394
-0.5819473299334916 0.002715044226206457
-0.6252529872186291 0.052808964276907455
-0.6108177681235833 0.09288410031746826
-0.6252529872186291 0.16301558838844965
-0.6252529872186291 0.22312829244929083
-0.6108177681235833 0.24316586046957123
-0.6541234254087208 0.25318464447971145
-0.6685586445037666 0.22312829244929083
-0.7118643017889041 0.24316586046957123
-0.7262995208839499 0.25318464447971145
-0.7118643017889041 0.2632034284898516
-0.6685586445037666 0.3032785645304124
-0.639688206313675 0.34335370057097325
-0.6541234254087208 0.34335370057097325
-0.6252529872186291 0.32331613255069286
-0.6685586445037666 0.33333491656083303
-0.639688206313675 0.33333491656083303
-0.639688206313675 0.33333491656083303
-0.6685586445037666 0.3533724845811134
-0.6829938635988124 0.32331613255069286
-0.6974290826938583 0.3734100526013938
-0.6829938635988124 0.4134851886419546
-0.639688206313675 0.4435415406723752
-0.6108177681235833 0.45356032468251545
-0.6252529872186291 0.43352275666223505
-0.7262995208839499 0.42350397265209483
-0.7262995208839499 0.4435415406723752
-0.7551699590740416 0.42350397265209483
-0.7407347399789957 0.4435415406723752
-0.6541234254087208 0.47359789270279584
-0.6541234254087208 0.483616676712936
-0.639688206313675 0.42350397265209483
-0.6108177681235833 0.4435415406723752
-0.6252529872186291 0.43352275666223505
-0.6541234254087208 0.4635791086926556
-0.6541234254087208 0.47359789270279584
-0.7118643017889041 0.47359789270279584
-0.7407347399789957 0.483616676712936
-0.7551699590740416 0.4635791086926556
-0.7118643017889041 0.5036542447332164
-0.6829938635988124 0.5036542447332164
-0.639688206313675 0.5136730287433566
-0.6541234254087208 0.5036542447332164
-0.7118643017889041 0.483616676712936
-0.7551699590740416 0.47359789270279584
-0.7696051781690874 0.49363546072307624
-0.7696051781690874 0.5136730287433566
-0.7407347399789957 0.5036542447332164
-0.6829938635988124 0.49363546072307624
-0.6974290826938583 0.5136730287433566
-0.6685586445037666 0.4635791086926556
-0.6974290826938583 0.49363546072307624
-0.7118643017889041 0.5036542447332164
-0.7118643017889041 0.47359789270279584
-0.7696051781690874 0.483616676712936
-0.7984756163591791 0.4635791086926556
-0.7840403972641332 0.483616676712936
-0.7262995208839499 0.483616676712936
-0.6829938635988124 0.49363546072307624
-0.639688206313675 0.47359789270279584
-0.7262995208839499 0.483616676712936
-0.7551699590740416 0.4435415406723752
-0.8129108354542248 0.4435415406723752
-0.8129108354542248 0.483616676712936
-0.8273460545492707 0.49363546072307624
-0.7118643017889041 0.5136730287433566
-0.7262995208839499 0.49363546072307624
-0.7551699590740416 0.4635791086926556
-0.7407347399789957 0.43352275666223505
-0.7407347399789957 0.45356032468251545
-0.7262995208839499 0.47359789270279584
-0.7118643017889041 0.47359789270279584
-0.7551699590740416 0.5136730287433566
-0.7551699590740416 0.49363546072307624
-0.7407347399789957 0.5136730287433566
-0.7407347399789957 0.49363546072307624
-0.7262995208839499 0.47359789270279584
-0.6974290826938583 0.4435415406723752
-0.6974290826938583 0.45356032468251545
-0.7262995208839499 0.47359789270279584
-0.7696051781690874 0.49363546072307624
-0.7551699590740416 0.49363546072307624
-0.7407347399789957 0.5136730287433566
-0.7984756163591791 0.5136730287433566
-0.7407347399789957 0.4635791086926556
-0.7262995208839499 0.43352275666223505
-0.8129108354542248 0.45356032468251545
-0.8129108354542248 0.47359789270279584
-0.7696051781690874 0.5036542447332164
-0.7262995208839499 0.483616676712936
-0.6974290826938583 0.49363546072307624
-0.7262995208839499 0.47359789270279584
-0.7696051781690874 0.4435415406723752
-0.7407347399789957 0.483616676712936
-0.7407347399789957 0.483616676712936
-0.7262995208839499 0.49363546072307624
-0.7551699590740416 0.5136730287433566
-0.7551699590740416 0.45356032468251545
-0.7696051781690874 0.45356032468251545
-0.7118643017889041 0.49363546072307624
-0.6829938635988124 0.5537481647839174
-0.6541234254087208 0.5437293807737772
-0.6685586445037666 0.5136730287433566
-0.6829938635988124 0.45356032468251545
-0.7407347399789957 0.4435415406723752
-0.7407347399789957 0.4435415406723752
-0.7407347399789957 0.5036542447332164
-0.7118643017889041 0.5036542447332164
-0.6685586445037666 0.5036542447332164
-0.6685586445037666 0.47359789270279584
-0.6829938635988124 0.47359789270279584
-0.7118643017889041 0.5036542447332164
-0.6829938635988124 0.5136730287433566
-0.6685586445037666 0.5036542447332164
-0.6974290826938583 0.5036542447332164
-0.7118643017889041 0.49363546072307624
-0.7118643017889041 0.483616676712936
-0.6685586445037666 0.5136730287433566
-0.6108177681235833 0.5437293807737772
-0.5675121108384459 0.5737857328041979
-0.6252529872186291 0.5136730287433566
-0.6541234254087208 0.49363546072307624
-0.7407347399789957 0.43352275666223505
-0.7407347399789957 0.45356032468251545
-0.7118643017889041 0.47359789270279584
-0.6685586445037666 0.49363546072307624
-0.6541234254087208 0.483616676712936
-0.6252529872186291 0.483616676712936
-0.6829938635988124 0.4635791086926556
-0.639688206313675 0.49363546072307624
-0.6252529872186291 0.483616676712936
-0.6541234254087208 0.483616676712936
-0.6974290826938583 0.45356032468251545
-0.7407347399789957 0.4635791086926556
-0.7551699590740416 0.47359789270279584
-0.7118643017889041 0.483616676712936
-0.6685586445037666 0.5036542447332164
-0.639688206313675 0.5136730287433566
-0.6541234254087208 0.5136730287433566
-0.7262995208839499 0.5036542447332164
-0.7840403972641332 0.49363546072307624
-0.8273460545492707 0.5136730287433566
-0.7407347399789957 0.5437293807737772
-0.7262995208839499 0.583804516814338
-0.6974290826938583 0.6138608688447587
-0.6974290826938583 0.6138608688447587
-0.6685586445037666 0.6038420848346184
-0.6252529872186291 0.6539360048853194
-0.5819473299334916 0.6739735729055998
-0.5530768917434 0.7040299249360205
-0.5386416726483542 0.68399235691574
-0.5819473299334916 0.6739735729055998
-0.5675121108384459 0.6639547888954596
-0.5819473299334916 0.68399235691574
-0.5675121108384459 0.734086276966441
-0.5530768917434 0.7040299249360205
-0.5819473299334916 0.6639547888954596
-0.5963825490285375 0.533710596763637
-0.6252529872186291 0.4635791086926556
-0.7118643017889041 0.3734100526013938
-0.6829938635988124 0.34335370057097325
-0.6974290826938583 0.34335370057097325
-0.6829938635988124 0.33333491656083303
-0.7262995208839499 0.3032785645304124
-0.6974290826938583 0.2632034284898516
-0.6974290826938583 0.283240996510132
-0.6974290826938583 0.29325978052027224
-0.6974290826938583 0.27322221249999185
-0.6974290826938583 0.25318464447971145
-0.8273460545492707 0.21310950843915064
-0.8273460545492707 0.18305315640873004
-0.8417812736443165 0.17303437239858985
-0.8273460545492707 0.18305315640873004
-0.8562164927393623 0.14297802036816926
-0.9139573691195456 0.14297802036816926
-0.9139573691195456 0.11292166833774865
-0.9716982454997289 0.08286531630732805
-1.0005686836898207 0.07284653229718785
-0.9716982454997289 0.11292166833774865
-0.9283925882145915 0.10290288432760845
-0.9283925882145915 0.09288410031746826
-0.9572630264046831 0.04279018026676725
-1.0150039027848665 0.052808964276907455
-1.0150039027848665 0.08286531630732805
-0.9428278073096373 0.11292166833774865
-0.9428278073096373 0.12294045234788885
-0.9139573691195456 0.17303437239858985
-0.9716982454997289 0.19307194041887024
-0.9428278073096373 0.18305315640873004
-0.8706517118344081 0.20309072442901044
-0.8562164927393623 0.22312829244929083
-0.7840403972641332 0.25318464447971145
-0.7840403972641332 0.2632034284898516
-0.7551699590740416 0.29325978052027224
-0.7551699590740416 0.34335370057097325
-0.7262995208839499 0.4134851886419546
-0.7118643017889041 0.45356032468251545
-0.6685586445037666 0.5136730287433566
-0.6252529872186291 0.483616676712936
-0.6685586445037666 0.4635791086926556
-0.7407347399789957 0.45356032468251545
-0.6829938635988124 0.5236918127534969
-0.6541234254087208 0.533710596763637
-0.5963825490285375 0.533710596763637
-0.639688206313675 0.5136730287433566
-0.5963825490285375 0.5036542447332164
-0.5963825490285375 0.49363546072307624
-0.5242064535533083 0.533710596763637
-0.4809007962681709 0.533710596763637
-0.5097712344582626 0.533710596763637
-0.4953360153632167 0.5136730287433566
-0.5530768917434 0.47359789270279584
-0.5819473299334916 0.49363546072307624
-0.6108177681235833 0.5036542447332164
-0.5819473299334916 0.533710596763637
-0.5386416726483542 0.533710596763637
-0.5386416726483542 0.5236918127534969
-0.5097712344582626 0.5036542447332164
-0.5530768917434 0.47359789270279584
-0.5386416726483542 0.5737857328041979
-0.5242064535533083 0.6238796528548988
-0.5675121108384459 0.6639547888954596
-0.6685586445037666 0.6539360048853194
-0.7840403972641332 0.6238796528548988
-0.9428278073096373 0.47359789270279584
-1.0583095600700039 0.022752612246486857
-1.0294391218799122 -0.6685434844531869
-0.9139573691195456 -1.4399898532339823
-0.7984756163591791 -2.1713610859742167
-0.6829938635988124 -2.8626571826738907
-0.5819473299334916 -3.5038593593228633
-0.4809007962681709 -4.014817343840013
-0.35098382441275844 -4.395531136225341
-0.23550207165239184 -4.595906816428145
-0.13445553798707108 -4.686075872519407
-0.0911498807019336 -4.696094656529547
0.03876709115347883 -4.575869248407865
0.32747147305439533 -4.285324512113799
0.7027871695255868 -3.674178687495247
1.2080198378521907 -2.7223942065319275
1.6122059725134739 -1.5702340453658048
1.8576046971292528 -0.5683556443517849
1.828734258939161 -0.007303739783933743
1.7276877252738405 0.29325978052027224
1.5833355343233821 0.4635791086926556
1.3090663715175115 0.5737857328041979
1.005926770521549 0.6038420848346184
0.601740635860266 0.6739735729055998
0.26973059667421206 0.7541238449867214
0.053202310248524655 0.8743492531084038
-0.13445553798707108 0.9444807411793852
-0.24993729074743767 0.9945746612300862
-0.35098382441275844 0.984555877219946
-0.3942894816978959 0.9945746612300862
-0.4375951389830334 0.9945746612300862
-0.45203035807807923 1.0446685812807872
-0.40872470079294176 1.0446685812807872
-0.42315991988798757 1.034649797270647
-0.3942894816978959 1.034649797270647
-0.3654190435078043 1.0246310132605068
-0.40872470079294176 1.0546873652909274
-0.3798542626028501 1.0747249333112079
-0.35098382441275844 1.1047812853416283
-0.33654860531771263 1.1248188533619088
-0.3798542626028501 1.1148000693517686
-0.33654860531771263 1.0647061493010677
-0.42315991988798757 1.0546873652909274
-0.3942894816978959 1.0747249333112079
-0.3798542626028501 1.0847437173213479
-0.2788077289375293 1.134837637372049
-0.2788077289375293 1.1047812853416283
-0.29324294803257517 1.0947625013314881
-0.3221133862226668 1.1047812853416283
-0.29324294803257517 1.134837637372049
-0.29324294803257517 1.1448564213821892
-0.2643725098424835 1.1548752053923295
-0.24993729074743767 1.134837637372049
-0.2643725098424835 1.1248188533619088
-0.2643725098424835 1.1248188533619088
-0.2643725098424835 1.1548752053923295
-0.2066316334623002 1.18493155742275
-0.1488907570821169 1.2049691254430304
-0.10558509979697943 1.1749127734126097
-0.19219641436725438 1.134837637372049
-0.24993729074743767 1.1148000693517686
-0.23550207165239184 1.1248188533619088
-0.19219641436725438 1.1448564213821892
-0.12002031889202525 1.1548752053923295
-0.07671466160688777 1.1548752053923295
-0.07671466160688777 1.18493155742275
-0.10558509979697943 1.1749127734126097
-0.06227944251184195 1.2250066934633108
-0.03340900432175029 1.235025477473451
-0.018973785226704468 1.2149879094531706
-0.03340900432175029 1.2250066934633108
-0.10558509979697943 1.1648939894024697
-0.12002031889202525 1.18493155742275
-0.10558509979697943 1.1949503414328901
-0.07671466160688777 1.235025477473451
0.024331872058433006 1.2450442614835913
0.06763752934357048 1.2450442614835913
0.08207274843861631 1.2149879094531706
0.03876709115347883 1.2049691254430304
0.053202310248524655 1.2450442614835913
0.06763752934357048 1.2250066934633108
0.024331872058433006 1.1949503414328901
0.053202310248524655 1.1448564213821892
0.024331872058433006 1.0847437173213479
0.03876709115347883 1.0647061493010677
0.12537840572375378 1.0947625013314881
0.18311928210393708 1.0947625013314881
0.18311928210393708 1.0446685812807872
0.1975545011989829 1.0246310132605068
0.15424884391384544 0.984555877219946
0.12537840572375378 0.9645183091996656
0.11094318662870796 0.9745370932098057
0.15424884391384544 0.9945746612300862
0.2552953775791662 0.9945746612300862
0.2552953775791662 0.9244431731591048
0.26973059667421206 0.8543116850881234
0.2408601584841204 0.8042177650374224
0.26973059667421206 0.7941989810272821
0.31303625395934953 0.784180197017142
0.3707771303395328 0.7641426289968616
0.3419066921494412 0.7741614130070018
0.32747147305439533 0.7240674929563008
0.28416581576925787 0.6940111409258802
0.356341911244487 0.734086276966441
0.38521234943457866 0.6940111409258802
0.4718236640048536 0.6639547888954596
0.44295322581476193 0.5938233008244782
0.39964756852962446 0.5737857328041979
0.3707771303395328 0.5537481647839174
0.39964756852962446 0.5737857328041979
0.41408278762467027 0.583804516814338
0.4718236640048536 0.6138608688447587
0.44295322581476193 0.5737857328041979
0.41408278762467027 0.533710596763637
0.39964756852962446 0.483616676712936
0.39964756852962446 0.47359789270279584
0.44295322581476193 0.4635791086926556
0.44295322581476193 0.49363546072307624
0.4573884449098078 0.483616676712936
0.41408278762467027 0.483616676712936
0.38521234943457866 0.4635791086926556
0.356341911244487 0.483616676712936
0.29860103486430367 0.483616676712936
0.356341911244487 0.49363546072307624
0.3419066921494412 0.45356032468251545
0.28416581576925787 0.42350397265209483
0.21198972029402874 0.43352275666223505
0.18311928210393708 0.47359789270279584
0.16868406300889127 0.5136730287433566
0.16868406300889127 0.5437293807737772
0.11094318662870796 0.5136730287433566
0.03876709115347883 0.47359789270279584
-0.047844223416796124 0.42350397265209483
-0.0911498807019336 0.38342883661153404
-0.0911498807019336 0.43352275666223505
-0.07671466160688777 0.483616676712936
-0.047844223416796124 0.49363546072307624
-0.06227944251184195 0.5036542447332164
-0.0911498807019336 0.5437293807737772
-0.12002031889202525 0.5737857328041979
-0.1633259761771627 0.5737857328041979
-0.17776119527220854 0.5938233008244782
-0.24993729074743767 0.5737857328041979
-0.2788077289375293 0.5437293807737772
-0.3221133862226668 0.5437293807737772
-0.33654860531771263 0.583804516814338
-0.29324294803257517 0.633898436865039
-0.19219641436725438 0.6739735729055998
-0.23550207165239184 0.633898436865039
-0.30767816712762097 0.6038420848346184
-0.35098382441275844 0.5938233008244782
-0.35098382441275844 0.6238796528548988
-0.42315991988798757 0.6539360048853194
-0.40872470079294176 0.6940111409258802
-0.3798542626028501 0.7140487089461606
-0.42315991988798757 0.7040299249360205
-0.3798542626028501 0.7140487089461606
-0.35098382441275844 0.734086276966441
-0.3654190435078043 0.7441050609765812
-0.3798542626028501 0.7541238449867214
-0.4375951389830334 0.7641426289968616
-0.5097712344582626 0.734086276966441
-0.5819473299334916 0.7541238449867214
-0.6108177681235833 0.8042177650374224
-0.4953360153632167 0.8442929010779832
-0.4375951389830334 0.8543116850881234
-0.42315991988798757 0.8543116850881234
-0.46646557717312503 0.834274117067843
-0.4809007962681709 0.8442929010779832
-0.5242064535533083 0.8743492531084038
-0.5097712344582626 0.9044056051388244
-0.5097712344582626 0.9645183091996656
-0.5242064535533083 0.9144243891489646
-0.5530768917434 0.8543116850881234
-0.4809007962681709 0.8442929010779832
-0.4953360153632167 0.8743492531084038
-0.4953360153632167 0.8943868211286842
-0.4953360153632167 0.8743492531084038
-0.4953360153632167 0.8442929010779832
-0.5097712344582626 0.834274117067843
-0.5819473299334916 0.8242553330577028
-0.5675121108384459 0.8743492531084038
-0.5242064535533083 0.9144243891489646
-0.5242064535533083 0.9044056051388244
-0.5097712344582626 0.8643304690982636
-0.5242064535533083 0.8042177650374224
-0.5675121108384459 0.7641426289968616
-0.6108177681235833 0.8042177650374224
-0.5963825490285375 0.834274117067843
-0.6108177681235833 0.8442929010779832
-0.6252529872186291 0.8142365490475626
-0.639688206313675 0.784180197017142
-0.6541234254087208 0.7541238449867214
-0.6252529872186291 0.7240674929563008
-0.5675121108384459 0.734086276966441
-0.5530768917434 0.7240674929563008
-0.5819473299334916 0.7140487089461606
-0.6252529872186291 0.7140487089461606
-0.6685586445037666 0.7040299249360205
-0.6685586445037666 0.7140487089461606
-0.6541234254087208 0.7240674929563008
-0.5963825490285375 0.68399235691574
-0.5963825490285375 0.6739735729055998
-0.6108177681235833 0.6238796528548988
-0.639688206313675 0.5938233008244782
-0.5963825490285375 0.6038420848346184
-0.5819473299334916 0.633898436865039
-0.5386416726483542 0.633898436865039
-0.5819473299334916 0.6539360048853194
-0.5819473299334916 0.633898436865039
-0.5963825490285375 0.583804516814338
-0.6108177681235833 0.5637669487940576
-0.5819473299334916 0.5737857328041979
-0.5386416726483542 0.6038420848346184
-0.5675121108384459 0.5938233008244782
-0.5242064535533083 0.5938233008244782
-0.5530768917434 0.6038420848346184
-0.5386416726483542 0.6539360048853194
-0.5242064535533083 0.6539360048853194
-0.5097712344582626 0.633898436865039
-0.5386416726483542 0.5737857328041979
-0.5530768917434 0.5537481647839174
-0.5675121108384459 0.5737857328041979
-0.4809007962681709 0.6639547888954596
-0.3798542626028501 0.7040299249360205
-0.35098382441275844 0.7140487089461606
-0.35098382441275844 0.7140487089461606
-0.3221133862226668 0.6439172208751792
-0.3654190435078043 0.5938233008244782
-0.35098382441275844 0.6038420848346184
-0.3654190435078043 0.6138608688447587
-0.3942894816978959 0.6439172208751792
-0.40872470079294176 0.6639547888954596
-0.4375951389830334 0.6138608688447587
-0.42315991988798757 0.5236918127534969
-0.40872470079294176 0.49363546072307624
-0.40872470079294176 0.40346640463181443
-0.40872470079294176 0.32331613255069286
-0.4953360153632167 0.27322221249999185
-0.5530768917434 0.2632034284898516
-0.5675121108384459 0.2632034284898516
-0.5963825490285375 0.27322221249999185
-0.5819473299334916 0.2632034284898516
-0.46646557717312503 0.22312829244929083
-0.45203035807807923 0.19307194041887024
-0.5097712344582626 0.14297802036816926
-0.5963825490285375 0.09288410031746826
-0.5819473299334916 0.11292166833774865
-0.639688206313675 0.12294045234788885
-0.6685586445037666 0.09288410031746826
-0.6974290826938583 0.10290288432760845
-0.7262995208839499 0.032771396256627054
-0.7840403972641332 0.002715044226206457
-0.7840403972641332 0.012733828236346657
-0.7262995208839499 0.012733828236346657
-0.7118643017889041 0.002715044226206457
-0.7696051781690874 -0.027341307804214142
-0.7984756163591791 -0.01732252379407394
-0.8417812736443165 -0.03736009181435434
-0.885086930929454 0.022752612246486857
-0.8273460545492707 0.04279018026676725
-0.7984756163591791 0.032771396256627054
-0.7840403972641332 0.032771396256627054
-0.7840403972641332 0.052808964276907455
-0.7984756163591791 0.09288410031746826
-0.7407347399789957 0.11292166833774865
-0.7696051781690874 0.11292166833774865
-0.6829938635988124 0.12294045234788885
-0.7118643017889041 0.10290288432760845
-0.6829938635988124 0.09288410031746826
-0.639688206313675 0.12294045234788885
-0.5963825490285375 0.17303437239858985
-0.5386416726483542 0.21310950843915064
-0.4809007962681709 0.2632034284898516
-0.5097712344582626 0.283240996510132
-0.5386416726483542 0.29325978052027224
-0.6108177681235833 0.32331613255069286
-0.6108177681235833 0.36339126859125365
-0.5386416726483542 0.4134851886419546
-0.45203035807807923 0.4435415406723752
-0.4953360153632167 0.4134851886419546
-0.46646557717312503 0.3734100526013938
-0.4953360153632167 0.34335370057097325
-0.46646557717312503 0.34335370057097325
-0.46646557717312503 0.3734100526013938
-0.4375951389830334 0.38342883661153404
-0.3942894816978959 0.38342883661153404
-0.42315991988798757 0.3734100526013938
-0.45203035807807923 0.34335370057097325
-0.45203035807807923 0.3533724845811134
-0.42315991988798757 0.3533724845811134
-0.4375951389830334 0.34335370057097325
-0.42315991988798757 0.31329734854055263
-0.42315991988798757 0.2632034284898516
-0.46646557717312503 0.25318464447971145
-0.4809007962681709 0.34335370057097325
-0.4375951389830334 0.4134851886419546
-0.40872470079294176 0.4435415406723752
-0.4375951389830334 0.43352275666223505
-0.5097712344582626 0.40346640463181443
-0.5963825490285375 0.3934476206216742
-0.6829938635988124 0.4134851886419546
-0.8273460545492707 0.32331613255069286
-0.9428278073096373 -0.11751036389547594
-1.0294391218799122 -0.7687313245545889
-0.9861334645947748 -1.4099335012035616
-0.8562164927393623 -1.981004189781553
-0.7118643017889041 -2.632225150440666
-0.5242064535533083 -3.2433709750592183
-0.35098382441275844 -3.84449801566763
-0.2788077289375293 -4.3153808641442195
-0.2066316334623002 -4.595906816428145
-0.1488907570821169 -4.726151008559968
-0.06227944251184195 -4.706113440539688
0.11094318662870796 -4.545812896377444
0.4285180067197161 -4.205174240032677
0.8327041413809992 -3.4938405753127233
1.3956776860877864 -2.431849470237862
1.7998638207490696 -1.279689309071739
1.9875216689846653 -0.3980363161794015
2.001956888079711 0.07284653229718785
1.8720399162242987 0.3032785645304124
1.669946848893657 0.43352275666223505
1.3379368097076032 0.5136730287433566
0.93375067504632 0.5637669487940576
0.5584349785751286 0.6238796528548988
0.31303625395934953 0.7441050609765812
0.12537840572375378 0.8242553330577028
-0.047844223416796124 0.8543116850881234
-0.19219641436725438 0.8442929010779832
-0.30767816712762097 0.8142365490475626
-0.3798542626028501 0.8543116850881234
-0.3654190435078043 0.8943868211286842
-0.35098382441275844 0.9044056051388244
-0.33654860531771263 0.8943868211286842
-0.3654190435078043 0.8943868211286842
-0.35098382441275844 0.9244431731591048
-0.35098382441275844 0.9244431731591048
-0.2788077289375293 0.9244431731591048
-0.2643725098424835 0.9244431731591048
-0.3221133862226668 0.9144243891489646
-0.33654860531771263 0.8943868211286842
-0.40872470079294176 0.884368037118544
-0.40872470079294176 0.9244431731591048
-0.3798542626028501 0.9544995251895254
-0.30767816712762097 0.9244431731591048
-0.2788077289375293 0.9044056051388244
-0.2788077289375293 0.884368037118544
-0.2788077289375293 0.8643304690982636
-0.2788077289375293 0.9144243891489646
-0.30767816712762097 0.9645183091996656
-0.2788077289375293 0.984555877219946
-0.29324294803257517 0.9645183091996656
-0.3221133862226668 0.9244431731591048
-0.33654860531771263 0.9144243891489646
-0.29324294803257517 0.9244431731591048
-0.23550207165239184 0.9144243891489646
-0.2066316334623002 0.9144243891489646
-0.17776119527220854 0.8743492531084038
-0.22106685255734604 0.8442929010779832
-0.23550207165239184 0.8543116850881234
-0.2643725098424835 0.9044056051388244
-0.23550207165239184 0.9645183091996656
-0.24993729074743767 0.9544995251895254
-0.23550207165239184 0.934461957169245
-0.22106685255734604 0.934461957169245
-0.19219641436725438 0.9244431731591048
-0.22106685255734604 0.9244431731591048
-0.17776119527220854 0.9444807411793852
-0.0911498807019336 0.9244431731591048
-0.12002031889202525 0.9244431731591048
-0.1633259761771627 0.9444807411793852
-0.1633259761771627 0.9444807411793852
-0.17776119527220854 0.9444807411793852
-0.13445553798707108 0.9645183091996656
-0.10558509979697943 0.9645183091996656
-0.0911498807019336 0.9544995251895254
-0.1488907570821169 0.9144243891489646
-0.13445553798707108 0.8743492531084038
-0.1633259761771627 0.8643304690982636
-0.10558509979697943 0.8743492531084038
-0.004538566131658644 0.8943868211286842
-0.004538566131658644 0.8943868211286842
-0.03340900432175029 0.8242553330577028
-0.06227944251184195 0.8142365490475626
-0.047844223416796124 0.8242553330577028
-0.03340900432175029 0.8442929010779832
0.009896652963387181 0.8242553330577028
0.009896652963387181 0.8042177650374224
-0.03340900432175029 0.7741614130070018
-0.018973785226704468 0.7541238449867214
0.009896652963387181 0.784180197017142
0.024331872058433006 0.7541238449867214
0.12537840572375378 0.734086276966441
0.12537840572375378 0.6739735729055998
0.06763752934357048 0.6539360048853194
0.06763752934357048 0.5938233008244782
0.09650796753366213 0.583804516814338
0.03876709115347883 0.5637669487940576
0.11094318662870796 0.5537481647839174
0.1398136248187996 0.5036542447332164
0.06763752934357048 0.45356032468251545
0.1398136248187996 0.4134851886419546
0.11094318662870796 0.4435415406723752
0.21198972029402874 0.43352275666223505
0.2408601584841204 0.43352275666223505
0.21198972029402874 0.3934476206216742
0.21198972029402874 0.31329734854055263
0.15424884391384544 0.25318464447971145
0.18311928210393708 0.2632034284898516
0.1975545011989829 0.22312829244929083
0.2408601584841204 0.22312829244929083
0.22642493938907457 0.21310950843915064
0.2552953775791662 0.18305315640873004
0.28416581576925787 0.17303437239858985
0.29860103486430367 0.17303437239858985
0.31303625395934953 0.17303437239858985
0.29860103486430367 0.14297802036816926
0.2408601584841204 0.11292166833774865
0.21198972029402874 0.052808964276907455
0.16868406300889127 0.022752612246486857
0.1398136248187996 0.04279018026676725
0.18311928210393708 0.09288410031746826
0.21198972029402874 0.07284653229718785
0.2408601584841204 0.10290288432760845
0.22642493938907457 0.04279018026676725
0.1975545011989829 0.052808964276907455
0.21198972029402874 0.052808964276907455
0.18311928210393708 0.06282774828704765
0.1398136248187996 0.07284653229718785
0.09650796753366213 0.06282774828704765
0.009896652963387181 0.07284653229718785
-0.12002031889202525 0.07284653229718785
-0.12002031889202525 0.11292166833774865
-0.07671466160688777 0.14297802036816926
-0.018973785226704468 0.18305315640873004
-0.07671466160688777 0.15299680437830945
-0.10558509979697943 0.12294045234788885
-0.1633259761771627 0.12294045234788885
-0.17776119527220854 0.16301558838844965
-0.22106685255734604 0.19307194041887024
-0.22106685255734604 0.20309072442901044
-0.2788077289375293 0.18305315640873004
-0.33654860531771263 0.18305315640873004
-0.3654190435078043 0.19307194041887024
-0.35098382441275844 0.22312829244929083
-0.3221133862226668 0.23314707645943103
-0.2643725098424835 0.21310950843915064
-0.30767816712762097 0.21310950843915064
-0.3798542626028501 0.20309072442901044
-0.42315991988798757 0.21310950843915064
-0.42315991988798757 0.23314707645943103
-0.45203035807807923 0.27322221249999185
-0.42315991988798757 0.29325978052027224
-0.45203035807807923 0.3032785645304124
-0.4375951389830334 0.3032785645304124
-0.42315991988798757 0.29325978052027224
-0.45203035807807923 0.31329734854055263
-0.45203035807807923 0.33333491656083303
-0.3798542626028501 0.3032785645304124
-0.42315991988798757 0.283240996510132
-0.5242064535533083 0.29325978052027224
-0.5242064535533083 0.31329734854055263
-0.5963825490285375 0.33333491656083303
-0.5386416726483542 0.34335370057097325
-0.5242064535533083 0.3533724845811134
-0.5097712344582626 0.34335370057097325
-0.5386416726483542 0.33333491656083303
-0.5097712344582626 0.3032785645304124
-0.5097712344582626 0.31329734854055263
-0.5386416726483542 0.33333491656083303
-0.5386416726483542 0.3533724845811134
-0.5530768917434 0.32331613255069286
-0.5675121108384459 0.33333491656083303
-0.5963825490285375 0.33333491656083303
-0.5963825490285375 0.31329734854055263
-0.5530768917434 0.34335370057097325
-0.5242064535533083 0.36339126859125365
-0.5242064535533083 0.3032785645304124
-0.5819473299334916 0.31329734854055263
-0.6252529872186291 0.3032785645304124
-0.6108177681235833 0.36339126859125365
-0.5963825490285375 0.40346640463181443
-0.5386416726483542 0.40346640463181443
-0.5819473299334916 0.3734100526013938
-0.6252529872186291 0.32331613255069286
-0.6541234254087208 0.31329734854055263
-0.6685586445037666 0.31329734854055263
-0.6685586445037666 0.33333491656083303
-0.6685586445037666 0.3032785645304124
-0.6829938635988124 0.3032785645304124
-0.7262995208839499 0.32331613255069286
-0.7118643017889041 0.29325978052027224
-0.6974290826938583 0.3533724845811134
-0.639688206313675 0.38342883661153404
-0.5963825490285375 0.36339126859125365
-0.6252529872186291 0.31329734854055263
