-2.54603464271464 2.074051536615758
-2.1028213782807135 2.255918968135251
-1.5709654609600014 2.4074751610681613
-1.3759516246090737 2.4377863996547435
-1.3227660328770023 2.4680976382413258
-1.2873089717222883 2.52872011541449
-1.1454807271034317 2.4984088768279076
-0.9150098295977899 2.52872011541449
-0.7199959932468621 2.4984088768279076
-0.666810401514791 2.4984088768279076
-0.7377245238242193 2.3771639224815795
-0.7199959932468621 2.3771639224815795
-0.7377245238242193 2.4377863996547435
-0.5604392180506486 2.4984088768279076
-0.36542538169972083 2.6499650697608184
-0.2413256676582214 2.559031354001072
-0.34769685112236376 2.3771639224815795
-0.5781677486280057 2.316541445308415
-0.6313533403600768 2.3771639224815795
-0.5249821568959344 2.4074751610681613
-0.3122397899676496 2.4984088768279076
-0.2413256676582214 2.3771639224815795
-0.34769685112236376 2.255918968135251
-0.47179656516386326 2.2862302067218327
-0.6136248097827197 2.4074751610681613
-0.5249821568959344 2.3468526838949972
-0.27678272881293553 2.4074751610681613
-0.09949742303936485 2.3468526838949972
-0.08176889246200779 2.164985252375504
-0.08176889246200779 2.1952964909620865
-0.134954484194079 2.10436277520234
-0.04631183130729365 2.164985252375504
0.09551641331156288 2.2256077295486687
0.20188759677570528 2.2256077295486687
0.20188759677570528 2.0437402980291757
0.20188759677570528 1.9831178208560116
0.14870200504363407 2.0437402980291757
0.23734465793041942 2.0437402980291757
0.3259873108172047 2.074051536615758
0.5210011471681325 2.1346740137889224
0.6096438000549178 1.9528065822694294
0.6805579223643461 1.8315616279231008
0.645100861209632 1.9224953436828474
0.7337435140964172 1.9224953436828474
0.7692005752511314 1.9831178208560116
0.8046576364058455 1.8315616279231008
0.8223861669832025 1.8012503893365188
0.6982864529417031 1.7406279121633546
0.6805579223643461 1.8315616279231008
0.7869291058284884 1.8921841050962651
0.9642144116020591 1.8315616279231008
0.9996714727567733 1.8315616279231008
0.9819429421794161 1.7103166735767723
0.911028819869988 1.7709391507499366
0.928757350447345 1.7709391507499366
0.9642144116020591 1.8315616279231008
1.0528570644888444 1.8012503893365188
1.0528570644888444 1.7406279121633546
0.911028819869988 1.6800054349901903
0.8578432281379167 1.6800054349901903
0.7514720446737744 1.7709391507499366
0.7337435140964172 1.8921841050962651
0.7160149835190602 1.8921841050962651
0.6096438000549178 1.9224953436828474
0.5387296777454895 1.8012503893365188
0.396901433126633 1.7406279121633546
0.37917290254927594 1.8012503893365188
0.3437158413945618 1.8921841050962651
0.2550731885077765 1.9528065822694294
0.09551641331156288 1.9224953436828474
-0.08176889246200779 1.7406279121633546
-0.1704115453487931 1.6800054349901903
-0.20586860650350725 1.8315616279231008
-0.20586860650350725 1.9528065822694294
-0.18814007592615017 2.0437402980291757
-0.20586860650350725 1.9831178208560116
-0.27678272881293553 1.8921841050962651
-0.36542538169972083 1.861872866509683
-0.4363395040091491 1.8315616279231008
-0.47179656516386326 1.9224953436828474
-0.41861097343179204 1.9528065822694294
-0.4363395040091491 1.9528065822694294
-0.4540680345865062 1.7709391507499366
-0.5249821568959344 1.7709391507499366
-0.5781677486280057 1.8315616279231008
-0.5604392180506486 1.9224953436828474
-0.6136248097827197 1.9528065822694294
-0.5427106874732915 1.8921841050962651
-0.48952509574122033 1.7709391507499366
-0.48952509574122033 1.589071719230444
-0.5958962792053627 1.6800054349901903
-0.7909101155562904 1.8012503893365188
-0.7909101155562904 2.013429059442594
-0.7022674626695051 1.8921841050962651
-0.666810401514791 1.7709391507499366
-0.684538932092148 1.7406279121633546
-0.7377245238242193 1.7709391507499366
-0.7022674626695051 1.8012503893365188
-0.5958962792053627 1.861872866509683
-0.5781677486280057 1.861872866509683
-0.5958962792053627 1.8012503893365188
-0.5781677486280057 1.7103166735767723
-0.5604392180506486 1.6800054349901903
-0.6136248097827197 1.7709391507499366
-0.6313533403600768 1.9528065822694294
-0.5958962792053627 1.9224953436828474
-0.5958962792053627 1.8921841050962651
-0.5781677486280057 1.8921841050962651
-0.5781677486280057 1.9528065822694294
-0.5249821568959344 1.9528065822694294
-0.41861097343179204 1.9831178208560116
-0.3122397899676496 1.8921841050962651
-0.27678272881293553 1.7406279121633546
-0.3122397899676496 1.8012503893365188
-0.34769685112236376 1.8315616279231008
-0.2945112593902926 1.8921841050962651
-0.2413256676582214 1.9224953436828474
-0.27678272881293553 1.7709391507499366
-0.2945112593902926 1.619382957817026
-0.4540680345865062 1.5284492420572797
-0.5072536263185774 1.589071719230444
-0.5249821568959344 1.7406279121633546
-0.4363395040091491 1.6800054349901903
-0.400882442854435 1.6496941964036083
-0.5249821568959344 1.4981380034706975
-0.6136248097827197 1.4678267648841155
-0.7022674626695051 1.589071719230444
-0.6490818709374339 1.6496941964036083
-0.5427106874732915 1.6800054349901903
-0.4540680345865062 1.6800054349901903
-0.41861097343179204 1.589071719230444
-0.48952509574122033 1.5587604806438617
-0.5958962792053627 1.6800054349901903
-0.6313533403600768 1.6800054349901903
-0.6490818709374339 1.7709391507499366
-0.666810401514791 1.589071719230444
-0.6313533403600768 1.5587604806438617
-0.6313533403600768 1.619382957817026
-0.6136248097827197 1.619382957817026
-0.6490818709374339 1.8012503893365188
-0.6313533403600768 1.7709391507499366
-0.6490818709374339 1.8012503893365188
-0.666810401514791 1.619382957817026
-0.6490818709374339 1.4375155262975332
-0.6490818709374339 1.4072042877109512
-0.666810401514791 1.589071719230444
-0.5958962792053627 1.619382957817026
-0.5604392180506486 1.589071719230444
-0.5958962792053627 1.5284492420572797
-0.6313533403600768 1.5284492420572797
-0.6313533403600768 1.5284492420572797
-0.5072536263185774 1.5587604806438617
-0.41861097343179204 1.619382957817026
-0.5958962792053627 1.589071719230444
-0.6490818709374339 1.4678267648841155
-0.684538932092148 1.4981380034706975
-0.666810401514791 1.376893049124369
-0.5781677486280057 1.619382957817026
-0.6136248097827197 1.6496941964036083
-0.6490818709374339 1.619382957817026
-0.7199959932468621 1.5587604806438617
-0.7377245238242193 1.4981380034706975
-0.7554530544015763 1.589071719230444
-0.684538932092148 1.6800054349901903
-0.6313533403600768 1.589071719230444
-0.5427106874732915 1.5587604806438617
-0.5958962792053627 1.4072042877109512
-0.6490818709374339 1.4072042877109512
-0.7022674626695051 1.5284492420572797
-0.7022674626695051 1.6800054349901903
-0.6490818709374339 1.8012503893365188
-0.5249821568959344 1.7103166735767723
-0.36542538169972083 1.619382957817026
-0.08176889246200779 1.4375155262975332
0.4146299637039901 1.346581810537787
1.0705855950662015 1.1040919018451298
1.726541226428413 0.9828469474988013
2.3824968577906245 0.6191120844598157
2.807981591647194 0.1947547442476659
3.020723958575479 -0.3205363117242303
3.056181019730193 -0.502403743243723
2.6838818776056947 -0.5933374590034695
2.1697544908623394 -0.5630262204168873
1.3010564925718433 -0.44178126607055884
-0.010854770152579518 -0.472092504657141
-1.3050375022996454 -0.1992913573779018
-2.24464962289957 0.07350978990133739
-2.7942340707976387 0.3159996985939944
-2.7942340707976387 0.5584896072866514
-2.4042063980957833 0.8312907545658906
-1.996450194816571 1.0131581860853833
-1.730522236156215 1.0737806632585476
-1.4468657469185018 1.2859593333646226
-1.198666318835503 1.4072042877109512
-0.950466890752504 1.589071719230444
-0.8086386461336474 1.5587604806438617
-0.7022674626695051 1.346581810537787
-0.7022674626695051 1.2556480947780404
-0.666810401514791 1.2556480947780404
-0.5427106874732915 1.346581810537787
-0.4540680345865062 1.346581810537787
-0.5072536263185774 1.4375155262975332
-0.5781677486280057 1.376893049124369
-0.7731815849789334 1.346581810537787
-0.7377245238242193 1.4375155262975332
-0.684538932092148 1.4678267648841155
-0.5781677486280057 1.5284492420572797
-0.41861097343179204 1.4375155262975332
-0.400882442854435 1.4072042877109512
-0.4540680345865062 1.346581810537787
-0.400882442854435 1.376893049124369
-0.27678272881293553 1.4678267648841155
-0.18814007592615017 1.4375155262975332
-0.15268301477143606 1.2556480947780404
-0.25905419823557846 1.2253368561914584
-0.2945112593902926 1.1950256176048761
-0.3122397899676496 1.2556480947780404
-0.27678272881293553 1.3162705719512047
-0.15268301477143606 1.346581810537787
-0.11722595361672192 1.1950256176048761
-0.08176889246200779 1.1040919018451298
-0.04631183130729365 1.0131581860853833
0.060059352156848746 1.0434694246719656
0.16643053562099114 1.0737806632585476
0.3259873108172047 1.1040919018451298
0.43235849428134715 1.0131581860853833
0.4855440860134183 0.8312907545658906
0.4146299637039901 0.8616019931524728
0.3437158413945618 0.9828469474988013
0.3437158413945618 1.0737806632585476
0.4855440860134183 1.0434694246719656
0.645100861209632 0.9828469474988013
0.7337435140964172 0.8616019931524728
0.6982864529417031 0.8312907545658906
0.7160149835190602 0.8616019931524728
0.7514720446737744 0.9525357089122192
0.8933002892926308 0.9828469474988013
0.911028819869988 0.8616019931524728
0.9464858810247021 0.7100458002195621
0.9464858810247021 0.7706682773927264
0.928757350447345 0.7403570388061442
1.0883141256435587 0.8919132317390549
1.194685309107701 0.8616019931524728
1.159228247952987 0.7706682773927264
0.9819429421794161 0.67973456163298
0.7692005752511314 0.67973456163298
0.8223861669832025 0.8009795159793085
0.928757350447345 0.7403570388061442
1.0528570644888444 0.8616019931524728
0.9819429421794161 0.7706682773927264
0.8046576364058455 0.7403570388061442
0.7160149835190602 0.7100458002195621
0.6982864529417031 0.8616019931524728
0.662829391786989 0.9828469474988013
0.5032726165907754 1.0434694246719656
0.2905302496624906 0.9525357089122192
0.20188759677570528 0.922224470325637
0.07778788273420581 0.8312907545658906
-0.08176889246200779 0.8312907545658906
-0.22359713708086432 1.0131581860853833
-0.2413256676582214 1.1040919018451298
-0.22359713708086432 1.1040919018451298
-0.1704115453487931 0.8312907545658906
-0.15268301477143606 0.8312907545658906
-0.22359713708086432 0.7706682773927264
-0.27678272881293553 0.9828469474988013
-0.3299683205450067 1.0434694246719656
-0.48952509574122033 0.9828469474988013
-0.5781677486280057 0.922224470325637
-0.5427106874732915 0.922224470325637
-0.36542538169972083 0.8009795159793085
-0.04631183130729365 0.8616019931524728
0.11324494388891995 0.8616019931524728
-0.010854770152579518 0.8312907545658906
-0.4363395040091491 0.67973456163298
-0.7022674626695051 0.7403570388061442
-0.8440957072883616 0.8919132317390549
-0.8795527684430757 0.9828469474988013
-0.8972812990204329 1.0131581860853833
-0.7909101155562904 1.0737806632585476
-0.5958962792053627 0.9525357089122192
-0.4540680345865062 0.8312907545658906
-0.47179656516386326 0.7100458002195621
-0.5958962792053627 0.922224470325637
-0.6313533403600768 0.9828469474988013
-0.8618242378657187 0.922224470325637
-0.8972812990204329 0.8616019931524728
-0.932738360175147 0.7706682773927264
-0.8795527684430757 0.8919132317390549
-0.7731815849789334 0.922224470325637
-0.7199959932468621 0.9828469474988013
-0.666810401514791 0.9525357089122192
-0.7731815849789334 0.8009795159793085
-0.8618242378657187 0.8312907545658906
-0.8972812990204329 0.922224470325637
-0.8263671767110046 1.0434694246719656
-0.684538932092148 1.1344031404317119
-0.6313533403600768 1.1040919018451298
-0.5958962792053627 0.9828469474988013
-0.5072536263185774 0.8009795159793085
-0.41861097343179204 0.8616019931524728
-0.41861097343179204 0.8919132317390549
-0.34769685112236376 0.9828469474988013
-0.36542538169972083 0.8919132317390549
-0.36542538169972083 0.8312907545658906
-0.41861097343179204 0.5584896072866514
-0.5072536263185774 0.43724465294032294
-0.5427106874732915 0.5888008458732336
-0.5072536263185774 0.5888008458732336
-0.47179656516386326 0.5584896072866514
-0.5072536263185774 0.43724465294032294
-0.5604392180506486 0.4069334143537408
-0.5781677486280057 0.43724465294032294
-0.5958962792053627 0.5584896072866514
-0.6313533403600768 0.6191120844598157
-0.6313533403600768 0.5281783687000693
-0.666810401514791 0.4978671301134872
-0.6490818709374339 0.4675558915269051
-0.6490818709374339 0.5584896072866514
-0.5781677486280057 0.7100458002195621
-0.5958962792053627 0.7706682773927264
-0.7022674626695051 0.6191120844598157
-0.8440957072883616 0.4978671301134872
-0.8972812990204329 0.4675558915269051
-0.8263671767110046 0.4978671301134872
-0.7199959932468621 0.6494233230463978
-0.7022674626695051 0.6191120844598157
-0.684538932092148 0.5888008458732336
-0.7554530544015763 0.4675558915269051
-0.7731815849789334 0.43724465294032294
-0.7554530544015763 0.5281783687000693
-0.7199959932468621 0.5584896072866514
-0.6490818709374339 0.6494233230463978
-0.666810401514791 0.6191120844598157
-0.6313533403600768 0.4675558915269051
-0.6136248097827197 0.3766221757671587
-0.48952509574122033 0.4675558915269051
-0.400882442854435 0.5281783687000693
-0.41861097343179204 0.43724465294032294
-0.5249821568959344 0.4978671301134872
-0.6490818709374339 0.4675558915269051
-0.8263671767110046 0.43724465294032294
-0.9150098295977899 0.5584896072866514
-0.8618242378657187 0.6191120844598157
-0.7377245238242193 0.6191120844598157
-0.6313533403600768 0.5888008458732336
-0.6136248097827197 0.3766221757671587
-0.7022674626695051 0.4069334143537408
-0.684538932092148 0.3766221757671587
-0.7199959932468621 0.43724465294032294
-0.6136248097827197 0.5281783687000693
-0.5781677486280057 0.43724465294032294
-0.8086386461336474 0.3766221757671587
-0.9681954213298611 0.3766221757671587
-0.8972812990204329 0.5281783687000693
-0.7377245238242193 0.5584896072866514
-0.5958962792053627 0.67973456163298
-0.5604392180506486 0.7403570388061442
-0.5781677486280057 0.6494233230463978
-0.4540680345865062 0.5584896072866514
-0.06404036188465072 0.4978671301134872
0.6805579223643461 0.3159996985939944
1.4251562066133427 0.13413226707450165
2.1165688991302685 -0.22960259596448393
2.6661533470283376 -0.5327149818303052
3.056181019730193 -1.0176947992156193
3.286651917235835 -1.3208071850814407
3.4107516312773343 -1.5632970937740975
3.1448236726169783 -1.8967207182265011
2.542053632986838 -2.0785881497459937
1.7088126958510559 -2.048276911159412
0.645100861209632 -2.108899388332576
-0.48952509574122033 -1.684542048120426
-1.51777986922793 -1.411740900841187
-2.3510208063637124 -1.16925099214853
-2.811962601374996 -0.8055161291095444
-2.829691131952353 -0.502403743243723
-2.5283061121372827 -0.16898011879131966
-2.1560069700127844 0.22506598283424803
-1.695065175001501 0.4069334143537408
-1.3050375022996454 0.5281783687000693
-1.0568380742166463 0.4978671301134872
-0.8263671767110046 0.3766221757671587
-0.7377245238242193 0.3159996985939944
-0.7554530544015763 0.43724465294032294
-0.7731815849789334 0.5584896072866514
-0.7377245238242193 0.5888008458732336
-0.7022674626695051 0.5281783687000693
-0.7022674626695051 0.43724465294032294
-0.666810401514791 0.4675558915269051
-0.666810401514791 0.4675558915269051
-0.5427106874732915 0.5584896072866514
-0.4363395040091491 0.6494233230463978
-0.34769685112236376 0.5281783687000693
-0.22359713708086432 0.43724465294032294
-0.134954484194079 0.34631093718057654
-0.20586860650350725 0.4069334143537408
-0.2945112593902926 0.5281783687000693
-0.400882442854435 0.5888008458732336
-0.41861097343179204 0.4978671301134872
-0.36542538169972083 0.3766221757671587
-0.400882442854435 0.28568846000741227
-0.3299683205450067 0.34631093718057654
-0.25905419823557846 0.4675558915269051
-0.04631183130729365 0.5281783687000693
0.04233082157949168 0.4069334143537408
0.006873760424777549 0.3159996985939944
-0.08176889246200779 0.28568846000741227
-0.134954484194079 0.4675558915269051
-0.010854770152579518 0.6191120844598157
0.20188759677570528 0.43724465294032294
0.30825878023984765 0.43724465294032294
0.37917290254927594 0.22506598283424803
0.4146299637039901 0.16444350566108376
0.5741867389002037 0.1947547442476659
0.7160149835190602 0.10382102848791952
0.7514720446737744 0.1947547442476659
0.5919152694775607 0.16444350566108376
0.4855440860134183 0.16444350566108376
0.5210011471681325 0.07350978990133739
0.662829391786989 0.1947547442476659
0.8401146975605597 0.2553772214208302
0.9642144116020591 0.2553772214208302
0.9996714727567733 0.07350978990133739
1.0351285339114873 0.07350978990133739
0.9642144116020591 -0.04773516444499114
0.9819429421794161 0.012887312728173124
0.9464858810247021 0.16444350566108376
0.9642144116020591 0.1947547442476659
0.9819429421794161 0.22506598283424803
1.0351285339114873 0.10382102848791952
1.0528570644888444 0.10382102848791952
0.8933002892926308 0.16444350566108376
0.911028819869988 0.22506598283424803
0.8755717587152738 0.28568846000741227
0.8755717587152738 0.3159996985939944
0.7692005752511314 0.22506598283424803
0.6982864529417031 0.10382102848791952
0.662829391786989 0.07350978990133739
0.7160149835190602 0.22506598283424803
0.6805579223643461 0.2553772214208302
0.6273723306322748 0.3159996985939944
0.4855440860134183 0.10382102848791952
0.3437158413945618 0.16444350566108376
0.14870200504363407 0.16444350566108376
-0.028583300729936582 0.43724465294032294
-0.06404036188465072 0.4978671301134872
-0.1704115453487931 0.4675558915269051
-0.2413256676582214 0.3766221757671587
-0.2413256676582214 0.3159996985939944
-0.20586860650350725 0.4069334143537408
-0.2413256676582214 0.4069334143537408
-0.36542538169972083 0.4675558915269051
-0.48952509574122033 0.5584896072866514
-0.5072536263185774 0.4978671301134872
-0.48952509574122033 0.4675558915269051
-0.34769685112236376 0.4069334143537408
-0.27678272881293553 0.4069334143537408
-0.36542538169972083 0.43724465294032294
-0.5249821568959344 0.43724465294032294
-0.684538932092148 0.3159996985939944
-0.7731815849789334 0.4069334143537408
-0.6490818709374339 0.3766221757671587
-0.5249821568959344 0.4069334143537408
-0.41861097343179204 0.4978671301134872
-0.41861097343179204 0.34631093718057654
-0.400882442854435 0.1947547442476659
-0.4363395040091491 0.16444350566108376
-0.6490818709374339 0.28568846000741227
-0.8263671767110046 0.3766221757671587
-0.8440957072883616 0.4069334143537408
-0.8263671767110046 0.28568846000741227
-0.7909101155562904 0.22506598283424803
-0.7199959932468621 0.04319855131475525
-0.7022674626695051 0.07350978990133739
-0.666810401514791 0.16444350566108376
-0.666810401514791 0.3159996985939944
-0.6490818709374339 0.3766221757671587
-0.5781677486280057 0.28568846000741227
-0.5781677486280057 0.1947547442476659
-0.5604392180506486 0.22506598283424803
-0.5249821568959344 0.1947547442476659
-0.48952509574122033 0.22506598283424803
-0.2945112593902926 0.1947547442476659
-0.3122397899676496 0.04319855131475525
-0.41861097343179204 -0.017423925858409007
-0.5072536263185774 0.22506598283424803
-0.47179656516386326 0.2553772214208302
-0.3122397899676496 0.28568846000741227
-0.20586860650350725 0.1947547442476659
-0.11722595361672192 -0.10835764161815539
0.006873760424777549 -0.22960259596448393
0.024602291002134614 -0.35084755031081244
-0.09949742303936485 -0.35084755031081244
-0.2413256676582214 -0.25991383455106604
-0.3831539122770779 -0.1992913573779018
-0.5604392180506486 -0.3205363117242303
-0.5781677486280057 -0.4114700274839767
-0.48952509574122033 -0.4114700274839767
-0.36542538169972083 -0.35084755031081244
-0.27678272881293553 -0.4114700274839767
-0.2413256676582214 -0.44178126607055884
-0.08176889246200779 -0.5327149818303052
0.060059352156848746 -0.5630262204168873
0.04233082157949168 -0.5327149818303052
-0.2413256676582214 -0.502403743243723
-0.6136248097827197 -0.35084755031081244
-0.9150098295977899 -0.44178126607055884
-1.1454807271034317 -0.4114700274839767
-1.1632092576807889 -0.35084755031081244
-0.9681954213298611 -0.502403743243723
-0.7731815849789334 -0.502403743243723
-0.7554530544015763 -0.472092504657141
-0.9150098295977899 -0.502403743243723
-1.0036524824845752 -0.5630262204168873
-1.0391095436392894 -0.4114700274839767
-1.0036524824845752 -0.3205363117242303
-1.0036524824845752 -0.29022507313764817
-1.0568380742166463 -0.3811587888973946
-1.1454807271034317 -0.3205363117242303
-1.2695804411449312 -0.4114700274839767
-1.2341233799902172 -0.5327149818303052
-1.1100236659487177 -0.5327149818303052
-0.9681954213298611 -0.5327149818303052
-0.7731815849789334 -0.502403743243723
-0.7909101155562904 -0.6236486975900516
-0.8795527684430757 -0.714582413349798
-1.0036524824845752 -0.7752048905229623
-0.9859239519072182 -0.714582413349798
-0.8795527684430757 -0.6539599361766337
-0.7731815849789334 -0.714582413349798
-0.8086386461336474 -0.8661386062827087
-0.8440957072883616 -0.9873835606290372
-0.8972812990204329 -1.0783172763887836
-0.8440957072883616 -1.0176947992156193
-0.7909101155562904 -1.0783172763887836
-0.7199959932468621 -1.0480060378022014
-0.7731815849789334 -1.1086285149753656
-0.7731815849789334 -1.2298734693216942
-0.8440957072883616 -1.2904959464948584
-0.8086386461336474 -1.2601847079082764
-0.7731815849789334 -1.1995622307351121
-0.7731815849789334 -1.16925099214853
-0.7022674626695051 -1.1086285149753656
-0.6136248097827197 -1.1995622307351121
-0.400882442854435 -1.1995622307351121
0.11324494388891995 -1.381429662254605
0.7337435140964172 -1.6239195709472618
1.3542420843039147 -1.7451645252935903
1.9038265322019836 -2.048276911159412
2.524325102409481 -2.502945489958144
2.9852668974207646 -2.9273028301702935
3.357566039545263 -3.351660170382443
3.4107516312773343 -3.745706272008011
2.8966242445339794 -3.8972624649409218
2.2052115520170537 -4.01850741928725
1.4783417983454141 -4.0488186578738325
0.5564582083228466 -4.01850741928725
-0.5604392180506486 -3.685083794834847
-1.6773366444241438 -3.260726454622697
-2.492849050982569 -3.0788590231032043
-2.84741966252971 -2.9273028301702935
-2.811962601374996 -2.59387920571789
-2.563763173291997 -2.290766819852069
-2.24464962289957 -1.8664094796399189
-1.9078075419297855 -1.5936083323606798
-1.5355083998052872 -1.381429662254605
-1.2695804411449312 -1.4420521394277692
-1.0568380742166463 -1.5026746166009335
-1.0036524824845752 -1.5936083323606798
-1.0213810130619323 -1.5632970937740975
-0.9681954213298611 -1.2904959464948584
-0.8440957072883616 -1.2298734693216942
-0.666810401514791 -1.2904959464948584
-0.6136248097827197 -1.5026746166009335
-0.6313533403600768 -1.5026746166009335
-0.6490818709374339 -1.4723633780143512
-0.5781677486280057 -1.1995622307351121
-0.5072536263185774 -1.2298734693216942
-0.5072536263185774 -1.2601847079082764
-0.5427106874732915 -1.3511184236680227
-0.666810401514791 -1.5632970937740975
-0.7199959932468621 -1.6239195709472618
-0.6490818709374339 -1.411740900841187
-0.5427106874732915 -1.3511184236680227
-0.4363395040091491 -1.381429662254605
-0.4540680345865062 -1.381429662254605
-0.41861097343179204 -1.411740900841187
-0.36542538169972083 -1.3511184236680227
-0.22359713708086432 -1.2904959464948584
-0.06404036188465072 -1.3208071850814407
-0.028583300729936582 -1.4723633780143512
-0.134954484194079 -1.5329858551875155
-0.27678272881293553 -1.5329858551875155
-0.1704115453487931 -1.5329858551875155
0.09551641331156288 -1.4420521394277692
0.3259873108172047 -1.3511184236680227
0.3259873108172047 -1.411740900841187
0.14870200504363407 -1.4723633780143512
-0.08176889246200779 -1.5329858551875155
-0.11722595361672192 -1.4723633780143512
0.1841590661983482 -1.3208071850814407
0.396901433126633 -1.2298734693216942
0.5564582083228466 -1.3511184236680227
0.5919152694775607 -1.5632970937740975
0.5741867389002037 -1.5936083323606798
0.5919152694775607 -1.5936083323606798
0.6273723306322748 -1.5936083323606798
0.6982864529417031 -1.5026746166009335
0.8046576364058455 -1.5632970937740975
0.7692005752511314 -1.5936083323606798
0.7337435140964172 -1.7148532867070083
0.8401146975605597 -1.654230809533844
0.8755717587152738 -1.6239195709472618
1.0528570644888444 -1.4723633780143512
1.1237711867982727 -1.654230809533844
1.159228247952987 -1.7451645252935903
1.0528570644888444 -1.7754757638801726
0.9819429421794161 -1.654230809533844
0.9819429421794161 -1.5632970937740975
1.0351285339114873 -1.381429662254605
1.0528570644888444 -1.3208071850814407
0.9819429421794161 -1.381429662254605
0.8223861669832025 -1.5632970937740975
0.7692005752511314 -1.3511184236680227
0.7160149835190602 -1.3511184236680227
0.6096438000549178 -1.3208071850814407
0.4500870248587042 -1.2601847079082764
0.30825878023984765 -1.2904959464948584
0.2550731885077765 -1.2601847079082764
0.1841590661983482 -1.2904959464948584
0.16643053562099114 -1.1389397535619479
0.11324494388891995 -1.0480060378022014
0.07778788273420581 -1.0176947992156193
-0.028583300729936582 -1.2904959464948584
-0.11722595361672192 -1.2904959464948584
-0.22359713708086432 -1.0480060378022014
-0.3299683205450067 -0.9267610834558729
-0.34769685112236376 -0.7448936519363801
-0.3299683205450067 -0.9267610834558729
-0.4363395040091491 -1.0176947992156193
-0.6136248097827197 -1.0480060378022014
-0.5249821568959344 -1.0783172763887836
-0.4540680345865062 -0.9267610834558729
-0.48952509574122033 -0.9570723220424551
-0.5958962792053627 -0.9570723220424551
-0.7377245238242193 -0.9570723220424551
-0.7199959932468621 -1.0480060378022014
-0.7199959932468621 -1.0176947992156193
-0.5781677486280057 -0.8964498448692908
-0.48952509574122033 -0.8661386062827087
-0.5249821568959344 -0.8661386062827087
-0.5958962792053627 -0.9267610834558729
-0.6490818709374339 -1.0176947992156193
-0.6136248097827197 -1.0176947992156193
-0.5958962792053627 -0.9267610834558729
-0.5781677486280057 -0.8964498448692908
-0.5958962792053627 -0.9570723220424551
-0.684538932092148 -0.9570723220424551
-0.8795527684430757 -0.9570723220424551
-0.8263671767110046 -0.9570723220424551
-0.6136248097827197 -0.7448936519363801
-0.25905419823557846 -0.6842711747632159
-0.134954484194079 -0.8661386062827087
-0.27678272881293553 -0.9570723220424551
-0.5781677486280057 -0.9873835606290372
-0.7731815849789334 -0.9873835606290372
-0.7377245238242193 -0.7448936519363801
-0.6313533403600768 -0.7448936519363801
-0.7199959932468621 -0.6842711747632159
-0.7377245238242193 -0.714582413349798
-0.7554530544015763 -0.5630262204168873
-0.684538932092148 -0.5933374590034695
-0.48952509574122033 -0.6539599361766337
-0.3122397899676496 -0.5327149818303052
-0.1704115453487931 -0.7448936519363801
-0.08176889246200779 -0.8055161291095444
-0.09949742303936485 -1.0176947992156193
-0.1704115453487931 -0.9570723220424551
-0.2945112593902926 -0.9267610834558729
-0.5249821568959344 -0.8964498448692908
-0.5958962792053627 -0.9267610834558729
-0.6136248097827197 -1.1086285149753656
-0.5604392180506486 -1.1389397535619479
-0.5427106874732915 -1.1086285149753656
-0.5958962792053627 -0.9570723220424551
-0.6313533403600768 -0.9267610834558729
-0.6136248097827197 -0.9873835606290372
-0.6490818709374339 -1.1086285149753656
-0.7554530544015763 -1.0480060378022014
-0.8263671767110046 -0.8661386062827087
-0.8086386461336474 -0.7448936519363801
-0.7199959932468621 -0.6539599361766337
-0.7554530544015763 -0.7752048905229623
-0.7554530544015763 -0.9873835606290372
-0.7909101155562904 -1.16925099214853
-0.8263671767110046 -1.0176947992156193
-0.8440957072883616 -0.8964498448692908
-0.8086386461336474 -0.8055161291095444
-0.7377245238242193 -0.8661386062827087
-0.7022674626695051 -1.0176947992156193
-0.7199959932468621 -1.0176947992156193
-0.7022674626695051 -0.9873835606290372
-0.7022674626695051 -0.8661386062827087
-0.7909101155562904 -0.8358273676961265
-0.9150098295977899 -0.8055161291095444
-0.932738360175147 -0.9570723220424551
-0.8972812990204329 -0.8964498448692908
-0.932738360175147 -0.8358273676961265
-0.9150098295977899 -0.7752048905229623
-0.8440957072883616 -0.6842711747632159
-0.8086386461336474 -0.8661386062827087
-0.8086386461336474 -1.0480060378022014
-0.7909101155562904 -1.1086285149753656
-0.684538932092148 -1.0176947992156193
-0.5781677486280057 -0.9267610834558729
-0.5958962792053627 -0.8661386062827087
-0.7909101155562904 -0.9267610834558729
-0.950466890752504 -0.9873835606290372
-0.9681954213298611 -1.0480060378022014
-0.7909101155562904 -1.2298734693216942
-0.7731815849789334 -1.1389397535619479
-0.7909101155562904 -0.9570723220424551
-0.8263671767110046 -1.0480060378022014
-0.8263671767110046 -1.0176947992156193
-0.8618242378657187 -1.0783172763887836
-0.8086386461336474 -0.9873835606290372
-0.666810401514791 -0.8055161291095444
-0.36542538169972083 -0.6539599361766337
-0.04631183130729365 -0.6842711747632159
0.2550731885077765 -0.8964498448692908
0.6273723306322748 -1.2601847079082764
1.194685309107701 -1.5026746166009335
1.9570121239340548 -1.7451645252935903
2.7193389387604086 -2.139210626919158
3.37529457012262 -2.59387920571789
3.658951059360333 -3.0788590231032043
3.4107516312773343 -3.533527601901936
2.6661533470283376 -3.7153950334214287
1.8506409404699125 -3.503216363315354
1.2655994314171293 -3.291037693209279
0.4678155554360613 -3.3213489317958613
-0.7909101155562904 -3.260726454622697
-2.1382784394354273 -3.200103977449533
-3.095619090612709 -2.745435398650801
-3.2374473352315656 -2.1695218655057404
-2.6701343567561393 -1.654230809533844
-1.960993133661857 -1.3511184236680227
-1.6773366444241438 -1.4723633780143512
-1.783707827888286 -1.4420521394277692
-1.8368934196203572 -1.1995622307351121
-1.5709654609600014 -1.0783172763887836
-1.0568380742166463 -0.9873835606290372
-0.5072536263185774 -1.1995622307351121
-0.20586860650350725 -1.381429662254605
-0.3831539122770779 -1.411740900841187
-0.8618242378657187 -1.2601847079082764
-1.1632092576807889 -1.0176947992156193
-1.1100236659487177 -0.8661386062827087
-0.8795527684430757 -0.8964498448692908
-0.8440957072883616 -1.1389397535619479
-0.932738360175147 -1.1995622307351121
-1.0391095436392894 -1.0176947992156193
-1.0745666047940035 -1.0176947992156193
-1.0745666047940035 -0.8661386062827087
-0.9859239519072182 -0.9570723220424551
-0.8440957072883616 -1.0783172763887836
-0.7377245238242193 -1.2298734693216942
-0.7022674626695051 -1.2601847079082764
-0.5781677486280057 -1.0783172763887836
-0.5427106874732915 -0.9873835606290372
-0.5072536263185774 -1.16925099214853
-0.4363395040091491 -1.2904959464948584
-0.4540680345865062 -1.381429662254605
-0.41861097343179204 -1.3208071850814407
-0.34769685112236376 -1.2298734693216942
-0.22359713708086432 -1.16925099214853
-0.134954484194079 -1.2298734693216942
-0.06404036188465072 -1.3511184236680227
-0.010854770152579518 -1.381429662254605
0.006873760424777549 -1.3208071850814407
0.16643053562099114 -1.2904959464948584
0.27280171908513356 -1.2904959464948584
0.3437158413945618 -1.3208071850814407
0.36144437197191887 -1.5026746166009335
0.37917290254927594 -1.5026746166009335
0.5032726165907754 -1.5026746166009335
0.5741867389002037 -1.3208071850814407
0.6096438000549178 -1.2601847079082764
0.6805579223643461 -1.3511184236680227
0.662829391786989 -1.4723633780143512
0.6982864529417031 -1.5026746166009335
0.7337435140964172 -1.5026746166009335
0.8933002892926308 -1.3511184236680227
0.9642144116020591 -1.411740900841187
0.9464858810247021 -1.4723633780143512
0.9642144116020591 -1.6239195709472618
0.928757350447345 -1.654230809533844
0.8933002892926308 -1.5329858551875155
0.8578432281379167 -1.411740900841187
0.928757350447345 -1.381429662254605
0.911028819869988 -1.381429662254605
0.9642144116020591 -1.381429662254605
0.9464858810247021 -1.5632970937740975
0.7692005752511314 -1.4723633780143512
0.6982864529417031 -1.2601847079082764
0.6273723306322748 -1.16925099214853
0.5919152694775607 -1.16925099214853
0.4678155554360613 -1.2298734693216942
0.20188759677570528 -1.1086285149753656
0.07778788273420581 -1.0783172763887836
0.060059352156848746 -0.9267610834558729
0.07778788273420581 -0.8964498448692908
0.060059352156848746 -0.9267610834558729
0.09551641331156288 -0.9873835606290372
-0.028583300729936582 -1.1389397535619479
-0.15268301477143606 -1.0480060378022014
-0.4540680345865062 -0.9570723220424551
-0.5781677486280057 -0.714582413349798
-0.5781677486280057 -0.5630262204168873
-0.4540680345865062 -0.714582413349798
-0.4363395040091491 -0.9873835606290372
-0.5427106874732915 -0.8358273676961265
-0.6136248097827197 -0.8055161291095444
-0.6136248097827197 -0.6236486975900516
-0.666810401514791 -0.714582413349798
-0.7199959932468621 -0.6842711747632159
-0.7554530544015763 -0.7752048905229623
-0.5604392180506486 -0.8055161291095444
-0.48952509574122033 -0.714582413349798
-0.5958962792053627 -0.6539599361766337
-0.8618242378657187 -0.6236486975900516
-1.0391095436392894 -0.5933374590034695
-0.9859239519072182 -0.6236486975900516
-0.9859239519072182 -0.7448936519363801
-0.8795527684430757 -0.6236486975900516
-0.7909101155562904 -0.5327149818303052
-0.7199959932468621 -0.5933374590034695
-0.7377245238242193 -0.714582413349798
-0.7377245238242193 -0.8055161291095444
-0.8618242378657187 -0.7448936519363801
-0.8263671767110046 -0.5933374590034695
-0.7199959932468621 -0.502403743243723
-0.666810401514791 -0.6236486975900516
-0.7377245238242193 -0.714582413349798
-0.7022674626695051 -0.6539599361766337
-0.5958962792053627 -0.6539599361766337
-0.4540680345865062 -0.6236486975900516
-0.3299683205450067 -0.472092504657141
-0.25905419823557846 -0.44178126607055884
-0.20586860650350725 -0.5933374590034695
-0.27678272881293553 -0.714582413349798
-0.41861097343179204 -0.6236486975900516
-0.7377245238242193 -0.502403743243723
-0.8263671767110046 -0.1992913573779018
-0.7731815849789334 -0.04773516444499114
-0.5604392180506486 -0.1992913573779018
-0.400882442854435 -0.35084755031081244
-0.2945112593902926 -0.472092504657141
-0.2413256676582214 -0.4114700274839767
-0.2413256676582214 -0.3811587888973946
-0.36542538169972083 -0.5327149818303052
-0.5249821568959344 -0.714582413349798
-0.684538932092148 -0.7752048905229623
-0.7199959932468621 -0.6539599361766337
-0.7022674626695051 -0.6842711747632159
-0.666810401514791 -0.502403743243723
-0.666810401514791 -0.5630262204168873
-0.684538932092148 -0.6539599361766337
-0.7022674626695051 -0.714582413349798
-0.7377245238242193 -0.6539599361766337
-0.5958962792053627 -0.6236486975900516
-0.48952509574122033 -0.6236486975900516
-0.3831539122770779 -0.5933374590034695
-0.5072536263185774 -0.6842711747632159
-0.5781677486280057 -0.6539599361766337
-0.5958962792053627 -0.5630262204168873
-0.48952509574122033 -0.44178126607055884
-0.48952509574122033 -0.472092504657141
-0.5958962792053627 -0.5327149818303052
-0.7554530544015763 -0.6236486975900516
-0.8795527684430757 -0.6842711747632159
-0.950466890752504 -0.5327149818303052
-0.9681954213298611 -0.3811587888973946
-0.950466890752504 -0.25991383455106604
-0.8972812990204329 -0.3205363117242303
-0.7554530544015763 -0.3811587888973946
-0.6136248097827197 -0.6236486975900516
-0.5604392180506486 -0.5933374590034695
-0.5427106874732915 -0.3811587888973946
-0.4363395040091491 -0.3205363117242303
-0.34769685112236376 -0.35084755031081244
-0.41861097343179204 -0.6539599361766337
-0.6490818709374339 -0.714582413349798
-0.8972812990204329 -0.714582413349798
-1.0036524824845752 -0.4114700274839767
-0.8618242378657187 -0.16898011879131966
-0.7377245238242193 -0.3205363117242303
-0.7909101155562904 -0.472092504657141
-0.9859239519072182 -0.502403743243723
-1.0568380742166463 -0.3811587888973946
-0.8972812990204329 -0.1992913573779018
-0.6490818709374339 -0.25991383455106604
-0.5072536263185774 -0.4114700274839767
-0.48952509574122033 -0.6236486975900516
-0.5781677486280057 -0.6842711747632159
-0.6136248097827197 -0.5630262204168873
-0.6136248097827197 -0.44178126607055884
-0.6136248097827197 -0.35084755031081244
-0.5958962792053627 -0.4114700274839767
-0.6313533403600768 -0.5933374590034695
-0.6313533403600768 -0.502403743243723
-0.8086386461336474 -0.3205363117242303
-1.0745666047940035 0.012887312728173124
-1.1100236659487177 0.22506598283424803
-0.8086386461336474 0.13413226707450165
-0.18814007592615017 -0.10835764161815539
0.5032726165907754 -0.502403743243723
0.911028819869988 -0.714582413349798
1.2833279619944864 -0.9570723220424551
1.6733556346963419 -1.1995622307351121
2.1342974297076256 -1.5026746166009335
2.4002253883679816 -1.7451645252935903
2.595239224718909 -2.108899388332576
2.542053632986838 -2.290766819852069
2.258397143749125 -2.3817005356118153
1.8329124098925553 -2.290766819852069
1.3365135537265576 -2.3817005356118153
0.6273723306322748 -2.3817005356118153
-0.36542538169972083 -2.3817005356118153
-1.3582230940317166 -2.0179656725728297
-2.24464962289957 -1.7148532867070083
-2.829691131952353 -1.5329858551875155
-2.9360623154164953 -1.2601847079082764
-2.7233199484882107 -1.1086285149753656
-2.3687493369410695 -0.9267610834558729
-2.0850928477033563 -0.6236486975900516
-1.748250766733572 -0.502403743243723
-1.4291372163411449 -0.35084755031081244
-1.180937788258146 -0.44178126607055884
-1.0745666047940035 -0.502403743243723
-1.0391095436392894 -0.6539599361766337
-0.932738360175147 -0.5630262204168873
-0.8440957072883616 -0.472092504657141
-0.7731815849789334 -0.3811587888973946
-0.7377245238242193 -0.4114700274839767
-0.666810401514791 -0.44178126607055884
-0.6313533403600768 -0.5327149818303052
-0.5781677486280057 -0.5327149818303052
-0.5427106874732915 -0.3811587888973946
-0.47179656516386326 -0.22960259596448393
-0.36542538169972083 -0.29022507313764817
-0.34769685112236376 -0.3811587888973946
-0.400882442854435 -0.5630262204168873
-0.41861097343179204 -0.472092504657141
-0.4540680345865062 -0.29022507313764817
-0.400882442854435 -0.16898011879131966
-0.3299683205450067 -0.22960259596448393
-0.34769685112236376 -0.35084755031081244
-0.400882442854435 -0.5327149818303052
-0.400882442854435 -0.44178126607055884
-0.2413256676582214 -0.35084755031081244
-0.11722595361672192 -0.25991383455106604
0.04233082157949168 -0.35084755031081244
0.07778788273420581 -0.502403743243723
-0.010854770152579518 -0.5933374590034695
-0.04631183130729365 -0.472092504657141
-0.08176889246200779 -0.4114700274839767
-0.028583300729936582 -0.1992913573779018
0.09551641331156288 -0.29022507313764817
0.11324494388891995 -0.35084755031081244
0.11324494388891995 -0.44178126607055884
0.1841590661983482 -0.472092504657141
0.3259873108172047 -0.3811587888973946
0.5741867389002037 -0.35084755031081244
0.7160149835190602 -0.472092504657141
0.7514720446737744 -0.5933374590034695
0.6273723306322748 -0.6842711747632159
0.5387296777454895 -0.6236486975900516
0.5032726165907754 -0.5327149818303052
0.662829391786989 -0.502403743243723
0.6805579223643461 -0.5933374590034695
0.6982864529417031 -0.5630262204168873
0.6805579223643461 -0.6539599361766337
0.7514720446737744 -0.5327149818303052
0.928757350447345 -0.5327149818303052
1.0528570644888444 -0.502403743243723
1.0528570644888444 -0.5327149818303052
0.8401146975605597 -0.6539599361766337
0.7869291058284884 -0.6539599361766337
0.8046576364058455 -0.5630262204168873
0.928757350447345 -0.5630262204168873
1.0351285339114873 -0.5630262204168873
1.0174000033341304 -0.5933374590034695
0.9996714727567733 -0.502403743243723
0.9464858810247021 -0.6539599361766337
0.9464858810247021 -0.5933374590034695
1.0174000033341304 -0.472092504657141
0.9819429421794161 -0.44178126607055884
0.8755717587152738 -0.4114700274839767
0.662829391786989 -0.5327149818303052
0.43235849428134715 -0.472092504657141
0.30825878023984765 -0.3811587888973946
0.27280171908513356 -0.29022507313764817
0.27280171908513356 -0.16898011879131966
0.2550731885077765 -0.16898011879131966
0.23734465793041942 -0.22960259596448393
0.2550731885077765 -0.35084755031081244
0.20188759677570528 -0.44178126607055884
0.20188759677570528 -0.35084755031081244
0.024602291002134614 -0.10835764161815539
-0.2945112593902926 -0.13866888020473753
-0.5958962792053627 0.012887312728173124
-0.7554530544015763 0.012887312728173124
-0.5958962792053627 -0.017423925858409007
-0.4540680345865062 0.10382102848791952
-0.400882442854435 0.10382102848791952
-0.41861097343179204 0.04319855131475525
-0.5072536263185774 -0.04773516444499114
-0.6313533403600768 -0.13866888020473753
-0.666810401514791 -0.10835764161815539
-0.5958962792053627 0.04319855131475525
-0.5072536263185774 0.13413226707450165
-0.47179656516386326 0.10382102848791952
-0.48952509574122033 -0.07804640303157327
-0.5604392180506486 -0.10835764161815539
-0.5072536263185774 -0.07804640303157327
-0.5072536263185774 0.012887312728173124
-0.48952509574122033 0.012887312728173124
-0.4363395040091491 -0.017423925858409007
-0.400882442854435 -0.1992913573779018
-0.4363395040091491 -0.16898011879131966
-0.48952509574122033 -0.07804640303157327
-0.5958962792053627 0.07350978990133739
-0.684538932092148 0.16444350566108376
-0.7199959932468621 0.13413226707450165
-0.7377245238242193 0.04319855131475525
-0.7909101155562904 -0.13866888020473753
-0.7377245238242193 0.012887312728173124
-0.5781677486280057 0.07350978990133739
-0.4540680345865062 0.1947547442476659
-0.400882442854435 0.10382102848791952
-0.5604392180506486 0.04319855131475525
-0.666810401514791 0.07350978990133739
-0.7377245238242193 0.10382102848791952
-0.6136248097827197 0.28568846000741227
-0.4540680345865062 0.3159996985939944
-0.41861097343179204 0.34631093718057654
-0.400882442854435 0.3766221757671587
-0.3831539122770779 0.22506598283424803
-0.3299683205450067 0.16444350566108376
-0.134954484194079 0.2553772214208302
0.04233082157949168 0.2553772214208302
0.07778788273420581 0.22506598283424803
-0.134954484194079 0.16444350566108376
-0.4363395040091491 0.07350978990133739
-0.6313533403600768 0.16444350566108376
-0.5781677486280057 0.07350978990133739
-0.5249821568959344 0.1947547442476659
-0.4540680345865062 0.07350978990133739
-0.47179656516386326 -0.017423925858409007
-0.47179656516386326 -0.10835764161815539
-0.48952509574122033 -0.10835764161815539
-0.5249821568959344 -0.04773516444499114
-0.5249821568959344 0.04319855131475525
-0.48952509574122033 -0.04773516444499114
-0.5249821568959344 -0.04773516444499114
-0.47179656516386326 -0.10835764161815539
-0.34769685112236376 -0.13866888020473753
-0.18814007592615017 -0.16898011879131966
0.024602291002134614 -0.017423925858409007
-0.04631183130729365 -0.16898011879131966
-0.400882442854435 -0.25991383455106604
-0.8440957072883616 -0.16898011879131966
-1.0922951353713606 0.10382102848791952
-1.0568380742166463 0.1947547442476659
-0.8795527684430757 0.28568846000741227
-0.7731815849789334 0.22506598283424803
-0.684538932092148 0.07350978990133739
-0.6490818709374339 -0.04773516444499114
-0.5604392180506486 0.012887312728173124
-0.41861097343179204 -0.04773516444499114
-0.3831539122770779 0.04319855131475525
-0.400882442854435 -0.017423925858409007
-0.5249821568959344 -0.16898011879131966
-0.5958962792053627 -0.16898011879131966
-0.7554530544015763 -0.04773516444499114
-0.7731815849789334 0.07350978990133739
-0.8440957072883616 0.22506598283424803
-0.9150098295977899 0.2553772214208302
-0.8086386461336474 0.16444350566108376
-0.7554530544015763 0.012887312728173124
-0.7731815849789334 0.012887312728173124
-0.666810401514791 0.16444350566108376
-0.5781677486280057 0.1947547442476659
-0.5958962792053627 0.04319855131475525
-0.5958962792053627 -0.04773516444499114
-0.5604392180506486 -0.13866888020473753
-0.5249821568959344 -0.07804640303157327
-0.47179656516386326 0.04319855131475525
-0.5781677486280057 0.16444350566108376
-0.7022674626695051 0.13413226707450165
-0.7909101155562904 0.13413226707450165
-0.7554530544015763 0.10382102848791952
-0.684538932092148 0.012887312728173124
-0.5958962792053627 0.07350978990133739
-0.48952509574122033 0.13413226707450165
-0.5604392180506486 0.2553772214208302
-0.6490818709374339 0.2553772214208302
-0.6313533403600768 0.22506598283424803
-0.41861097343179204 0.3766221757671587
-0.09949742303936485 0.3766221757671587
0.23734465793041942 0.34631093718057654
0.645100861209632 -0.04773516444499114
0.9819429421794161 -0.3811587888973946
1.496070328922771 -0.7448936519363801
2.0988403685529113 -0.9570723220424551
2.6129677552962662 -1.16925099214853
2.9498098362660508 -1.4420521394277692
3.091638080884907 -1.7754757638801726
2.790253061069837 -1.9876544339862474
2.1874830214396965 -2.139210626919158
1.5669844512321993 -1.8967207182265011
0.645100861209632 -1.5936083323606798
-0.5427106874732915 -1.2601847079082764
-1.6596081138467866 -1.0480060378022014
-2.492849050982569 -1.0176947992156193
-2.7233199484882107 -0.8964498448692908
-2.3510208063637124 -0.502403743243723
-1.7127937055788578 -0.22960259596448393
-1.0922951353713606 0.012887312728173124
-0.6136248097827197 -0.25991383455106604
-0.6313533403600768 -0.22960259596448393
-1.0922951353713606 -0.04773516444499114
-1.3582230940317166 0.1947547442476659
-1.1454807271034317 0.22506598283424803
-0.7731815849789334 0.22506598283424803
-0.5958962792053627 0.22506598283424803
-0.666810401514791 0.13413226707450165
-0.8086386461336474 0.07350978990133739
-0.666810401514791 0.10382102848791952
-0.5249821568959344 0.3159996985939944
-0.4363395040091491 0.2553772214208302
-0.3831539122770779 0.22506598283424803
-0.400882442854435 0.10382102848791952
-0.41861097343179204 -0.07804640303157327
-0.36542538169972083 -0.04773516444499114
-0.2945112593902926 0.012887312728173124
-0.20586860650350725 0.07350978990133739
-0.15268301477143606 0.012887312728173124
-0.1704115453487931 -0.017423925858409007
-0.15268301477143606 -0.10835764161815539
-0.15268301477143606 -0.10835764161815539
-0.09949742303936485 0.10382102848791952
0.006873760424777549 0.13413226707450165
0.07778788273420581 0.07350978990133739
0.07778788273420581 -0.13866888020473753
0.07778788273420581 -0.16898011879131966
0.14870200504363407 -0.07804640303157327
0.2905302496624906 -0.017423925858409007
0.4500870248587042 0.07350978990133739
0.5741867389002037 -0.13866888020473753
0.7160149835190602 -0.25991383455106604
0.7514720446737744 -0.3205363117242303
0.7337435140964172 -0.16898011879131966
0.7514720446737744 -0.07804640303157327
0.662829391786989 -0.017423925858409007
0.5564582083228466 -0.017423925858409007
0.6096438000549178 -0.07804640303157327
0.645100861209632 -0.22960259596448393
0.7514720446737744 -0.22960259596448393
0.8223861669832025 -0.10835764161815539
0.8578432281379167 -0.07804640303157327
0.9642144116020591 -0.16898011879131966
1.0705855950662015 -0.1992913573779018
1.1060426562209156 -0.3205363117242303
1.0883141256435587 -0.29022507313764817
1.0528570644888444 -0.25991383455106604
1.0883141256435587 -0.16898011879131966
1.1414997173756298 -0.13866888020473753
1.1237711867982727 -0.13866888020473753
1.0528570644888444 -0.07804640303157327
1.0351285339114873 0.07350978990133739
1.1060426562209156 -0.04773516444499114
1.1237711867982727 -0.10835764161815539
0.9996714727567733 -0.25991383455106604
0.8046576364058455 -0.3205363117242303
0.662829391786989 -0.3811587888973946
0.5741867389002037 -0.16898011879131966
0.4855440860134183 -0.13866888020473753
0.43235849428134715 0.16444350566108376
0.396901433126633 -0.017423925858409007
0.396901433126633 -0.017423925858409007
0.27280171908513356 -0.10835764161815539
0.16643053562099114 -0.10835764161815539
0.006873760424777549 0.10382102848791952
-0.06404036188465072 0.22506598283424803
-0.1704115453487931 0.1947547442476659
-0.25905419823557846 0.10382102848791952
-0.3122397899676496 0.13413226707450165
-0.3122397899676496 0.16444350566108376
-0.20586860650350725 0.28568846000741227
-0.134954484194079 0.22506598283424803
-0.134954484194079 0.10382102848791952
-0.11722595361672192 0.04319855131475525
-0.15268301477143606 0.04319855131475525
-0.3122397899676496 0.012887312728173124
-0.6490818709374339 0.22506598283424803
-0.8618242378657187 0.43724465294032294
-0.8263671767110046 0.43724465294032294
-0.684538932092148 0.3159996985939944
-0.6136248097827197 0.16444350566108376
-0.5958962792053627 0.13413226707450165
-0.5604392180506486 0.22506598283424803
-0.5427106874732915 0.2553772214208302
-0.48952509574122033 0.28568846000741227
-0.4540680345865062 0.13413226707450165
-0.47179656516386326 0.04319855131475525
-0.48952509574122033 0.012887312728173124
-0.48952509574122033 0.10382102848791952
-0.5072536263185774 0.1947547442476659
-0.5427106874732915 0.22506598283424803
-0.5781677486280057 0.13413226707450165
-0.5958962792053627 0.1947547442476659
-0.5958962792053627 0.16444350566108376
-0.5604392180506486 0.1947547442476659
-0.4363395040091491 0.22506598283424803
-0.41861097343179204 0.2553772214208302
-0.48952509574122033 0.22506598283424803
-0.5781677486280057 0.3159996985939944
-0.5427106874732915 0.2553772214208302
-0.4540680345865062 0.34631093718057654
-0.36542538169972083 0.4069334143537408
-0.34769685112236376 0.3766221757671587
-0.3299683205450067 0.2553772214208302
-0.3831539122770779 0.22506598283424803
-0.41861097343179204 0.28568846000741227
-0.2945112593902926 0.3766221757671587
-0.18814007592615017 0.3766221757671587
-0.15268301477143606 0.4069334143537408
-0.134954484194079 0.28568846000741227
-0.134954484194079 0.1947547442476659
-0.1704115453487931 0.16444350566108376
-0.2413256676582214 0.28568846000741227
-0.27678272881293553 0.16444350566108376
-0.2945112593902926 0.16444350566108376
-0.27678272881293553 0.012887312728173124
-0.3299683205450067 -0.017423925858409007
-0.400882442854435 0.012887312728173124
-0.400882442854435 0.07350978990133739
-0.3831539122770779 0.13413226707450165
-0.34769685112236376 0.16444350566108376
-0.400882442854435 0.012887312728173124
-0.41861097343179204 -0.04773516444499114
-0.47179656516386326 0.16444350566108376
-0.36542538169972083 0.1947547442476659
-0.2945112593902926 0.28568846000741227
-0.36542538169972083 0.28568846000741227
-0.41861097343179204 0.10382102848791952
-0.5072536263185774 -0.04773516444499114
-0.4540680345865062 0.13413226707450165
-0.48952509574122033 0.10382102848791952
-0.5604392180506486 0.16444350566108376
-0.5958962792053627 0.16444350566108376
-0.5958962792053627 0.13413226707450165
-0.5604392180506486 -0.13866888020473753
-0.5249821568959344 0.012887312728173124
-0.400882442854435 0.10382102848791952
-0.3122397899676496 0.2553772214208302
-0.2945112593902926 0.1947547442476659
-0.41861097343179204 0.1947547442476659
-0.5072536263185774 0.16444350566108376
-0.5072536263185774 0.16444350566108376
-0.4363395040091491 0.16444350566108376
-0.47179656516386326 0.16444350566108376
-0.5427106874732915 0.13413226707450165
-0.5958962792053627 0.13413226707450165
-0.666810401514791 0.10382102848791952
-0.666810401514791 0.13413226707450165
-0.5781677486280057 0.3159996985939944
-0.47179656516386326 0.28568846000741227
-0.400882442854435 0.22506598283424803
-0.400882442854435 0.16444350566108376
-0.41861097343179204 0.04319855131475525
-0.47179656516386326 0.1947547442476659
-0.4540680345865062 0.1947547442476659
-0.36542538169972083 0.3159996985939944
-0.3122397899676496 0.1947547442476659
-0.3831539122770779 0.07350978990133739
-0.48952509574122033 -0.017423925858409007
-0.5958962792053627 0.13413226707450165
-0.5781677486280057 0.28568846000741227
-0.4363395040091491 0.22506598283424803
-0.47179656516386326 0.2553772214208302
-0.5249821568959344 0.22506598283424803
-0.5958962792053627 0.2553772214208302
-0.4540680345865062 0.4978671301134872
-0.06404036188465072 0.5584896072866514
0.4500870248587042 0.4978671301134872
0.9996714727567733 0.2553772214208302
1.5315273900774853 -0.07804640303157327
1.9038265322019836 -0.472092504657141
2.3647683272132674 -0.6539599361766337
2.9320813056886936 -0.8358273676961265
3.393023100699977 -1.0783172763887836
3.641222528782976 -1.411740900841187
3.6766795899376903 -1.8057870024667546
3.4107516312773343 -2.108899388332576
2.8966242445339794 -2.2301443426789045
2.329311266058553 -2.108899388332576
1.6201700429642705 -1.9270319568130831
0.5387296777454895 -1.9876544339862474
-0.7022674626695051 -1.7754757638801726
-1.7127937055788578 -1.5632970937740975
-2.4396634592504975 -1.2601847079082764
-2.6169487650240684 -0.9570723220424551
-2.4219349286731404 -0.5630262204168873
-2.031907255971285 -0.25991383455106604
-1.5886939915373584 -0.1992913573779018
-1.3404945634543595 -0.1992913573779018
-1.1454807271034317 -0.04773516444499114
-0.8618242378657187 0.10382102848791952
-0.5781677486280057 0.1947547442476659
-0.5427106874732915 0.28568846000741227
-0.6136248097827197 0.13413226707450165
-0.7377245238242193 0.13413226707450165
-0.7554530544015763 0.22506598283424803
-0.7199959932468621 0.28568846000741227
-0.5072536263185774 0.43724465294032294
-0.36542538169972083 0.4069334143537408
-0.36542538169972083 0.3159996985939944
-0.3831539122770779 0.16444350566108376
-0.34769685112236376 0.1947547442476659
-0.2945112593902926 0.1947547442476659
-0.27678272881293553 0.28568846000741227
-0.27678272881293553 0.16444350566108376
-0.2413256676582214 0.22506598283424803
-0.2413256676582214 0.10382102848791952
-0.20586860650350725 0.13413226707450165
-0.134954484194079 0.3159996985939944
-0.06404036188465072 0.34631093718057654
-0.08176889246200779 0.28568846000741227
-0.15268301477143606 0.22506598283424803
-0.22359713708086432 0.10382102848791952
-0.15268301477143606 0.1947547442476659
-0.010854770152579518 0.3159996985939944
0.16643053562099114 0.34631093718057654
0.2905302496624906 0.10382102848791952
0.27280171908513356 0.10382102848791952
0.14870200504363407 0.012887312728173124
0.060059352156848746 0.012887312728173124
0.07778788273420581 0.1947547442476659
0.2550731885077765 0.22506598283424803
0.43235849428134715 0.16444350566108376
0.5387296777454895 0.07350978990133739
0.5919152694775607 0.012887312728173124
0.645100861209632 -0.04773516444499114
0.7160149835190602 0.012887312728173124
0.7514720446737744 0.10382102848791952
0.8046576364058455 0.07350978990133739
0.7869291058284884 -0.04773516444499114
0.8223861669832025 -0.07804640303157327
0.928757350447345 -0.07804640303157327
0.9642144116020591 -0.04773516444499114
1.0883141256435587 0.04319855131475525
1.159228247952987 0.07350978990133739
1.2124138396850581 -0.13866888020473753
1.2478709008397721 -0.29022507313764817
1.2655994314171293 -0.29022507313764817
1.3365135537265576 -0.22960259596448393
1.3896991454586287 -0.04773516444499114
1.460613267768057 -0.07804640303157327
1.4428847371906999 -0.1992913573779018
1.2655994314171293 -0.3205363117242303
1.159228247952987 -0.22960259596448393
1.159228247952987 -0.017423925858409007
1.194685309107701 0.07350978990133739
1.1060426562209156 0.1947547442476659
0.9464858810247021 0.07350978990133739
0.8755717587152738 -0.04773516444499114
0.8223861669832025 0.04319855131475525
0.8401146975605597 0.10382102848791952
0.9464858810247021 0.16444350566108376
0.9642144116020591 0.13413226707450165
0.8046576364058455 -0.04773516444499114
0.662829391786989 -0.017423925858409007
0.4500870248587042 0.13413226707450165
0.3437158413945618 0.1947547442476659
0.2550731885077765 0.34631093718057654
0.21961612735306235 0.3766221757671587
0.09551641331156288 0.34631093718057654
-0.010854770152579518 0.22506598283424803
-0.08176889246200779 0.3159996985939944
-0.11722595361672192 0.3766221757671587
-0.15268301477143606 0.4675558915269051
-0.20586860650350725 0.43724465294032294
-0.18814007592615017 0.34631093718057654
-0.1704115453487931 0.28568846000741227
-0.1704115453487931 0.28568846000741227
-0.11722595361672192 0.2553772214208302
-0.15268301477143606 0.4069334143537408
-0.1704115453487931 0.3159996985939944
-0.2413256676582214 0.13413226707450165
-0.3831539122770779 0.13413226707450165
-0.5249821568959344 0.34631093718057654
-0.47179656516386326 0.4675558915269051
-0.34769685112236376 0.5281783687000693
-0.3831539122770779 0.3766221757671587
-0.5249821568959344 0.3766221757671587
-0.6136248097827197 0.34631093718057654
-0.6490818709374339 0.34631093718057654
-0.5249821568959344 0.4069334143537408
-0.4540680345865062 0.4675558915269051
-0.36542538169972083 0.4069334143537408
-0.41861097343179204 0.1947547442476659
-0.47179656516386326 0.1947547442476659
-0.5249821568959344 0.28568846000741227
-0.5427106874732915 0.4069334143537408
-0.4540680345865062 0.5281783687000693
-0.41861097343179204 0.4069334143537408
-0.34769685112236376 0.4069334143537408
-0.36542538169972083 0.3159996985939944
-0.27678272881293553 0.34631093718057654
-0.22359713708086432 0.4069334143537408
-0.15268301477143606 0.5584896072866514
-0.15268301477143606 0.5888008458732336
-0.08176889246200779 0.43724465294032294
-0.010854770152579518 0.34631093718057654
-0.08176889246200779 0.22506598283424803
-0.3122397899676496 0.4978671301134872
-0.400882442854435 0.67973456163298
-0.400882442854435 0.67973456163298
-0.34769685112236376 0.6494233230463978
-0.36542538169972083 0.5888008458732336
-0.3299683205450067 0.5888008458732336
-0.20586860650350725 0.5281783687000693
-0.134954484194079 0.4675558915269051
-0.22359713708086432 0.4069334143537408
-0.3831539122770779 0.2553772214208302
-0.5072536263185774 0.1947547442476659
-0.4540680345865062 0.22506598283424803
-0.36542538169972083 0.3159996985939944
-0.25905419823557846 0.4069334143537408
-0.18814007592615017 0.34631093718057654
-0.1704115453487931 0.2553772214208302
-0.2413256676582214 0.13413226707450165
-0.25905419823557846 0.13413226707450165
-0.2945112593902926 0.2553772214208302
-0.25905419823557846 0.28568846000741227
-0.27678272881293553 0.4069334143537408
-0.5072536263185774 0.28568846000741227
-0.6490818709374339 0.3159996985939944
-0.7199959932468621 0.3766221757671587
-0.5958962792053627 0.4675558915269051
-0.5427106874732915 0.4978671301134872
-0.4363395040091491 0.43724465294032294
-0.41861097343179204 0.3159996985939944
-0.6136248097827197 0.3159996985939944
-0.7377245238242193 0.34631093718057654
-0.7377245238242193 0.5281783687000693
-0.5781677486280057 0.5584896072866514
-0.48952509574122033 0.43724465294032294
-0.48952509574122033 0.2553772214208302
-0.5958962792053627 0.16444350566108376
-0.666810401514791 0.3159996985939944
-0.666810401514791 0.4978671301134872
-0.5604392180506486 0.6191120844598157
-0.5781677486280057 0.5888008458732336
-0.5958962792053627 0.4978671301134872
-0.6490818709374339 0.3766221757671587
-0.6136248097827197 0.34631093718057654
-0.5427106874732915 0.4069334143537408
-0.4540680345865062 0.5281783687000693
-0.4540680345865062 0.43724465294032294
-0.5427106874732915 0.28568846000741227
-0.6490818709374339 0.3766221757671587
-0.6490818709374339 0.4069334143537408
-0.5249821568959344 0.5584896072866514
-0.47179656516386326 0.6191120844598157
-0.41861097343179204 0.5281783687000693
-0.34769685112236376 0.3766221757671587
-0.3831539122770779 0.28568846000741227
-0.41861097343179204 0.34631093718057654
-0.5958962792053627 0.4069334143537408
-0.684538932092148 0.43724465294032294
-0.6313533403600768 0.4978671301134872
-0.47179656516386326 0.43724465294032294
-0.48952509574122033 0.3766221757671587
-0.5958962792053627 0.4675558915269051
-0.7199959932468621 0.6494233230463978
-0.6313533403600768 0.922224470325637
-0.4363395040091491 0.9828469474988013
-0.15268301477143606 0.8616019931524728
0.27280171908513356 0.6494233230463978
0.8578432281379167 0.2553772214208302
1.5137988595001282 -0.017423925858409007
2.1520259602849827 -0.22960259596448393
2.825710122224551 -0.6236486975900516
3.339837508967906 -0.9570723220424551
3.6944081205150474 -1.3208071850814407
3.853964895711261 -1.7148532867070083
3.4462086924320485 -2.0179656725728297
2.7016104081830514 -2.108899388332576
1.8683694710472696 -2.0179656725728297
0.8933002892926308 -2.0179656725728297
-0.20586860650350725 -1.7451645252935903
-1.3582230940317166 -1.5632970937740975
-2.297835214631641 -1.1389397535619479
-2.7942340707976387 -0.7752048905229623
-2.652405826178782 -0.44178126607055884
-2.209192561744856 -0.10835764161815539
-1.9255360725071426 0.22506598283424803
-1.748250766733572 0.3766221757671587
-1.51777986922793 0.5281783687000693
-1.1454807271034317 0.4978671301134872
-0.7909101155562904 0.4978671301134872
-0.5427106874732915 0.3159996985939944
-0.4363395040091491 0.2553772214208302
-0.5249821568959344 0.34631093718057654
-0.5781677486280057 0.4978671301134872
-0.6490818709374339 0.6494233230463978
-0.6313533403600768 0.7403570388061442
-0.5958962792053627 0.5888008458732336
-0.5249821568959344 0.4069334143537408
-0.41861097343179204 0.5281783687000693
-0.34769685112236376 0.6494233230463978
-0.25905419823557846 0.6191120844598157
-0.25905419823557846 0.5584896072866514
-0.2413256676582214 0.4675558915269051
-0.22359713708086432 0.43724465294032294
-0.22359713708086432 0.3766221757671587
-0.2413256676582214 0.4675558915269051
-0.22359713708086432 0.5584896072866514
-0.20586860650350725 0.6191120844598157
-0.134954484194079 0.4978671301134872
-0.09949742303936485 0.4069334143537408
-0.06404036188465072 0.43724465294032294
-0.010854770152579518 0.4978671301134872
0.024602291002134614 0.5281783687000693
0.07778788273420581 0.4675558915269051
0.14870200504363407 0.4069334143537408
0.23734465793041942 0.3159996985939944
0.2550731885077765 0.3159996985939944
0.1841590661983482 0.3766221757671587
0.1841590661983482 0.4675558915269051
0.1841590661983482 0.4978671301134872
0.2905302496624906 0.3159996985939944
0.37917290254927594 0.1947547442476659
0.5032726165907754 0.2553772214208302
0.6096438000549178 0.3766221757671587
0.7337435140964172 0.4069334143537408
0.8223861669832025 0.3766221757671587
0.8401146975605597 0.34631093718057654
0.8046576364058455 0.1947547442476659
0.7692005752511314 0.13413226707450165
0.7869291058284884 0.28568846000741227
0.8933002892926308 0.4069334143537408
0.9996714727567733 0.34631093718057654
0.9819429421794161 0.16444350566108376
1.0174000033341304 0.04319855131475525
1.0883141256435587 0.13413226707450165
1.1769567785303439 0.16444350566108376
1.2655994314171293 0.34631093718057654
1.230142370262415 0.2553772214208302
1.159228247952987 0.1947547442476659
1.194685309107701 0.07350978990133739
1.2478709008397721 0.16444350566108376
1.3010564925718433 0.1947547442476659
1.3542420843039147 0.1947547442476659
1.2833279619944864 0.1947547442476659
1.159228247952987 0.07350978990133739
1.0705855950662015 -0.017423925858409007
1.0883141256435587 0.012887312728173124
1.1060426562209156 0.1947547442476659
1.0883141256435587 0.28568846000741227
0.9996714727567733 0.3159996985939944
0.8578432281379167 0.2553772214208302
0.7160149835190602 0.3159996985939944
0.6096438000549178 0.43724465294032294
0.5741867389002037 0.43724465294032294
0.662829391786989 0.4675558915269051
0.6096438000549178 0.4069334143537408
0.4500870248587042 0.3766221757671587
0.09551641331156288 0.28568846000741227
-0.09949742303936485 0.4675558915269051
-0.15268301477143606 0.6494233230463978
-0.06404036188465072 0.67973456163298
-0.06404036188465072 0.6494233230463978
-0.134954484194079 0.4675558915269051
-0.1704115453487931 0.4978671301134872
-0.134954484194079 0.43724465294032294
-0.04631183130729365 0.5584896072866514
0.024602291002134614 0.6191120844598157
-0.04631183130729365 0.4978671301134872
-0.2413256676582214 0.4978671301134872
-0.48952509574122033 0.43724465294032294
-0.5604392180506486 0.5888008458732336
-0.47179656516386326 0.67973456163298
-0.25905419823557846 0.6494233230463978
-0.1704115453487931 0.6191120844598157
-0.3299683205450067 0.5281783687000693
-0.48952509574122033 0.4069334143537408
-0.5249821568959344 0.43724465294032294
-0.400882442854435 0.5281783687000693
-0.3299683205450067 0.6191120844598157
-0.4363395040091491 0.6191120844598157
-0.5427106874732915 0.5584896072866514
-0.6313533403600768 0.5584896072866514
-0.5781677486280057 0.5888008458732336
-0.5072536263185774 0.67973456163298
-0.36542538169972083 0.7403570388061442
-0.34769685112236376 0.5888008458732336
-0.4363395040091491 0.4978671301134872
-0.5427106874732915 0.5281783687000693
-0.6136248097827197 0.4675558915269051
-0.4363395040091491 0.5888008458732336
-0.2945112593902926 0.5584896072866514
-0.36542538169972083 0.5888008458732336
-0.5427106874732915 0.4978671301134872
-0.7377245238242193 0.4978671301134872
-0.7022674626695051 0.7403570388061442
-0.5604392180506486 0.8312907545658906
-0.41861097343179204 0.9525357089122192
-0.36542538169972083 0.8009795159793085
-0.36542538169972083 0.8009795159793085
-0.3831539122770779 0.67973456163298
-0.2413256676582214 0.7403570388061442
-0.15268301477143606 0.7706682773927264
0.006873760424777549 0.8009795159793085
0.04233082157949168 0.67973456163298
-0.028583300729936582 0.6494233230463978
-0.22359713708086432 0.6191120844598157
-0.36542538169972083 0.7403570388061442
-0.3122397899676496 0.8616019931524728
-0.134954484194079 0.9828469474988013
-0.08176889246200779 0.8312907545658906
-0.06404036188465072 0.7403570388061442
-0.20586860650350725 0.5281783687000693
-0.2413256676582214 0.5584896072866514
-0.2413256676582214 0.5584896072866514
-0.20586860650350725 0.5584896072866514
-0.22359713708086432 0.5888008458732336
-0.3122397899676496 0.4675558915269051
-0.3299683205450067 0.43724465294032294
-0.2945112593902926 0.28568846000741227
-0.25905419823557846 0.4675558915269051
-0.15268301477143606 0.43724465294032294
-0.20586860650350725 0.34631093718057654
-0.400882442854435 0.4069334143537408
-0.6136248097827197 0.4069334143537408
-0.7022674626695051 0.6191120844598157
-0.7022674626695051 0.7706682773927264
-0.5604392180506486 0.8009795159793085
-0.5427106874732915 0.7403570388061442
-0.5249821568959344 0.5584896072866514
-0.6136248097827197 0.3766221757671587
-0.666810401514791 0.4069334143537408
-0.6313533403600768 0.5281783687000693
-0.5072536263185774 0.5888008458732336
-0.4540680345865062 0.5281783687000693
-0.48952509574122033 0.43724465294032294
-0.5781677486280057 0.28568846000741227
-0.6136248097827197 0.4069334143537408
-0.6490818709374339 0.4978671301134872
-0.6313533403600768 0.6494233230463978
-0.5604392180506486 0.6494233230463978
-0.5604392180506486 0.5281783687000693
-0.5249821568959344 0.3766221757671587
-0.5072536263185774 0.4069334143537408
-0.4363395040091491 0.5281783687000693
-0.400882442854435 0.5584896072866514
-0.400882442854435 0.4675558915269051
-0.400882442854435 0.4069334143537408
-0.4540680345865062 0.4069334143537408
-0.47179656516386326 0.3159996985939944
-0.5604392180506486 0.4978671301134872
-0.6136248097827197 0.6191120844598157
-0.6136248097827197 0.6494233230463978
-0.6136248097827197 0.6494233230463978
-0.5604392180506486 0.5281783687000693
-0.5249821568959344 0.5281783687000693
-0.5072536263185774 0.5888008458732336
-0.4540680345865062 0.6191120844598157
-0.47179656516386326 0.5584896072866514
-0.6313533403600768 0.3766221757671587
-0.6490818709374339 0.4069334143537408
-0.5781677486280057 0.4978671301134872
-0.4363395040091491 0.5888008458732336
-0.3299683205450067 0.6191120844598157
-0.3299683205450067 0.5584896072866514
-0.4363395040091491 0.5281783687000693
-0.6490818709374339 0.4069334143537408
-0.7554530544015763 0.4675558915269051
-0.684538932092148 0.5584896072866514
-0.5427106874732915 0.6191120844598157
-0.47179656516386326 0.5888008458732336
-0.47179656516386326 0.5888008458732336
-0.47179656516386326 0.5584896072866514
-0.2413256676582214 0.67973456163298
0.20188759677570528 0.6191120844598157
0.8046576364058455 0.43724465294032294
1.3365135537265576 0.2553772214208302
1.8683694710472696 -0.07804640303157327
2.311582735481196 -0.4114700274839767
2.843438652801908 -0.7448936519363801
3.286651917235835 -0.9570723220424551
3.552579875896191 -1.16925099214853
3.658951059360333 -1.5329858551875155
3.4993942841641195 -1.9573431953996654
2.843438652801908 -2.2301443426789045
2.081111837975554 -2.1695218655057404
1.4428847371906999 -2.0785881497459937
0.5210011471681325 -1.8057870024667546
-0.6490818709374339 -1.6239195709472618
-1.9078075419297855 -1.3511184236680227
-2.829691131952353 -1.1389397535619479
-2.9892479071485667 -0.7448936519363801
-2.563763173291997 -0.3205363117242303
-1.9787216642392138 0.13413226707450165
-1.5709654609600014 0.1947547442476659
-1.3404945634543595 0.28568846000741227
-1.1277521965260746 0.13413226707450165
-0.950466890752504 0.13413226707450165
-0.9150098295977899 0.2553772214208302
-0.8440957072883616 0.4978671301134872
-0.8086386461336474 0.43724465294032294
-0.7731815849789334 0.43724465294032294
-0.7554530544015763 0.4069334143537408
-0.7731815849789334 0.43724465294032294
-0.7022674626695051 0.5281783687000693
-0.5604392180506486 0.5888008458732336
-0.5604392180506486 0.5584896072866514
-0.5249821568959344 0.4978671301134872
-0.5072536263185774 0.4675558915269051
-0.400882442854435 0.4069334143537408
-0.2945112593902926 0.4978671301134872
-0.15268301477143606 0.5584896072866514
-0.08176889246200779 0.4675558915269051
-0.15268301477143606 0.3159996985939944
-0.3122397899676496 0.28568846000741227
-0.36542538169972083 0.28568846000741227
-0.34769685112236376 0.4069334143537408
-0.1704115453487931 0.4978671301134872
-0.06404036188465072 0.4978671301134872
-0.04631183130729365 0.4675558915269051
-0.134954484194079 0.3159996985939944
-0.134954484194079 0.3159996985939944
-0.04631183130729365 0.43724465294032294
0.024602291002134614 0.43724465294032294
0.07778788273420581 0.3766221757671587
0.09551641331156288 0.28568846000741227
0.07778788273420581 0.2553772214208302
0.09551641331156288 0.1947547442476659
0.21961612735306235 0.3766221757671587
0.3437158413945618 0.43724465294032294
0.396901433126633 0.3159996985939944
0.4500870248587042 0.22506598283424803
0.4855440860134183 0.16444350566108376
0.5387296777454895 0.16444350566108376
0.645100861209632 0.22506598283424803
0.6273723306322748 0.2553772214208302
0.7160149835190602 0.16444350566108376
0.7337435140964172 0.07350978990133739
0.8046576364058455 -0.10835764161815539
0.8578432281379167 0.012887312728173124
0.928757350447345 -0.04773516444499114
1.0883141256435587 0.13413226707450165
1.1060426562209156 0.04319855131475525
1.0351285339114873 -0.04773516444499114
0.9642144116020591 -0.16898011879131966
0.9996714727567733 -0.16898011879131966
1.1237711867982727 -0.10835764161815539
1.2655994314171293 0.012887312728173124
1.3542420843039147 -0.017423925858409007
1.3542420843039147 -0.10835764161815539
1.230142370262415 -0.13866888020473753
1.1060426562209156 -0.04773516444499114
1.1769567785303439 0.13413226707450165
1.3010564925718433 0.1947547442476659
1.2655994314171293 0.07350978990133739
1.0705855950662015 -0.04773516444499114
0.7692005752511314 -0.017423925858409007
0.7514720446737744 0.10382102848791952
0.8401146975605597 0.13413226707450165
0.9996714727567733 0.1947547442476659
0.928757350447345 0.22506598283424803
0.8401146975605597 0.16444350566108376
0.7160149835190602 0.1947547442476659
0.6805579223643461 0.13413226707450165
0.5032726165907754 0.3159996985939944
0.4500870248587042 0.4978671301134872
0.396901433126633 0.4069334143537408
0.30825878023984765 0.34631093718057654
0.11324494388891995 0.28568846000741227
-0.04631183130729365 0.3159996985939944
-0.11722595361672192 0.4978671301134872
-0.15268301477143606 0.5584896072866514
-0.09949742303936485 0.5584896072866514
-0.08176889246200779 0.4069334143537408
-0.09949742303936485 0.2553772214208302
-0.134954484194079 0.28568846000741227
-0.18814007592615017 0.4978671301134872
-0.3122397899676496 0.5281783687000693
-0.36542538169972083 0.4978671301134872
-0.34769685112236376 0.43724465294032294
-0.3122397899676496 0.3159996985939944
-0.3122397899676496 0.43724465294032294
-0.36542538169972083 0.43724465294032294
-0.2413256676582214 0.4978671301134872
-0.1704115453487931 0.4069334143537408
-0.15268301477143606 0.34631093718057654
-0.22359713708086432 0.22506598283424803
-0.2945112593902926 0.34631093718057654
-0.48952509574122033 0.4978671301134872
-0.5604392180506486 0.6191120844598157
-0.48952509574122033 0.6191120844598157
-0.3831539122770779 0.6191120844598157
-0.4363395040091491 0.4675558915269051
-0.5604392180506486 0.4069334143537408
-0.6136248097827197 0.4978671301134872
-0.5427106874732915 0.5888008458732336
-0.47179656516386326 0.67973456163298
-0.47179656516386326 0.4069334143537408
-0.5604392180506486 0.28568846000741227
-0.5958962792053627 0.4675558915269051
-0.5427106874732915 0.4978671301134872
-0.34769685112236376 0.6494233230463978
-0.34769685112236376 0.5281783687000693
-0.41861097343179204 0.43724465294032294
-0.5249821568959344 0.3766221757671587
-0.5072536263185774 0.5281783687000693
-0.47179656516386326 0.5888008458732336
-0.4540680345865062 0.7706682773927264
-0.4363395040091491 0.8009795159793085
-0.400882442854435 0.7100458002195621
-0.34769685112236376 0.6191120844598157
-0.27678272881293553 0.7100458002195621
-0.25905419823557846 0.8009795159793085
-0.18814007592615017 0.8009795159793085
-0.1704115453487931 0.67973456163298
-0.08176889246200779 0.5584896072866514
-0.08176889246200779 0.4675558915269051
0.006873760424777549 0.5281783687000693
0.1841590661983482 0.5281783687000693
0.3259873108172047 0.3766221757671587
0.14870200504363407 0.1947547442476659
-0.2945112593902926 0.13413226707450165
-0.7199959932468621 0.28568846000741227
-0.8795527684430757 0.5888008458732336
-0.7554530544015763 0.67973456163298
-0.5604392180506486 0.5584896072866514
-0.4363395040091491 0.4675558915269051
-0.3831539122770779 0.22506598283424803
-0.34769685112236376 0.16444350566108376
-0.4363395040091491 0.1947547442476659
-0.4540680345865062 0.4069334143537408
-0.5249821568959344 0.3766221757671587
-0.5604392180506486 0.5584896072866514
-0.5249821568959344 0.4978671301134872
-0.5249821568959344 0.34631093718057654
-0.5781677486280057 0.22506598283424803
-0.684538932092148 0.4675558915269051
-0.7022674626695051 0.4675558915269051
-0.5781677486280057 0.4675558915269051
-0.5072536263185774 0.4069334143537408
-0.5427106874732915 0.4069334143537408
-0.666810401514791 0.3766221757671587
-0.6490818709374339 0.4675558915269051
-0.5604392180506486 0.4675558915269051
-0.48952509574122033 0.4675558915269051
-0.5427106874732915 0.34631093718057654
-0.684538932092148 0.34631093718057654
-0.7377245238242193 0.4978671301134872
-0.684538932092148 0.5281783687000693
-0.6136248097827197 0.6494233230463978
-0.5249821568959344 0.5888008458732336
-0.48952509574122033 0.3159996985939944
-0.3831539122770779 0.28568846000741227
-0.27678272881293553 0.28568846000741227
-0.134954484194079 0.4069334143537408
-0.27678272881293553 0.4675558915269051
-0.48952509574122033 0.43724465294032294
-0.7022674626695051 0.5584896072866514
-0.7731815849789334 0.4978671301134872
-0.7022674626695051 0.4978671301134872
-0.666810401514791 0.4978671301134872
-0.5427106874732915 0.5584896072866514
-0.3831539122770779 0.4675558915269051
-0.3831539122770779 0.34631093718057654
-0.48952509574122033 0.3159996985939944
-0.6313533403600768 0.34631093718057654
-0.7022674626695051 0.4978671301134872
-0.7022674626695051 0.6191120844598157
-0.5427106874732915 0.5584896072866514
-0.48952509574122033 0.43724465294032294
-0.5604392180506486 0.3766221757671587
-0.5072536263185774 0.3766221757671587
-0.48952509574122033 0.5888008458732336
-0.400882442854435 0.8312907545658906
-0.22359713708086432 0.8919132317390549
0.07778788273420581 0.5888008458732336
0.5387296777454895 0.3159996985939944
1.1060426562209156 -0.07804640303157327
1.7088126958510559 -0.25991383455106604
2.3647683272132674 -0.4114700274839767
2.9143527751113365 -0.8055161291095444
3.2157377949264063 -1.1389397535619479
3.2689233866584777 -1.684542048120426
2.9143527751113365 -1.8360982410533369
2.240668613171768 -1.8360982410533369
1.726541226428413 -1.8057870024667546
1.159228247952987 -1.7451645252935903
0.16643053562099114 -1.7451645252935903
-1.0036524824845752 -1.5936083323606798
-2.031907255971285 -1.1389397535619479
-2.5992202344467112 -0.9570723220424551
-2.7055914179108536 -0.6539599361766337
-2.4396634592504975 -0.3811587888973946
-2.049635786548642 -0.07804640303157327
-1.8546219501977144 0.10382102848791952
-1.6064225221147155 0.28568846000741227
-1.198666318835503 0.28568846000741227
-0.8440957072883616 0.3766221757671587
-0.6313533403600768 0.28568846000741227
-0.5427106874732915 0.1947547442476659
-0.4540680345865062 0.13413226707450165
-0.41861097343179204 0.2553772214208302
-0.36542538169972083 0.3159996985939944
-0.34769685112236376 0.3159996985939944
-0.20586860650350725 0.28568846000741227
0.006873760424777549 0.22506598283424803
0.1841590661983482 0.04319855131475525
0.024602291002134614 0.012887312728173124
-0.5072536263185774 0.22506598283424803
-0.8972812990204329 0.5584896072866514
-0.9150098295977899 0.67973456163298
-0.6136248097827197 0.67973456163298
-0.41861097343179204 0.4675558915269051
-0.3299683205450067 0.5281783687000693
-0.2945112593902926 0.5888008458732336
-0.25905419823557846 0.5888008458732336
-0.22359713708086432 0.4675558915269051
-0.20586860650350725 0.3159996985939944
-0.134954484194079 0.34631093718057654
-0.04631183130729365 0.3159996985939944
0.04233082157949168 0.3766221757671587
0.13097347446627702 0.43724465294032294
0.16643053562099114 0.3766221757671587
0.2550731885077765 0.3159996985939944
0.2550731885077765 0.16444350566108376
0.2550731885077765 0.22506598283424803
0.23734465793041942 0.28568846000741227
0.30825878023984765 0.2553772214208302
0.396901433126633 0.22506598283424803
0.5032726165907754 0.1947547442476659
0.5741867389002037 0.10382102848791952
0.7514720446737744 0.04319855131475525
0.8933002892926308 0.012887312728173124
0.911028819869988 0.07350978990133739
0.8578432281379167 -0.04773516444499114
0.7514720446737744 -0.07804640303157327
0.7692005752511314 -0.13866888020473753
0.911028819869988 -0.017423925858409007
1.0528570644888444 -0.04773516444499114
1.0351285339114873 0.012887312728173124
0.9819429421794161 -0.017423925858409007
0.9464858810247021 0.012887312728173124
0.9464858810247021 -0.017423925858409007
0.928757350447345 -0.04773516444499114
0.9996714727567733 -0.017423925858409007
1.159228247952987 0.04319855131475525
1.2833279619944864 0.07350978990133739
1.3187850231492004 -0.07804640303157327
1.2478709008397721 -0.1992913573779018
1.194685309107701 -0.07804640303157327
1.1769567785303439 -0.017423925858409007
1.1769567785303439 0.012887312728173124
1.1769567785303439 -0.04773516444499114
1.0351285339114873 -0.07804640303157327
0.9819429421794161 -0.04773516444499114
0.8755717587152738 -0.07804640303157327
0.8401146975605597 0.04319855131475525
0.928757350447345 0.1947547442476659
0.9819429421794161 0.16444350566108376
0.9996714727567733 0.13413226707450165
0.8046576364058455 -0.017423925858409007
0.5210011471681325 0.10382102848791952
0.4146299637039901 0.2553772214208302
0.4855440860134183 0.28568846000741227
0.5210011471681325 0.34631093718057654
0.37917290254927594 0.2553772214208302
0.11324494388891995 0.1947547442476659
-0.028583300729936582 0.2553772214208302
-0.010854770152579518 0.4675558915269051
0.11324494388891995 0.5888008458732336
0.13097347446627702 0.5584896072866514
0.060059352156848746 0.3766221757671587
-0.04631183130729365 0.43724465294032294
-0.11722595361672192 0.4978671301134872
-0.15268301477143606 0.5888008458732336
-0.22359713708086432 0.5888008458732336
-0.3299683205450067 0.4978671301134872
-0.41861097343179204 0.4069334143537408
-0.5604392180506486 0.3766221757671587
-0.6490818709374339 0.4978671301134872
-0.5781677486280057 0.67973456163298
-0.48952509574122033 0.6494233230463978
-0.4363395040091491 0.6494233230463978
-0.41861097343179204 0.4675558915269051
-0.4363395040091491 0.3766221757671587
-0.4363395040091491 0.4069334143537408
-0.400882442854435 0.4978671301134872
-0.36542538169972083 0.5281783687000693
-0.400882442854435 0.4978671301134872
-0.5072536263185774 0.43724465294032294
-0.6313533403600768 0.4069334143537408
-0.5249821568959344 0.4069334143537408
-0.48952509574122033 0.4675558915269051
-0.48952509574122033 0.5281783687000693
-0.5427106874732915 0.4069334143537408
-0.5958962792053627 0.4069334143537408
-0.5958962792053627 0.34631093718057654
-0.5604392180506486 0.34631093718057654
-0.5249821568959344 0.4069334143537408
-0.34769685112236376 0.5281783687000693
-0.3299683205450067 0.4069334143537408
-0.3831539122770779 0.34631093718057654
-0.5072536263185774 0.2553772214208302
-0.5249821568959344 0.28568846000741227
-0.5249821568959344 0.43724465294032294
-0.4540680345865062 0.5584896072866514
-0.4363395040091491 0.5584896072866514
-0.400882442854435 0.4675558915269051
-0.3299683205450067 0.3159996985939944
-0.22359713708086432 0.2553772214208302
-0.18814007592615017 0.34631093718057654
-0.25905419823557846 0.5584896072866514
-0.34769685112236376 0.5888008458732336
-0.3831539122770779 0.5281783687000693
-0.48952509574122033 0.5281783687000693
-0.4540680345865062 0.5584896072866514
-0.3122397899676496 0.6494233230463978
-0.25905419823557846 0.7100458002195621
-0.20586860650350725 0.5888008458732336
-0.25905419823557846 0.6191120844598157
-0.20586860650350725 0.5584896072866514
-0.134954484194079 0.5584896072866514
-0.06404036188465072 0.7100458002195621
0.11324494388891995 0.6494233230463978
0.060059352156848746 0.5888008458732336
-0.08176889246200779 0.4675558915269051
-0.2945112593902926 0.34631093718057654
-0.36542538169972083 0.2553772214208302
-0.3299683205450067 0.28568846000741227
-0.25905419823557846 0.34631093718057654
-0.2945112593902926 0.1947547442476659
-0.34769685112236376 0.1947547442476659
-0.36542538169972083 0.13413226707450165
-0.4363395040091491 0.13413226707450165
-0.41861097343179204 0.22506598283424803
-0.34769685112236376 0.22506598283424803
-0.36542538169972083 0.22506598283424803
-0.41861097343179204 0.1947547442476659
-0.41861097343179204 0.22506598283424803
-0.41861097343179204 0.16444350566108376
-0.4363395040091491 0.3159996985939944
-0.34769685112236376 0.4069334143537408
-0.36542538169972083 0.3766221757671587
-0.41861097343179204 0.22506598283424803
-0.47179656516386326 0.1947547442476659
-0.41861097343179204 0.22506598283424803
-0.400882442854435 0.28568846000741227
-0.36542538169972083 0.4069334143537408
-0.34769685112236376 0.3159996985939944
-0.3831539122770779 0.28568846000741227
-0.36542538169972083 0.13413226707450165
-0.4363395040091491 0.16444350566108376
-0.5604392180506486 0.2553772214208302
-0.6490818709374339 0.34631093718057654
-0.7377245238242193 0.4978671301134872
-0.7377245238242193 0.3159996985939944
-0.6313533403600768 0.22506598283424803
-0.6490818709374339 0.28568846000741227
-0.5604392180506486 0.3766221757671587
-0.47179656516386326 0.43724465294032294
-0.5427106874732915 0.4069334143537408
-0.5604392180506486 0.3159996985939944
-0.6490818709374339 0.2553772214208302
-0.5604392180506486 0.3159996985939944
-0.48952509574122033 0.43724465294032294
-0.4540680345865062 0.4069334143537408
-0.3831539122770779 0.3159996985939944
-0.41861097343179204 0.16444350566108376
-0.5249821568959344 0.07350978990133739
-0.5072536263185774 0.1947547442476659
-0.4363395040091491 0.34631093718057654
-0.34769685112236376 0.4675558915269051
-0.3122397899676496 0.28568846000741227
-0.4363395040091491 0.3159996985939944
-0.5958962792053627 0.1947547442476659
-0.7199959932468621 0.22506598283424803
-0.7377245238242193 0.3766221757671587
-0.666810401514791 0.4675558915269051
-0.5958962792053627 0.4069334143537408
-0.6313533403600768 0.34631093718057654
-0.7022674626695051 0.28568846000741227
-0.7022674626695051 0.3159996985939944
-0.5781677486280057 0.43724465294032294
-0.5427106874732915 0.4978671301134872
-0.4540680345865062 0.5584896072866514
-0.36542538169972083 0.4978671301134872
-0.25905419823557846 0.4978671301134872
-0.028583300729936582 0.4978671301134872
0.3437158413945618 0.3766221757671587
0.7869291058284884 0.2553772214208302
1.2124138396850581 -0.10835764161815539
1.5137988595001282 -0.502403743243723
1.8860980016246265 -0.7752048905229623
2.258397143749125 -0.9570723220424551
2.6484248164509805 -1.0480060378022014
2.861167183379265 -1.2601847079082764
2.8966242445339794 -1.5632970937740975
2.524325102409481 -1.8057870024667546
2.081111837975554 -1.8967207182265011
1.6024415123869136 -1.654230809533844
0.9996714727567733 -1.5936083323606798
0.006873760424777549 -1.381429662254605
-1.0391095436392894 -1.2298734693216942
-1.9432646030844998 -1.1389397535619479
-2.581491703869354 -0.9267610834558729
-2.7942340707976387 -0.6842711747632159
-2.4396634592504975 -0.35084755031081244
-2.049635786548642 -0.017423925858409007
-1.748250766733572 0.22506598283424803
-1.6418795832694295 0.1947547442476659
-1.464594277495859 0.22506598283424803
-1.1632092576807889 0.22506598283424803
-0.7909101155562904 0.22506598283424803
-0.5427106874732915 0.13413226707450165
-0.4540680345865062 0.1947547442476659
-0.5781677486280057 0.13413226707450165
-0.7199959932468621 0.1947547442476659
-0.7199959932468621 0.13413226707450165
-0.5781677486280057 0.34631093718057654
-0.4540680345865062 0.43724465294032294
-0.3831539122770779 0.4069334143537408
-0.36542538169972083 0.3766221757671587
-0.400882442854435 0.28568846000741227
-0.400882442854435 0.3159996985939944
-0.3299683205450067 0.28568846000741227
-0.22359713708086432 0.3159996985939944
-0.25905419823557846 0.3159996985939944
-0.3122397899676496 0.2553772214208302
-0.34769685112236376 0.2553772214208302
-0.25905419823557846 0.3159996985939944
-0.134954484194079 0.34631093718057654
-0.04631183130729365 0.28568846000741227
0.060059352156848746 0.22506598283424803
0.006873760424777549 0.10382102848791952
-0.04631183130729365 0.10382102848791952
-0.08176889246200779 0.1947547442476659
-0.028583300729936582 0.3159996985939944
0.09551641331156288 0.3159996985939944
0.16643053562099114 0.28568846000741227
0.20188759677570528 0.10382102848791952
0.20188759677570528 0.012887312728173124
0.30825878023984765 0.16444350566108376
0.36144437197191887 0.22506598283424803
0.43235849428134715 0.1947547442476659
0.4855440860134183 0.13413226707450165
0.4678155554360613 -0.017423925858409007
0.5210011471681325 -0.04773516444499114
0.645100861209632 -0.07804640303157327
0.8578432281379167 0.012887312728173124
0.9464858810247021 0.012887312728173124
0.911028819869988 -0.017423925858409007
0.8223861669832025 -0.16898011879131966
0.6982864529417031 -0.25991383455106604
0.662829391786989 -0.1992913573779018
0.645100861209632 -0.017423925858409007
0.8223861669832025 0.07350978990133739
0.911028819869988 0.012887312728173124
0.9642144116020591 -0.10835764161815539
0.8933002892926308 -0.07804640303157327
0.928757350447345 -0.16898011879131966
1.0705855950662015 0.012887312728173124
1.230142370262415 -0.07804640303157327
1.3010564925718433 -0.07804640303157327
1.194685309107701 -0.25991383455106604
1.0883141256435587 -0.25991383455106604
1.0351285339114873 -0.22960259596448393
1.1237711867982727 -0.04773516444499114
1.1769567785303439 -0.017423925858409007
1.230142370262415 -0.07804640303157327
1.1769567785303439 -0.04773516444499114
1.1060426562209156 -0.16898011879131966
0.911028819869988 -0.04773516444499114
0.8046576364058455 0.012887312728173124
0.7514720446737744 0.13413226707450165
0.7692005752511314 0.04319855131475525
0.7160149835190602 0.04319855131475525
0.6273723306322748 0.04319855131475525
0.5032726165907754 0.10382102848791952
0.36144437197191887 0.16444350566108376
0.2905302496624906 0.1947547442476659
0.2905302496624906 0.2553772214208302
0.2550731885077765 0.04319855131475525
0.14870200504363407 0.07350978990133739
0.060059352156848746 0.16444350566108376
-0.010854770152579518 0.2553772214208302
0.024602291002134614 0.4069334143537408
0.060059352156848746 0.4069334143537408
0.060059352156848746 0.28568846000741227
-0.04631183130729365 0.1947547442476659
-0.134954484194079 0.1947547442476659
-0.22359713708086432 0.28568846000741227
-0.3299683205450067 0.4675558915269051
-0.400882442854435 0.3766221757671587
-0.47179656516386326 0.4675558915269051
-0.5072536263185774 0.4675558915269051
-0.5604392180506486 0.4978671301134872
-0.5249821568959344 0.4978671301134872
-0.4363395040091491 0.4978671301134872
-0.48952509574122033 0.34631093718057654
-0.5072536263185774 0.34631093718057654
-0.5249821568959344 0.34631093718057654
-0.5427106874732915 0.2553772214208302
-0.41861097343179204 0.43724465294032294
-0.3299683205450067 0.4978671301134872
-0.2945112593902926 0.4069334143537408
-0.34769685112236376 0.3766221757671587
-0.5072536263185774 0.34631093718057654
-0.5427106874732915 0.28568846000741227
-0.48952509574122033 0.3766221757671587
-0.3299683205450067 0.4675558915269051
-0.3122397899676496 0.3766221757671587
-0.3299683205450067 0.2553772214208302
-0.4540680345865062 0.16444350566108376
-0.5249821568959344 0.22506598283424803
-0.5072536263185774 0.3766221757671587
-0.41861097343179204 0.4675558915269051
-0.3831539122770779 0.5281783687000693
-0.3122397899676496 0.4069334143537408
-0.3122397899676496 0.28568846000741227
-0.27678272881293553 0.3159996985939944
-0.18814007592615017 0.3766221757671587
-0.25905419823557846 0.5888008458732336
-0.3122397899676496 0.5584896072866514
-0.2945112593902926 0.43724465294032294
-0.34769685112236376 0.4675558915269051
-0.3122397899676496 0.4675558915269051
-0.2413256676582214 0.4675558915269051
-0.1704115453487931 0.5584896072866514
-0.15268301477143606 0.5584896072866514
-0.134954484194079 0.4675558915269051
-0.134954484194079 0.4069334143537408
-0.11722595361672192 0.3766221757671587
-0.04631183130729365 0.4978671301134872
0.024602291002134614 0.43724465294032294
0.024602291002134614 0.28568846000741227
-0.06404036188465072 0.13413226707450165
-0.22359713708086432 0.04319855131475525
-0.3122397899676496 0.13413226707450165
-0.3122397899676496 0.2553772214208302
-0.22359713708086432 0.22506598283424803
-0.15268301477143606 0.13413226707450165
-0.1704115453487931 0.04319855131475525
-0.2945112593902926 -0.017423925858409007
-0.3831539122770779 0.10382102848791952
-0.3299683205450067 0.22506598283424803
-0.27678272881293553 0.3766221757671587
-0.20586860650350725 0.3159996985939944
-0.27678272881293553 0.13413226707450165
-0.41861097343179204 0.10382102848791952
-0.5604392180506486 0.07350978990133739
-0.5427106874732915 0.2553772214208302
-0.47179656516386326 0.34631093718057654
-0.41861097343179204 0.28568846000741227
-0.5249821568959344 0.22506598283424803
-0.5958962792053627 0.07350978990133739
-0.6313533403600768 0.22506598283424803
-0.5427106874732915 0.1947547442476659
-0.4540680345865062 0.34631093718057654
-0.400882442854435 0.28568846000741227
-0.41861097343179204 0.22506598283424803
-0.47179656516386326 0.22506598283424803
-0.5072536263185774 0.1947547442476659
-0.41861097343179204 0.34631093718057654
-0.3122397899676496 0.3766221757671587
-0.25905419823557846 0.2553772214208302
-0.3299683205450067 0.16444350566108376
-0.41861097343179204 0.07350978990133739
-0.5249821568959344 0.22506598283424803
-0.5072536263185774 0.22506598283424803
-0.47179656516386326 0.43724465294032294
-0.47179656516386326 0.3766221757671587
-0.48952509574122033 0.3159996985939944
-0.47179656516386326 0.22506598283424803
-0.4363395040091491 0.16444350566108376
-0.36542538169972083 0.22506598283424803
-0.3299683205450067 0.28568846000741227
-0.3299683205450067 0.3159996985939944
-0.36542538169972083 0.1947547442476659
-0.41861097343179204 0.10382102848791952
-0.400882442854435 0.1947547442476659
-0.3299683205450067 0.34631093718057654
-0.3299683205450067 0.3159996985939944
-0.3831539122770779 0.2553772214208302
-0.41861097343179204 0.22506598283424803
-0.4540680345865062 0.10382102848791952
-0.4363395040091491 0.16444350566108376
-0.4540680345865062 0.3159996985939944
-0.47179656516386326 0.4069334143537408
-0.48952509574122033 0.5281783687000693
-0.5427106874732915 0.4069334143537408
-0.48952509574122033 0.4978671301134872
-0.3299683205450067 0.43724465294032294
0.04233082157949168 0.5281783687000693
0.5210011471681325 0.3766221757671587
1.0351285339114873 0.04319855131475525
1.5315273900774853 -0.29022507313764817
2.04565477682084 -0.714582413349798
2.524325102409481 -0.9873835606290372
3.0029954279981217 -1.2601847079082764
3.2689233866584777 -1.5026746166009335
3.286651917235835 -1.8360982410533369
2.790253061069837 -2.0179656725728297
2.0988403685529113 -1.9270319568130831
1.1769567785303439 -1.7451645252935903
0.024602291002134614 -1.5329858551875155
-1.0391095436392894 -1.16925099214853
-1.8723504807750715 -1.0176947992156193
-2.386477867518426 -0.9570723220424551
-2.4396634592504975 -0.8358273676961265
-2.1205499088580706 -0.5327149818303052
-1.783707827888286 -0.13866888020473753
-1.5532369303826443 0.10382102848791952
-1.3936801551864306 0.22506598283424803
-1.198666318835503 0.2553772214208302
-0.9681954213298611 0.10382102848791952
-0.7909101155562904 0.3159996985939944
-0.6136248097827197 0.3766221757671587
-0.4363395040091491 0.34631093718057654
-0.34769685112236376 0.34631093718057654
-0.25905419823557846 0.1947547442476659
-0.22359713708086432 0.13413226707450165
-0.22359713708086432 0.1947547442476659
-0.11722595361672192 0.22506598283424803
-0.028583300729936582 0.34631093718057654
0.024602291002134614 0.16444350566108376
-0.028583300729936582 0.10382102848791952
-0.08176889246200779 0.13413226707450165
-0.15268301477143606 0.1947547442476659
-0.22359713708086432 0.4069334143537408
-0.1704115453487931 0.4675558915269051
-0.08176889246200779 0.34631093718057654
-0.09949742303936485 0.22506598283424803
-0.09949742303936485 0.16444350566108376
-0.06404036188465072 0.16444350566108376
0.024602291002134614 0.22506598283424803
0.09551641331156288 0.3159996985939944
0.14870200504363407 0.3159996985939944
0.1841590661983482 0.2553772214208302
0.16643053562099114 0.16444350566108376
0.13097347446627702 0.16444350566108376
0.1841590661983482 0.3159996985939944
0.30825878023984765 0.3766221757671587
0.396901433126633 0.3159996985939944
0.4678155554360613 0.16444350566108376
0.4855440860134183 0.012887312728173124
0.5032726165907754 0.07350978990133739
0.5919152694775607 0.10382102848791952
0.7337435140964172 0.2553772214208302
0.6805579223643461 0.13413226707450165
0.6982864529417031 0.04319855131475525
0.645100861209632 -0.017423925858409007
0.6805579223643461 -0.017423925858409007
0.8401146975605597 0.04319855131475525
0.928757350447345 0.10382102848791952
1.0705855950662015 0.16444350566108376
1.0705855950662015 0.012887312728173124
1.0174000033341304 -0.16898011879131966
0.9819429421794161 -0.13866888020473753
1.0705855950662015 -0.017423925858409007
1.194685309107701 0.10382102848791952
1.230142370262415 -0.017423925858409007
1.2655994314171293 -0.017423925858409007
1.2124138396850581 -0.13866888020473753
1.2478709008397721 -0.16898011879131966
1.3187850231492004 -0.10835764161815539
1.4074276760359858 -0.04773516444499114
1.3896991454586287 -0.04773516444499114
1.2833279619944864 -0.04773516444499114
1.159228247952987 -0.017423925858409007
1.159228247952987 -0.04773516444499114
1.1060426562209156 0.04319855131475525
1.1060426562209156 0.10382102848791952
1.0883141256435587 0.13413226707450165
0.9642144116020591 0.04319855131475525
0.8578432281379167 -0.017423925858409007
0.7514720446737744 0.07350978990133739
0.662829391786989 0.1947547442476659
0.7160149835190602 0.3159996985939944
0.6096438000549178 0.2553772214208302
0.5387296777454895 0.13413226707450165
0.396901433126633 0.04319855131475525
0.3437158413945618 0.1947547442476659
0.2550731885077765 0.2553772214208302
0.2550731885077765 0.3159996985939944
0.23734465793041942 0.28568846000741227
0.21961612735306235 0.1947547442476659
0.09551641331156288 0.1947547442476659
-0.04631183130729365 0.13413226707450165
-0.09949742303936485 0.22506598283424803
-0.06404036188465072 0.43724465294032294
-0.15268301477143606 0.3766221757671587
-0.18814007592615017 0.2553772214208302
-0.2413256676582214 0.2553772214208302
-0.25905419823557846 0.28568846000741227
-0.22359713708086432 0.4069334143537408
-0.18814007592615017 0.4069334143537408
-0.22359713708086432 0.43724465294032294
-0.2945112593902926 0.43724465294032294
-0.2945112593902926 0.1947547442476659
-0.3299683205450067 0.2553772214208302
-0.3299683205450067 0.28568846000741227
-0.3299683205450067 0.43724465294032294
-0.3122397899676496 0.3159996985939944
-0.34769685112236376 0.28568846000741227
-0.36542538169972083 0.2553772214208302
-0.36542538169972083 0.28568846000741227
-0.3299683205450067 0.4069334143537408
-0.3122397899676496 0.4069334143537408
-0.27678272881293553 0.43724465294032294
-0.3299683205450067 0.1947547442476659
-0.34769685112236376 0.22506598283424803
-0.34769685112236376 0.1947547442476659
-0.3299683205450067 0.34631093718057654
-0.3122397899676496 0.28568846000741227
-0.36542538169972083 0.4069334143537408
-0.3831539122770779 0.1947547442476659
-0.4540680345865062 0.28568846000741227
-0.4363395040091491 0.28568846000741227
-0.4540680345865062 0.4069334143537408
-0.36542538169972083 0.4978671301134872
-0.2945112593902926 0.4978671301134872
-0.25905419823557846 0.3766221757671587
-0.25905419823557846 0.4069334143537408
-0.25905419823557846 0.43724465294032294
-0.18814007592615017 0.4978671301134872
-0.15268301477143606 0.5888008458732336
-0.09949742303936485 0.4675558915269051
-0.134954484194079 0.4675558915269051
-0.18814007592615017 0.4069334143537408
-0.18814007592615017 0.4675558915269051
-0.09949742303936485 0.5281783687000693
-0.010854770152579518 0.5584896072866514
0.16643053562099114 0.4978671301134872
0.09551641331156288 0.3766221757671587
0.04233082157949168 0.2553772214208302
-0.08176889246200779 0.1947547442476659
-0.09949742303936485 0.3159996985939944
-0.22359713708086432 0.3766221757671587
-0.22359713708086432 0.3159996985939944
-0.2413256676582214 0.22506598283424803
-0.2945112593902926 0.13413226707450165
-0.3299683205450067 0.16444350566108376
-0.3122397899676496 0.3159996985939944
-0.2945112593902926 0.3766221757671587
-0.2945112593902926 0.28568846000741227
-0.2945112593902926 0.1947547442476659
-0.22359713708086432 0.10382102848791952
-0.22359713708086432 0.10382102848791952
-0.22359713708086432 0.28568846000741227
-0.3122397899676496 0.34631093718057654
-0.400882442854435 0.3766221757671587
-0.5072536263185774 0.34631093718057654
-0.5072536263185774 0.1947547442476659
-0.5072536263185774 0.22506598283424803
-0.4363395040091491 0.28568846000741227
-0.3299683205450067 0.3766221757671587
-0.3122397899676496 0.3159996985939944
-0.36542538169972083 0.16444350566108376
-0.400882442854435 0.13413226707450165
-0.5072536263185774 0.1947547442476659
-0.47179656516386326 0.3159996985939944
-0.400882442854435 0.4069334143537408
-0.3831539122770779 0.3159996985939944
-0.400882442854435 0.2553772214208302
-0.4540680345865062 0.1947547442476659
-0.4363395040091491 0.1947547442476659
-0.4363395040091491 0.34631093718057654
-0.400882442854435 0.43724465294032294
-0.400882442854435 0.3766221757671587
-0.41861097343179204 0.28568846000741227
-0.47179656516386326 0.22506598283424803
-0.4540680345865062 0.28568846000741227
-0.47179656516386326 0.28568846000741227
-0.3299683205450067 0.34631093718057654
-0.36542538169972083 0.3159996985939944
-0.34769685112236376 0.16444350566108376
-0.400882442854435 0.04319855131475525
-0.400882442854435 0.16444350566108376
-0.400882442854435 0.22506598283424803
-0.4363395040091491 0.3766221757671587
-0.400882442854435 0.3766221757671587
-0.3299683205450067 0.3159996985939944
-0.400882442854435 0.16444350566108376
-0.34769685112236376 0.22506598283424803
-0.3122397899676496 0.22506598283424803
-0.36542538169972083 0.3159996985939944
-0.36542538169972083 0.43724465294032294
-0.47179656516386326 0.34631093718057654
-0.47179656516386326 0.4069334143537408
-0.47179656516386326 0.6191120844598157
-0.22359713708086432 0.6191120844598157
0.2550731885077765 0.6191120844598157
0.8401146975605597 0.3159996985939944
1.460613267768057 -0.017423925858409007
2.04565477682084 -0.4114700274839767
2.7370674693377657 -0.7448936519363801
3.322108978390549 -1.0176947992156193
3.7298651816697617 -1.3511184236680227
3.7653222428244755 -1.7754757638801726
3.2511948560811206 -2.2301443426789045
2.3824968577906245 -2.1998331040923222
1.2124138396850581 -2.048276911159412
-0.22359713708086432 -1.7148532867070083
-1.5709654609600014 -1.3511184236680227
-2.4396634592504975 -1.16925099214853
-2.6878628873334964 -0.9267610834558729
-2.386477867518426 -0.502403743243723
-1.9078075419297855 -0.04773516444499114
-1.5000513386505732 0.1947547442476659
-1.2341233799902172 0.2553772214208302
-0.9859239519072182 0.2553772214208302
-0.7731815849789334 0.1947547442476659
-0.6490818709374339 0.10382102848791952
-0.5958962792053627 0.13413226707450165
-0.48952509574122033 0.28568846000741227
-0.41861097343179204 0.3159996985939944
-0.3831539122770779 0.3159996985939944
-0.36542538169972083 0.2553772214208302
-0.36542538169972083 0.1947547442476659
-0.36542538169972083 0.13413226707450165
-0.34769685112236376 0.3159996985939944
-0.2945112593902926 0.4069334143537408
-0.25905419823557846 0.3766221757671587
-0.20586860650350725 0.2553772214208302
-0.20586860650350725 0.16444350566108376
-0.15268301477143606 0.16444350566108376
-0.08176889246200779 0.28568846000741227
-0.08176889246200779 0.3159996985939944
-0.028583300729936582 0.3159996985939944
-0.028583300729936582 0.28568846000741227
-0.04631183130729365 0.1947547442476659
-0.010854770152579518 0.28568846000741227
0.09551641331156288 0.22506598283424803
0.11324494388891995 0.28568846000741227
0.20188759677570528 0.2553772214208302
0.20188759677570528 0.2553772214208302
0.23734465793041942 0.10382102848791952
0.2905302496624906 0.1947547442476659
0.3437158413945618 0.1947547442476659
0.5032726165907754 0.28568846000741227
0.5564582083228466 0.1947547442476659
0.5210011471681325 0.012887312728173124
0.5387296777454895 0.012887312728173124
0.6096438000549178 0.16444350566108376
0.7337435140964172 0.07350978990133739
0.8401146975605597 0.13413226707450165
0.8401146975605597 0.07350978990133739
0.8046576364058455 0.10382102848791952
0.8223861669832025 0.012887312728173124
0.928757350447345 -0.07804640303157327
1.0528570644888444 0.04319855131475525
1.2124138396850581 0.10382102848791952
1.2655994314171293 0.07350978990133739
1.2655994314171293 -0.10835764161815539
1.1769567785303439 -0.13866888020473753
1.1237711867982727 -0.13866888020473753
1.159228247952987 -0.017423925858409007
1.2124138396850581 0.04319855131475525
1.230142370262415 0.04319855131475525
1.2655994314171293 -0.04773516444499114
1.194685309107701 -0.07804640303157327
1.159228247952987 0.012887312728173124
1.159228247952987 0.04319855131475525
1.1414997173756298 0.22506598283424803
1.1414997173756298 0.10382102848791952
1.0883141256435587 -0.07804640303157327
0.928757350447345 -0.07804640303157327
0.8046576364058455 -0.04773516444499114
0.6982864529417031 0.07350978990133739
0.6805579223643461 0.28568846000741227
0.5919152694775607 0.16444350566108376
0.4678155554360613 0.1947547442476659
0.2550731885077765 0.16444350566108376
0.14870200504363407 0.28568846000741227
0.09551641331156288 0.4675558915269051
0.14870200504363407 0.4675558915269051
0.07778788273420581 0.43724465294032294
-0.010854770152579518 0.2553772214208302
-0.15268301477143606 0.22506598283424803
-0.18814007592615017 0.2553772214208302
-0.20586860650350725 0.28568846000741227
-0.18814007592615017 0.43724465294032294
-0.27678272881293553 0.4675558915269051
-0.400882442854435 0.34631093718057654
-0.5427106874732915 0.28568846000741227
-0.48952509574122033 0.4069334143537408
-0.41861097343179204 0.43724465294032294
-0.3831539122770779 0.4978671301134872
-0.36542538169972083 0.4675558915269051
-0.400882442854435 0.34631093718057654
-0.4363395040091491 0.1947547442476659
-0.3831539122770779 0.3159996985939944
-0.34769685112236376 0.34631093718057654
-0.34769685112236376 0.4069334143537408
-0.3831539122770779 0.3159996985939944
-0.400882442854435 0.3159996985939944
-0.4363395040091491 0.1947547442476659
-0.41861097343179204 0.1947547442476659
-0.4540680345865062 0.28568846000741227
-0.48952509574122033 0.3766221757671587
-0.41861097343179204 0.4069334143537408
-0.4363395040091491 0.22506598283424803
-0.5427106874732915 0.16444350566108376
-0.5072536263185774 0.2553772214208302
-0.41861097343179204 0.4069334143537408
-0.34769685112236376 0.4978671301134872
-0.3299683205450067 0.43724465294032294
-0.2945112593902926 0.34631093718057654
-0.34769685112236376 0.4069334143537408
-0.34769685112236376 0.3766221757671587
-0.3122397899676496 0.4675558915269051
-0.27678272881293553 0.4675558915269051
-0.20586860650350725 0.4675558915269051
-0.18814007592615017 0.4069334143537408
-0.1704115453487931 0.28568846000741227
-0.134954484194079 0.4675558915269051
-0.11722595361672192 0.43724465294032294
-0.028583300729936582 0.4978671301134872
0.024602291002134614 0.43724465294032294
-0.04631183130729365 0.28568846000741227
-0.18814007592615017 0.10382102848791952
-0.3299683205450067 0.13413226707450165
-0.3299683205450067 0.22506598283424803
-0.3122397899676496 0.3159996985939944
-0.3122397899676496 0.22506598283424803
-0.3299683205450067 0.07350978990133739
-0.4540680345865062 0.07350978990133739
-0.5072536263185774 0.10382102848791952
-0.48952509574122033 0.16444350566108376
-0.3831539122770779 0.16444350566108376
-0.400882442854435 0.1947547442476659
-0.4363395040091491 0.16444350566108376
-0.4540680345865062 0.16444350566108376
-0.47179656516386326 0.1947547442476659
-0.5072536263185774 0.2553772214208302
-0.4540680345865062 0.28568846000741227
-0.5072536263185774 0.2553772214208302
-0.5604392180506486 0.22506598283424803
-0.6136248097827197 0.10382102848791952
-0.6313533403600768 0.1947547442476659
-0.5427106874732915 0.22506598283424803
-0.47179656516386326 0.3766221757671587
-0.47179656516386326 0.28568846000741227
-0.48952509574122033 0.13413226707450165
-0.5072536263185774 0.16444350566108376
-0.5072536263185774 0.10382102848791952
-0.48952509574122033 0.16444350566108376
-0.48952509574122033 0.3159996985939944
-0.4363395040091491 0.3159996985939944
-0.47179656516386326 0.28568846000741227
-0.5072536263185774 0.28568846000741227
-0.5427106874732915 0.22506598283424803
-0.5072536263185774 0.1947547442476659
-0.4540680345865062 0.2553772214208302
-0.47179656516386326 0.3159996985939944
-0.47179656516386326 0.22506598283424803
-0.5072536263185774 0.13413226707450165
-0.5249821568959344 0.1947547442476659
-0.48952509574122033 0.3159996985939944
-0.4540680345865062 0.4069334143537408
-0.4363395040091491 0.3159996985939944
-0.4540680345865062 0.34631093718057654
-0.48952509574122033 0.13413226707450165
-0.5072536263185774 0.16444350566108376
-0.47179656516386326 0.22506598283424803
-0.400882442854435 0.3159996985939944
-0.3831539122770779 0.34631093718057654
-0.5249821568959344 0.2553772214208302
-0.6136248097827197 0.16444350566108376
-0.6136248097827197 0.3159996985939944
-0.5427106874732915 0.4978671301134872
-0.25905419823557846 0.6494233230463978
0.23734465793041942 0.4978671301134872
0.8933002892926308 0.10382102848791952
1.5315273900774853 -0.25991383455106604
2.081111837975554 -0.5327149818303052
2.754795999915123 -0.6539599361766337
3.339837508967906 -0.8964498448692908
3.6944081205150474 -1.381429662254605
3.8007793039791897 -1.9270319568130831
3.339837508967906 -2.290766819852069
2.6306962858736234 -2.412011774198397
1.8329124098925553 -2.351389297025233
0.8401146975605597 -2.108899388332576
-0.36542538169972083 -1.7754757638801726
-1.6241510526920726 -1.6239195709472618
-2.54603464271464 -1.3511184236680227
-2.741048479065568 -1.0783172763887836
-2.4396634592504975 -0.472092504657141
-1.9787216642392138 -0.04773516444499114
-1.5709654609600014 0.2553772214208302
-1.3050375022996454 0.16444350566108376
-1.1100236659487177 0.16444350566108376
-0.9150098295977899 0.1947547442476659
-0.666810401514791 0.1947547442476659
-0.5427106874732915 0.22506598283424803
-0.47179656516386326 0.22506598283424803
-0.4540680345865062 0.13413226707450165
-0.5072536263185774 0.13413226707450165
-0.5427106874732915 0.28568846000741227
-0.4363395040091491 0.34631093718057654
-0.3299683205450067 0.4069334143537408
-0.25905419823557846 0.3159996985939944
-0.25905419823557846 0.22506598283424803
-0.25905419823557846 0.1947547442476659
-0.27678272881293553 0.1947547442476659
-0.22359713708086432 0.2553772214208302
-0.22359713708086432 0.34631093718057654
-0.134954484194079 0.3159996985939944
-0.134954484194079 0.16444350566108376
-0.09949742303936485 0.04319855131475525
-0.09949742303936485 0.04319855131475525
-0.08176889246200779 0.22506598283424803
-0.010854770152579518 0.3766221757671587
0.04233082157949168 0.3766221757671587
0.07778788273420581 0.34631093718057654
0.11324494388891995 0.10382102848791952
0.1841590661983482 0.10382102848791952
0.1841590661983482 0.13413226707450165
0.14870200504363407 0.22506598283424803
0.23734465793041942 0.28568846000741227
0.2905302496624906 0.22506598283424803
0.3437158413945618 0.07350978990133739
0.36144437197191887 0.07350978990133739
0.4678155554360613 0.16444350566108376
0.5919152694775607 0.16444350566108376
0.662829391786989 0.10382102848791952
0.7514720446737744 0.012887312728173124
0.7514720446737744 -0.10835764161815539
0.8223861669832025 -0.04773516444499114
0.8578432281379167 0.10382102848791952
0.9996714727567733 0.10382102848791952
1.0351285339114873 0.10382102848791952
1.0705855950662015 -0.017423925858409007
1.0883141256435587 -0.22960259596448393
1.0705855950662015 -0.16898011879131966
1.1237711867982727 0.012887312728173124
1.1414997173756298 0.07350978990133739
1.2124138396850581 -0.017423925858409007
1.230142370262415 -0.07804640303157327
1.1769567785303439 -0.10835764161815539
1.2124138396850581 -0.16898011879131966
1.2655994314171293 -0.04773516444499114
1.3010564925718433 -0.017423925858409007
1.2655994314171293 -0.017423925858409007
1.2124138396850581 -0.07804640303157327
1.1060426562209156 -0.13866888020473753
1.0174000033341304 0.04319855131475525
0.9464858810247021 0.13413226707450165
0.911028819869988 0.16444350566108376
0.8933002892926308 0.1947547442476659
0.7692005752511314 0.10382102848791952
0.662829391786989 0.07350978990133739
0.6096438000549178 0.07350978990133739
0.5741867389002037 0.22506598283424803
0.5210011471681325 0.22506598283424803
0.43235849428134715 0.2553772214208302
0.3259873108172047 0.22506598283424803
0.1841590661983482 0.22506598283424803
0.11324494388891995 0.3159996985939944
0.024602291002134614 0.2553772214208302
-0.010854770152579518 0.34631093718057654
-0.028583300729936582 0.3766221757671587
-0.1704115453487931 0.28568846000741227
-0.2413256676582214 0.28568846000741227
-0.3122397899676496 0.34631093718057654
-0.27678272881293553 0.4675558915269051
-0.27678272881293553 0.5281783687000693
-0.25905419823557846 0.43724465294032294
-0.3122397899676496 0.4069334143537408
-0.3831539122770779 0.2553772214208302
-0.34769685112236376 0.2553772214208302
-0.3831539122770779 0.3766221757671587
-0.3122397899676496 0.4675558915269051
-0.34769685112236376 0.34631093718057654
-0.41861097343179204 0.28568846000741227
-0.4363395040091491 0.1947547442476659
-0.47179656516386326 0.2553772214208302
-0.4363395040091491 0.34631093718057654
-0.4363395040091491 0.43724465294032294
-0.4363395040091491 0.3766221757671587
-0.4540680345865062 0.3159996985939944
-0.48952509574122033 0.1947547442476659
-0.47179656516386326 0.3159996985939944
-0.41861097343179204 0.28568846000741227
-0.41861097343179204 0.4069334143537408
-0.4363395040091491 0.4069334143537408
-0.41861097343179204 0.28568846000741227
-0.4363395040091491 0.1947547442476659
-0.48952509574122033 0.34631093718057654
-0.4363395040091491 0.4069334143537408
-0.36542538169972083 0.4978671301134872
-0.2945112593902926 0.43724465294032294
-0.3122397899676496 0.4675558915269051
-0.3831539122770779 0.43724465294032294
-0.36542538169972083 0.3766221757671587
-0.3122397899676496 0.4675558915269051
-0.27678272881293553 0.5584896072866514
-0.18814007592615017 0.4978671301134872
-0.2413256676582214 0.43724465294032294
-0.25905419823557846 0.4069334143537408
-0.2413256676582214 0.43724465294032294
-0.18814007592615017 0.5888008458732336
-0.1704115453487931 0.5888008458732336
-0.09949742303936485 0.5584896072866514
-0.08176889246200779 0.4978671301134872
-0.134954484194079 0.22506598283424803
-0.20586860650350725 0.16444350566108376
-0.27678272881293553 0.28568846000741227
-0.2945112593902926 0.34631093718057654
-0.22359713708086432 0.22506598283424803
-0.27678272881293553 0.16444350566108376
-0.400882442854435 0.04319855131475525
-0.47179656516386326 0.10382102848791952
-0.47179656516386326 0.2553772214208302
-0.47179656516386326 0.22506598283424803
-0.47179656516386326 0.2553772214208302
-0.5072536263185774 0.16444350566108376
-0.5072536263185774 0.10382102848791952
-0.47179656516386326 0.13413226707450165
-0.4540680345865062 0.34631093718057654
-0.5249821568959344 0.3159996985939944
-0.5249821568959344 0.3766221757671587
-0.5427106874732915 0.2553772214208302
-0.5781677486280057 0.22506598283424803
-0.5958962792053627 0.28568846000741227
-0.5604392180506486 0.34631093718057654
-0.5427106874732915 0.3766221757671587
-0.5249821568959344 0.3159996985939944
-0.5427106874732915 0.28568846000741227
-0.6136248097827197 0.13413226707450165
-0.6490818709374339 0.13413226707450165
-0.5958962792053627 0.3159996985939944
-0.6136248097827197 0.3766221757671587
-0.48952509574122033 0.28568846000741227
-0.48952509574122033 0.13413226707450165
-0.5072536263185774 0.1947547442476659
-0.5781677486280057 0.1947547442476659
-0.5781677486280057 0.4069334143537408
-0.5249821568959344 0.43724465294032294
-0.47179656516386326 0.34631093718057654
-0.5427106874732915 0.22506598283424803
-0.6313533403600768 0.13413226707450165
-0.5958962792053627 0.2553772214208302
-0.5249821568959344 0.28568846000741227
-0.5072536263185774 0.3159996985939944
-0.47179656516386326 0.28568846000741227
-0.5072536263185774 0.2553772214208302
-0.5781677486280057 0.2553772214208302
-0.6136248097827197 0.22506598283424803
-0.5249821568959344 0.3159996985939944
-0.4540680345865062 0.3159996985939944
-0.41861097343179204 0.2553772214208302
-0.48952509574122033 0.16444350566108376
-0.5604392180506486 0.16444350566108376
-0.6136248097827197 0.2553772214208302
-0.666810401514791 0.34631093718057654
-0.6313533403600768 0.6494233230463978
-0.4540680345865062 0.6494233230463978
-0.08176889246200779 0.5584896072866514
0.5387296777454895 0.16444350566108376
1.159228247952987 -0.22960259596448393
1.8860980016246265 -0.472092504657141
2.542053632986838 -0.8358273676961265
3.07390955030755 -1.2601847079082764
3.322108978390549 -1.8664094796399189
3.07390955030755 -2.1998331040923222
2.4179539189453387 -2.2604555812654867
1.6733556346963419 -2.2301443426789045
0.8578432281379167 -2.048276911159412
-0.2945112593902926 -1.8057870024667546
-1.5355083998052872 -1.5329858551875155
-2.492849050982569 -1.2904959464948584
-2.9006052542617815 -0.9570723220424551
-2.6878628873334964 -0.502403743243723
-2.1382784394354273 -0.04773516444499114
-1.730522236156215 0.16444350566108376
-1.464594277495859 0.2553772214208302
-1.251851910567574 0.04319855131475525
-1.0036524824845752 0.13413226707450165
-0.7731815849789334 0.1947547442476659
-0.5958962792053627 0.2553772214208302
-0.5427106874732915 0.1947547442476659
-0.5072536263185774 0.16444350566108376
-0.5072536263185774 0.04319855131475525
-0.5072536263185774 0.16444350566108376
-0.4540680345865062 0.34631093718057654
-0.34769685112236376 0.43724465294032294
-0.2945112593902926 0.34631093718057654
-0.25905419823557846 0.13413226707450165
-0.36542538169972083 0.16444350566108376
-0.34769685112236376 0.2553772214208302
-0.34769685112236376 0.3159996985939944
-0.2413256676582214 0.3766221757671587
-0.2413256676582214 0.2553772214208302
-0.25905419823557846 0.13413226707450165
-0.22359713708086432 0.13413226707450165
-0.20586860650350725 0.07350978990133739
-0.11722595361672192 0.22506598283424803
-0.04631183130729365 0.28568846000741227
-0.010854770152579518 0.3159996985939944
0.006873760424777549 0.28568846000741227
-0.010854770152579518 0.07350978990133739
0.04233082157949168 0.07350978990133739
0.16643053562099114 0.1947547442476659
0.23734465793041942 0.22506598283424803
0.36144437197191887 0.10382102848791952
0.37917290254927594 0.04319855131475525
0.37917290254927594 -0.04773516444499114
0.4146299637039901 -0.017423925858409007
0.5032726165907754 0.10382102848791952
0.6096438000549178 0.13413226707450165
0.7160149835190602 0.04319855131475525
0.6982864529417031 -0.07804640303157327
0.6982864529417031 -0.13866888020473753
0.7514720446737744 -0.16898011879131966
0.8755717587152738 -0.13866888020473753
0.9642144116020591 -0.017423925858409007
0.9642144116020591 -0.04773516444499114
0.9819429421794161 -0.16898011879131966
1.0174000033341304 -0.10835764161815539
0.928757350447345 -0.13866888020473753
0.9996714727567733 -0.10835764161815539
1.0528570644888444 -0.07804640303157327
1.1414997173756298 -0.07804640303157327
1.1414997173756298 -0.16898011879131966
1.1060426562209156 -0.22960259596448393
1.1060426562209156 -0.13866888020473753
1.0883141256435587 -0.10835764161815539
1.0528570644888444 -0.017423925858409007
1.0705855950662015 -0.07804640303157327
1.0174000033341304 -0.10835764161815539
0.9464858810247021 -0.10835764161815539
0.8046576364058455 -0.04773516444499114
0.7160149835190602 0.04319855131475525
0.662829391786989 0.13413226707450165
0.6096438000549178 0.22506598283424803
0.396901433126633 0.07350978990133739
0.30825878023984765 0.07350978990133739
0.21961612735306235 0.13413226707450165
0.14870200504363407 0.28568846000741227
0.13097347446627702 0.34631093718057654
0.09551641331156288 0.3159996985939944
0.006873760424777549 0.2553772214208302
-0.09949742303936485 0.10382102848791952
-0.1704115453487931 0.1947547442476659
-0.2413256676582214 0.34631093718057654
-0.27678272881293553 0.3766221757671587
-0.3122397899676496 0.3159996985939944
-0.34769685112236376 0.2553772214208302
-0.400882442854435 0.28568846000741227
-0.41861097343179204 0.22506598283424803
-0.400882442854435 0.3159996985939944
-0.3831539122770779 0.43724465294032294
-0.3831539122770779 0.3766221757671587
-0.41861097343179204 0.3159996985939944
-0.4363395040091491 0.3159996985939944
-0.4540680345865062 0.28568846000741227
-0.48952509574122033 0.3766221757671587
-0.4540680345865062 0.4069334143537408
-0.47179656516386326 0.34631093718057654
-0.5604392180506486 0.2553772214208302
-0.5781677486280057 0.1947547442476659
-0.5958962792053627 0.1947547442476659
-0.5781677486280057 0.28568846000741227
-0.5427106874732915 0.34631093718057654
-0.5249821568959344 0.43724465294032294
-0.5604392180506486 0.28568846000741227
-0.6313533403600768 0.1947547442476659
-0.6490818709374339 0.2553772214208302
-0.6136248097827197 0.34631093718057654
-0.5072536263185774 0.4069334143537408
-0.4363395040091491 0.43724465294032294
-0.47179656516386326 0.2553772214208302
-0.5427106874732915 0.2553772214208302
-0.5781677486280057 0.22506598283424803
-0.5427106874732915 0.3766221757671587
-0.47179656516386326 0.4978671301134872
-0.41861097343179204 0.4675558915269051
-0.47179656516386326 0.3159996985939944
-0.4540680345865062 0.3159996985939944
-0.4363395040091491 0.3766221757671587
-0.3831539122770779 0.4978671301134872
-0.3299683205450067 0.6494233230463978
-0.2945112593902926 0.5584896072866514
-0.2945112593902926 0.3766221757671587
-0.34769685112236376 0.2553772214208302
-0.3122397899676496 0.3766221757671587
-0.27678272881293553 0.4978671301134872
-0.20586860650350725 0.5281783687000693
-0.1704115453487931 0.4978671301134872
-0.18814007592615017 0.4069334143537408
-0.2413256676582214 0.16444350566108376
-0.3299683205450067 0.10382102848791952
-0.36542538169972083 0.13413226707450165
-0.2945112593902926 0.2553772214208302
-0.3122397899676496 0.1947547442476659
-0.3831539122770779 0.07350978990133739
-0.47179656516386326 -0.017423925858409007
-0.5427106874732915 0.07350978990133739
-0.5604392180506486 0.13413226707450165
-0.5427106874732915 0.16444350566108376
-0.5072536263185774 0.10382102848791952
-0.48952509574122033 0.04319855131475525
-0.5604392180506486 0.04319855131475525
-0.6313533403600768 0.07350978990133739
-0.6136248097827197 0.13413226707450165
-0.6313533403600768 0.2553772214208302
-0.6136248097827197 0.1947547442476659
-0.6313533403600768 0.10382102848791952
-0.6490818709374339 -0.04773516444499114
-0.7377245238242193 0.07350978990133739
-0.7022674626695051 0.1947547442476659
-0.6490818709374339 0.34631093718057654
-0.6136248097827197 0.2553772214208302
-0.7554530544015763 0.16444350566108376
-0.7199959932468621 0.07350978990133739
-0.7554530544015763 0.10382102848791952
-0.7022674626695051 0.1947547442476659
-0.6490818709374339 0.3159996985939944
-0.6136248097827197 0.22506598283424803
-0.6313533403600768 0.1947547442476659
-0.7022674626695051 0.16444350566108376
-0.684538932092148 0.13413226707450165
-0.684538932092148 0.22506598283424803
-0.6136248097827197 0.3159996985939944
-0.5427106874732915 0.22506598283424803
-0.5958962792053627 0.10382102848791952
-0.6313533403600768 0.10382102848791952
-0.684538932092148 0.07350978990133739
-0.6490818709374339 0.16444350566108376
-0.6136248097827197 0.2553772214208302
-0.5604392180506486 0.13413226707450165
-0.5781677486280057 0.07350978990133739
-0.6313533403600768 0.04319855131475525
-0.666810401514791 0.04319855131475525
-0.6313533403600768 0.1947547442476659
-0.5604392180506486 0.1947547442476659
-0.5604392180506486 0.22506598283424803
-0.6313533403600768 0.1947547442476659
-0.7199959932468621 0.22506598283424803
-0.7199959932468621 0.34631093718057654
-0.5249821568959344 0.4978671301134872
-0.1704115453487931 0.4069334143537408
0.3437158413945618 0.04319855131475525
0.8578432281379167 -0.35084755031081244
1.3365135537265576 -0.8055161291095444
1.8506409404699125 -1.0480060378022014
2.4179539189453387 -1.2904959464948584
2.825710122224551 -1.684542048120426
2.9675383668434074 -2.048276911159412
2.5597821635641953 -2.1998331040923222
2.0279262462434833 -2.321078058438651
1.3542420843039147 -2.1695218655057404
0.4146299637039901 -1.8967207182265011
-0.7199959932468621 -1.5936083323606798
-1.8014363584656432 -1.381429662254605
-2.652405826178782 -1.16925099214853
-2.9892479071485667 -1.0176947992156193
-2.7233199484882107 -0.714582413349798
-2.1914640311674987 -0.3205363117242303
-1.8191648890430003 -0.07804640303157327
-1.51777986922793 -0.017423925858409007
-1.2695804411449312 -0.07804640303157327
-1.0391095436392894 -0.13866888020473753
-0.8440957072883616 -0.16898011879131966
-0.7199959932468621 -0.07804640303157327
-0.6313533403600768 -0.13866888020473753
-0.5604392180506486 -0.04773516444499114
-0.5604392180506486 -0.1992913573779018
-0.5781677486280057 -0.1992913573779018
-0.5427106874732915 -0.017423925858409007
-0.5604392180506486 0.07350978990133739
-0.47179656516386326 0.07350978990133739
-0.41861097343179204 0.012887312728173124
-0.47179656516386326 -0.10835764161815539
-0.48952509574122033 -0.10835764161815539
-0.4363395040091491 -0.07804640303157327
-0.34769685112236376 -0.10835764161815539
-0.2945112593902926 -0.04773516444499114
-0.25905419823557846 0.012887312728173124
-0.2945112593902926 -0.07804640303157327
-0.2945112593902926 -0.16898011879131966
-0.2413256676582214 -0.16898011879131966
-0.15268301477143606 -0.07804640303157327
-0.028583300729936582 0.04319855131475525
-0.028583300729936582 -0.07804640303157327
-0.028583300729936582 -0.22960259596448393
-0.04631183130729365 -0.25991383455106604
-0.04631183130729365 -0.13866888020473753
0.09551641331156288 -0.16898011879131966
0.20188759677570528 -0.07804640303157327
0.2905302496624906 -0.16898011879131966
0.36144437197191887 -0.29022507313764817
0.3437158413945618 -0.35084755031081244
0.396901433126633 -0.29022507313764817
0.4855440860134183 -0.22960259596448393
0.5741867389002037 -0.16898011879131966
0.6982864529417031 -0.25991383455106604
0.7160149835190602 -0.3811587888973946
0.6805579223643461 -0.502403743243723
0.7869291058284884 -0.5630262204168873
0.8401146975605597 -0.3811587888973946
0.911028819869988 -0.3205363117242303
0.9464858810247021 -0.25991383455106604
0.9642144116020591 -0.472092504657141
0.9464858810247021 -0.5630262204168873
0.9464858810247021 -0.502403743243723
1.0174000033341304 -0.3205363117242303
0.9996714727567733 -0.3205363117242303
1.0174000033341304 -0.3811587888973946
1.0351285339114873 -0.44178126607055884
1.0174000033341304 -0.6236486975900516
0.9642144116020591 -0.5327149818303052
1.0174000033341304 -0.44178126607055884
1.0705855950662015 -0.35084755031081244
1.0351285339114873 -0.3811587888973946
0.9464858810247021 -0.29022507313764817
0.8223861669832025 -0.44178126607055884
0.7514720446737744 -0.3811587888973946
0.7337435140964172 -0.35084755031081244
0.6805579223643461 -0.13866888020473753
0.662829391786989 -0.1992913573779018
0.5387296777454895 -0.25991383455106604
0.37917290254927594 -0.29022507313764817
0.30825878023984765 -0.29022507313764817
0.2550731885077765 -0.13866888020473753
0.20188759677570528 -0.10835764161815539
0.1841590661983482 -0.04773516444499114
0.07778788273420581 -0.16898011879131966
-0.028583300729936582 -0.22960259596448393
-0.08176889246200779 -0.07804640303157327
-0.1704115453487931 0.012887312728173124
-0.15268301477143606 0.07350978990133739
-0.15268301477143606 0.04319855131475525
-0.25905419823557846 -0.07804640303157327
-0.400882442854435 -0.16898011879131966
-0.41861097343179204 -0.07804640303157327
-0.4363395040091491 0.04319855131475525
-0.400882442854435 0.10382102848791952
-0.41861097343179204 0.07350978990133739
-0.41861097343179204 -0.04773516444499114
-0.5072536263185774 -0.10835764161815539
-0.5427106874732915 -0.04773516444499114
-0.5427106874732915 -0.017423925858409007
-0.5249821568959344 0.10382102848791952
-0.47179656516386326 0.10382102848791952
-0.47179656516386326 -0.04773516444499114
-0.5604392180506486 -0.16898011879131966
-0.5604392180506486 -0.13866888020473753
-0.5427106874732915 -0.017423925858409007
-0.48952509574122033 0.012887312728173124
-0.5072536263185774 -0.017423925858409007
-0.48952509574122033 -0.10835764161815539
-0.5604392180506486 -0.1992913573779018
-0.5249821568959344 -0.07804640303157327
-0.5427106874732915 -0.04773516444499114
-0.4540680345865062 0.012887312728173124
-0.4540680345865062 0.04319855131475525
-0.4540680345865062 -0.04773516444499114
-0.48952509574122033 -0.1992913573779018
-0.5072536263185774 -0.017423925858409007
-0.4540680345865062 0.04319855131475525
-0.41861097343179204 0.1947547442476659
-0.34769685112236376 0.16444350566108376
-0.3299683205450067 0.04319855131475525
-0.41861097343179204 0.012887312728173124
-0.41861097343179204 0.04319855131475525
-0.400882442854435 0.13413226707450165
-0.3299683205450067 0.22506598283424803
-0.3299683205450067 0.16444350566108376
-0.2945112593902926 0.10382102848791952
-0.36542538169972083 0.04319855131475525
-0.3122397899676496 0.04319855131475525
-0.20586860650350725 0.13413226707450165
-0.09949742303936485 0.16444350566108376
-0.028583300729936582 0.13413226707450165
-0.04631183130729365 -0.017423925858409007
-0.11722595361672192 -0.1992913573779018
-0.22359713708086432 -0.1992913573779018
-0.27678272881293553 -0.25991383455106604
-0.22359713708086432 -0.13866888020473753
-0.3299683205450067 -0.16898011879131966
-0.3299683205450067 -0.35084755031081244
-0.34769685112236376 -0.4114700274839767
-0.36542538169972083 -0.472092504657141
-0.3831539122770779 -0.3811587888973946
-0.36542538169972083 -0.35084755031081244
-0.400882442854435 -0.35084755031081244
-0.400882442854435 -0.4114700274839767
-0.4363395040091491 -0.3811587888973946
-0.47179656516386326 -0.3205363117242303
-0.4363395040091491 -0.29022507313764817
-0.4363395040091491 -0.1992913573779018
-0.4540680345865062 -0.29022507313764817
-0.5427106874732915 -0.3811587888973946
-0.6136248097827197 -0.44178126607055884
-0.6490818709374339 -0.502403743243723
-0.5958962792053627 -0.25991383455106604
-0.5604392180506486 -0.3205363117242303
-0.48952509574122033 -0.29022507313764817
-0.48952509574122033 -0.29022507313764817
-0.5249821568959344 -0.502403743243723
-0.5604392180506486 -0.4114700274839767
-0.5781677486280057 -0.35084755031081244
-0.5249821568959344 -0.22960259596448393
-0.5249821568959344 -0.29022507313764817
-0.5427106874732915 -0.35084755031081244
-0.6313533403600768 -0.472092504657141
-0.6136248097827197 -0.502403743243723
-0.5958962792053627 -0.3811587888973946
-0.5427106874732915 -0.25991383455106604
-0.5427106874732915 -0.25991383455106604
-0.5781677486280057 -0.3811587888973946
-0.5604392180506486 -0.3811587888973946
-0.5958962792053627 -0.4114700274839767
-0.5604392180506486 -0.3205363117242303
-0.5072536263185774 -0.29022507313764817
-0.5072536263185774 -0.22960259596448393
-0.5249821568959344 -0.44178126607055884
-0.5427106874732915 -0.502403743243723
-0.5604392180506486 -0.5327149818303052
-0.5072536263185774 -0.44178126607055884
-0.5249821568959344 -0.3811587888973946
-0.5427106874732915 -0.4114700274839767
-0.5958962792053627 -0.4114700274839767
-0.684538932092148 -0.5630262204168873
-0.666810401514791 -0.5630262204168873
-0.5958962792053627 -0.44178126607055884
-0.5958962792053627 -0.25991383455106604
-0.5781677486280057 -0.25991383455106604
-0.6490818709374339 -0.25991383455106604
-0.6136248097827197 -0.3205363117242303
-0.47179656516386326 -0.16898011879131966
-0.08176889246200779 -0.22960259596448393
0.396901433126633 -0.35084755031081244
0.928757350447345 -0.714582413349798
1.496070328922771 -1.0480060378022014
2.04565477682084 -1.411740900841187
2.595239224718909 -1.5936083323606798
3.038452489152836 -1.9270319568130831
3.357566039545263 -2.1695218655057404
3.304380447813192 -2.6241904443044723
2.77252453049248 -2.8666803529971294
2.081111837975554 -2.9576140687568757
1.3719706148812716 -2.9273028301702935
0.3437158413945618 -2.563567967131308
-0.8086386461336474 -2.139210626919158
-1.8723504807750715 -1.9270319568130831
-2.6701343567561393 -1.7754757638801726
-2.8651481931070673 -1.5936083323606798
-2.510577581559926 -1.0783172763887836
-2.031907255971285 -0.7448936519363801
-1.6241510526920726 -0.472092504657141
-1.3404945634543595 -0.502403743243723
-1.0745666047940035 -0.6236486975900516
-0.9150098295977899 -0.5933374590034695
-0.7731815849789334 -0.6236486975900516
-0.684538932092148 -0.472092504657141
-0.5781677486280057 -0.4114700274839767
-0.48952509574122033 -0.3811587888973946
-0.4363395040091491 -0.5630262204168873
-0.5072536263185774 -0.5630262204168873
-0.48952509574122033 -0.5327149818303052
-0.48952509574122033 -0.502403743243723
-0.4540680345865062 -0.35084755031081244
-0.400882442854435 -0.4114700274839767
-0.36542538169972083 -0.472092504657141
-0.4363395040091491 -0.5630262204168873
-0.400882442854435 -0.5933374590034695
-0.3299683205450067 -0.502403743243723
-0.27678272881293553 -0.4114700274839767
-0.1704115453487931 -0.472092504657141
-0.1704115453487931 -0.5327149818303052
-0.18814007592615017 -0.6236486975900516
-0.18814007592615017 -0.6236486975900516
-0.134954484194079 -0.502403743243723
-0.04631183130729365 -0.3811587888973946
0.006873760424777549 -0.502403743243723
0.024602291002134614 -0.5630262204168873
-0.010854770152579518 -0.6236486975900516
0.006873760424777549 -0.5933374590034695
0.04233082157949168 -0.44178126607055884
0.11324494388891995 -0.35084755031081244
0.21961612735306235 -0.472092504657141
0.2905302496624906 -0.5933374590034695
0.2905302496624906 -0.714582413349798
0.37917290254927594 -0.7752048905229623
0.4500870248587042 -0.7448936519363801
0.5210011471681325 -0.6236486975900516
0.5741867389002037 -0.6539599361766337
0.5741867389002037 -0.714582413349798
0.6096438000549178 -0.8055161291095444
0.6096438000549178 -0.8358273676961265
0.6982864529417031 -0.7752048905229623
0.8046576364058455 -0.714582413349798
0.911028819869988 -0.6842711747632159
0.8755717587152738 -0.8661386062827087
0.8401146975605597 -0.8055161291095444
0.8046576364058455 -0.8055161291095444
0.8578432281379167 -0.7752048905229623
0.9642144116020591 -0.714582413349798
1.0174000033341304 -0.714582413349798
1.0705855950662015 -0.8055161291095444
1.0528570644888444 -0.9570723220424551
1.0174000033341304 -0.8964498448692908
1.0351285339114873 -0.8964498448692908
1.0351285339114873 -0.6842711747632159
1.0174000033341304 -0.7448936519363801
0.9464858810247021 -0.8358273676961265
0.928757350447345 -0.8661386062827087
0.8578432281379167 -0.9267610834558729
0.8933002892926308 -0.7448936519363801
0.8755717587152738 -0.6236486975900516
0.8401146975605597 -0.6539599361766337
0.7337435140964172 -0.6842711747632159
0.645100861209632 -0.714582413349798
0.5387296777454895 -0.7752048905229623
0.5032726165907754 -0.5630262204168873
0.4678155554360613 -0.502403743243723
0.43235849428134715 -0.5933374590034695
0.2550731885077765 -0.6539599361766337
0.07778788273420581 -0.6236486975900516
-0.04631183130729365 -0.6236486975900516
-0.08176889246200779 -0.5327149818303052
-0.06404036188465072 -0.3811587888973946
-0.11722595361672192 -0.502403743243723
-0.20586860650350725 -0.5933374590034695
-0.2945112593902926 -0.5630262204168873
-0.34769685112236376 -0.5327149818303052
-0.34769685112236376 -0.502403743243723
-0.2945112593902926 -0.35084755031081244
-0.34769685112236376 -0.3205363117242303
-0.36542538169972083 -0.502403743243723
-0.400882442854435 -0.44178126607055884
-0.47179656516386326 -0.472092504657141
-0.4363395040091491 -0.472092504657141
-0.47179656516386326 -0.44178126607055884
-0.4540680345865062 -0.502403743243723
-0.5072536263185774 -0.6236486975900516
-0.5781677486280057 -0.6236486975900516
-0.6313533403600768 -0.5933374590034695
-0.5781677486280057 -0.4114700274839767
-0.5072536263185774 -0.29022507313764817
-0.47179656516386326 -0.4114700274839767
-0.5249821568959344 -0.502403743243723
-0.5604392180506486 -0.5933374590034695
-0.5781677486280057 -0.5327149818303052
-0.5781677486280057 -0.35084755031081244
-0.5604392180506486 -0.35084755031081244
-0.5427106874732915 -0.4114700274839767
-0.5249821568959344 -0.5327149818303052
-0.5604392180506486 -0.472092504657141
-0.6313533403600768 -0.5630262204168873
-0.5604392180506486 -0.3811587888973946
-0.5604392180506486 -0.44178126607055884
-0.5604392180506486 -0.472092504657141
-0.5604392180506486 -0.4114700274839767
-0.5427106874732915 -0.5933374590034695
-0.5072536263185774 -0.472092504657141
-0.4540680345865062 -0.29022507313764817
-0.41861097343179204 -0.1992913573779018
-0.400882442854435 -0.25991383455106604
-0.48952509574122033 -0.25991383455106604
-0.5072536263185774 -0.35084755031081244
-0.5072536263185774 -0.1992913573779018
-0.4540680345865062 -0.13866888020473753
-0.3299683205450067 -0.13866888020473753
-0.27678272881293553 -0.13866888020473753
-0.27678272881293553 -0.22960259596448393
-0.25905419823557846 -0.3811587888973946
-0.27678272881293553 -0.3205363117242303
-0.20586860650350725 -0.29022507313764817
-0.11722595361672192 -0.16898011879131966
-0.1704115453487931 -0.3811587888973946
-0.25905419823557846 -0.5327149818303052
-0.36542538169972083 -0.6236486975900516
-0.34769685112236376 -0.5933374590034695
-0.34769685112236376 -0.5327149818303052
-0.2945112593902926 -0.44178126607055884
-0.34769685112236376 -0.5630262204168873
-0.41861097343179204 -0.6539599361766337
-0.5249821568959344 -0.714582413349798
-0.5604392180506486 -0.7448936519363801
-0.5249821568959344 -0.6539599361766337
-0.4363395040091491 -0.5327149818303052
-0.41861097343179204 -0.5933374590034695
-0.400882442854435 -0.5327149818303052
-0.4363395040091491 -0.6236486975900516
-0.5249821568959344 -0.5630262204168873
-0.5604392180506486 -0.44178126607055884
-0.5072536263185774 -0.44178126607055884
-0.48952509574122033 -0.502403743243723
-0.5249821568959344 -0.6236486975900516
-0.5604392180506486 -0.714582413349798
-0.6490818709374339 -0.714582413349798
-0.6490818709374339 -0.6539599361766337
-0.5958962792053627 -0.502403743243723
-0.5604392180506486 -0.472092504657141
-0.5781677486280057 -0.6842711747632159
-0.6136248097827197 -0.6842711747632159
-0.666810401514791 -0.7448936519363801
-0.5958962792053627 -0.5630262204168873
-0.5427106874732915 -0.472092504657141
-0.5427106874732915 -0.472092504657141
-0.5604392180506486 -0.5327149818303052
-0.5958962792053627 -0.6539599361766337
-0.6313533403600768 -0.6236486975900516
-0.5958962792053627 -0.502403743243723
-0.5604392180506486 -0.44178126607055884
-0.5781677486280057 -0.44178126607055884
-0.6313533403600768 -0.502403743243723
-0.6313533403600768 -0.6842711747632159
-0.5604392180506486 -0.5933374590034695
-0.5604392180506486 -0.472092504657141
-0.48952509574122033 -0.472092504657141
-0.5958962792053627 -0.44178126607055884
-0.5781677486280057 -0.502403743243723
-0.684538932092148 -0.502403743243723
-0.684538932092148 -0.5327149818303052
-0.684538932092148 -0.502403743243723
-0.5958962792053627 -0.4114700274839767
-0.5781677486280057 -0.502403743243723
-0.5781677486280057 -0.5327149818303052
-0.5781677486280057 -0.5630262204168873
-0.666810401514791 -0.6236486975900516
-0.6136248097827197 -0.5327149818303052
-0.5427106874732915 -0.44178126607055884
-0.5427106874732915 -0.5327149818303052
-0.5958962792053627 -0.5327149818303052
-0.666810401514791 -0.5630262204168873
-0.7199959932468621 -0.472092504657141
-0.666810401514791 -0.22960259596448393
-0.4363395040091491 -0.07804640303157327
-0.134954484194079 -0.10835764161815539
0.30825878023984765 -0.44178126607055884
0.7692005752511314 -0.714582413349798
1.2478709008397721 -1.0176947992156193
1.761998287583127 -1.16925099214853
2.3470397966359102 -1.411740900841187
2.9143527751113365 -1.8057870024667546
3.2334663255037634 -2.2604555812654867
3.339837508967906 -2.6848129214776364
3.07390955030755 -2.9273028301702935
2.488868041254767 -3.0788590231032043
1.9215550627793407 -3.1394815002763683
1.2478709008397721 -3.0788590231032043
0.21961612735306235 -2.8969915915837112
-1.0213810130619323 -2.59387920571789
-2.1028213782807135 -2.321078058438651
-2.758777009642925 -1.9876544339862474
-2.8651481931070673 -1.654230809533844
-2.510577581559926 -1.1995622307351121
-2.0850928477033563 -0.8661386062827087
-1.748250766733572 -0.7752048905229623
-1.51777986922793 -0.6236486975900516
-1.21639484941286 -0.5933374590034695
-1.0391095436392894 -0.5327149818303052
-0.7731815849789334 -0.502403743243723
-0.7554530544015763 -0.5933374590034695
-0.684538932092148 -0.6236486975900516
-0.684538932092148 -0.6236486975900516
-0.6490818709374339 -0.5933374590034695
-0.5427106874732915 -0.5327149818303052
-0.5072536263185774 -0.5630262204168873
-0.5249821568959344 -0.5327149818303052
-0.5072536263185774 -0.5933374590034695
-0.5072536263185774 -0.502403743243723
-0.47179656516386326 -0.4114700274839767
-0.41861097343179204 -0.3205363117242303
-0.3299683205450067 -0.44178126607055884
-0.3299683205450067 -0.6236486975900516
-0.3299683205450067 -0.6539599361766337
-0.3831539122770779 -0.714582413349798
-0.34769685112236376 -0.502403743243723
-0.27678272881293553 -0.502403743243723
-0.22359713708086432 -0.5933374590034695
-0.22359713708086432 -0.6539599361766337
-0.20586860650350725 -0.6539599361766337
-0.27678272881293553 -0.6539599361766337
-0.18814007592615017 -0.5630262204168873
-0.11722595361672192 -0.5630262204168873
-0.028583300729936582 -0.5327149818303052
-0.028583300729936582 -0.6236486975900516
0.006873760424777549 -0.6539599361766337
0.006873760424777549 -0.6539599361766337
0.09551641331156288 -0.5933374590034695
0.13097347446627702 -0.5327149818303052
0.1841590661983482 -0.5933374590034695
0.20188759677570528 -0.6236486975900516
0.23734465793041942 -0.6842711747632159
0.27280171908513356 -0.6842711747632159
0.3259873108172047 -0.6539599361766337
0.4678155554360613 -0.6539599361766337
0.5210011471681325 -0.6236486975900516
0.5564582083228466 -0.6842711747632159
0.5741867389002037 -0.8055161291095444
0.5741867389002037 -0.8055161291095444
0.6805579223643461 -0.6539599361766337
0.7869291058284884 -0.714582413349798
0.8401146975605597 -0.7752048905229623
0.8401146975605597 -0.8358273676961265
0.8755717587152738 -0.9267610834558729
0.8578432281379167 -0.9570723220424551
0.8933002892926308 -0.8358273676961265
0.9464858810247021 -0.7448936519363801
1.0174000033341304 -0.8661386062827087
1.0174000033341304 -0.8055161291095444
1.0351285339114873 -0.8964498448692908
1.0174000033341304 -0.8964498448692908
1.0528570644888444 -0.8358273676961265
1.0705855950662015 -0.7448936519363801
1.1060426562209156 -0.8964498448692908
1.0883141256435587 -0.8964498448692908
1.0705855950662015 -0.9267610834558729
1.0174000033341304 -0.8661386062827087
0.9996714727567733 -0.8055161291095444
1.0174000033341304 -0.7752048905229623
0.9819429421794161 -0.714582413349798
0.928757350447345 -0.7448936519363801
0.8046576364058455 -0.8358273676961265
0.6982864529417031 -0.7752048905229623
0.7160149835190602 -0.6236486975900516
0.662829391786989 -0.5327149818303052
0.645100861209632 -0.5630262204168873
0.4855440860134183 -0.714582413349798
0.396901433126633 -0.6539599361766337
0.30825878023984765 -0.5933374590034695
0.2550731885077765 -0.5630262204168873
0.20188759677570528 -0.3811587888973946
0.16643053562099114 -0.3811587888973946
0.024602291002134614 -0.44178126607055884
-0.06404036188465072 -0.502403743243723
-0.11722595361672192 -0.44178126607055884
-0.15268301477143606 -0.35084755031081244
-0.15268301477143606 -0.22960259596448393
-0.25905419823557846 -0.35084755031081244
-0.3299683205450067 -0.4114700274839767
-0.400882442854435 -0.472092504657141
-0.4363395040091491 -0.4114700274839767
-0.47179656516386326 -0.3205363117242303
-0.4540680345865062 -0.16898011879131966
-0.400882442854435 -0.22960259596448393
-0.41861097343179204 -0.29022507313764817
-0.47179656516386326 -0.4114700274839767
-0.5072536263185774 -0.3811587888973946
-0.5072536263185774 -0.3205363117242303
-0.4540680345865062 -0.1992913573779018
-0.4363395040091491 -0.25991383455106604
-0.48952509574122033 -0.25991383455106604
-0.5072536263185774 -0.35084755031081244
-0.5427106874732915 -0.44178126607055884
-0.5249821568959344 -0.1992913573779018
-0.5249821568959344 -0.10835764161815539
-0.5249821568959344 -0.1992913573779018
-0.5072536263185774 -0.3205363117242303
-0.5781677486280057 -0.3811587888973946
-0.5958962792053627 -0.3811587888973946
-0.5604392180506486 -0.35084755031081244
-0.48952509574122033 -0.16898011879131966
-0.5072536263185774 -0.16898011879131966
-0.5072536263185774 -0.22960259596448393
-0.5072536263185774 -0.3205363117242303
-0.5427106874732915 -0.29022507313764817
-0.5249821568959344 -0.29022507313764817
-0.48952509574122033 -0.16898011879131966
-0.48952509574122033 -0.25991383455106604
-0.5072536263185774 -0.25991383455106604
-0.5958962792053627 -0.3205363117242303
-0.5781677486280057 -0.35084755031081244
-0.5072536263185774 -0.16898011879131966
-0.41861097343179204 0.012887312728173124
-0.400882442854435 -0.16898011879131966
-0.3831539122770779 -0.13866888020473753
-0.41861097343179204 -0.16898011879131966
-0.4363395040091491 -0.10835764161815539
-0.400882442854435 0.04319855131475525
-0.3122397899676496 0.04319855131475525
-0.27678272881293553 0.012887312728173124
-0.27678272881293553 0.012887312728173124
-0.3122397899676496 -0.07804640303157327
-0.2413256676582214 -0.10835764161815539
-0.22359713708086432 -0.017423925858409007
-0.18814007592615017 -0.017423925858409007
-0.1704115453487931 0.04319855131475525
-0.134954484194079 -0.10835764161815539
-0.18814007592615017 -0.1992913573779018
-0.2413256676582214 -0.29022507313764817
-0.22359713708086432 -0.22960259596448393
-0.2413256676582214 -0.1992913573779018
-0.25905419823557846 -0.22960259596448393
-0.2413256676582214 -0.3811587888973946
-0.2945112593902926 -0.44178126607055884
-0.3299683205450067 -0.4114700274839767
-0.34769685112236376 -0.44178126607055884
-0.3831539122770779 -0.35084755031081244
-0.5072536263185774 -0.35084755031081244
-0.5072536263185774 -0.4114700274839767
-0.5249821568959344 -0.472092504657141
-0.5249821568959344 -0.44178126607055884
-0.5072536263185774 -0.25991383455106604
-0.47179656516386326 -0.1992913573779018
-0.48952509574122033 -0.3811587888973946
-0.5781677486280057 -0.4114700274839767
-0.6136248097827197 -0.502403743243723
-0.684538932092148 -0.502403743243723
-0.6313533403600768 -0.29022507313764817
-0.5604392180506486 -0.10835764161815539
-0.5427106874732915 -0.07804640303157327
-0.6136248097827197 -0.10835764161815539
-0.5958962792053627 -0.22960259596448393
-0.5958962792053627 -0.10835764161815539
-0.5781677486280057 -0.07804640303157327
-0.5249821568959344 0.07350978990133739
-0.5072536263185774 0.04319855131475525
-0.5072536263185774 -0.07804640303157327
-0.5427106874732915 -0.017423925858409007
-0.5781677486280057 -0.07804640303157327
-0.5604392180506486 -0.017423925858409007
-0.5427106874732915 0.04319855131475525
-0.5781677486280057 -0.017423925858409007
-0.6136248097827197 -0.04773516444499114
-0.5958962792053627 -0.04773516444499114
-0.6490818709374339 -0.10835764161815539
-0.5781677486280057 0.07350978990133739
-0.5249821568959344 0.13413226707450165
-0.5249821568959344 0.012887312728173124
-0.5427106874732915 0.10382102848791952
-0.5958962792053627 -0.07804640303157327
-0.6313533403600768 -0.017423925858409007
-0.5781677486280057 0.012887312728173124
-0.5604392180506486 0.10382102848791952
-0.5427106874732915 0.13413226707450165
-0.5427106874732915 0.04319855131475525
-0.5604392180506486 -0.017423925858409007
-0.5781677486280057 -0.04773516444499114
-0.5427106874732915 0.04319855131475525
-0.48952509574122033 0.13413226707450165
-0.5249821568959344 0.16444350566108376
-0.5604392180506486 -0.017423925858409007
-0.5427106874732915 -0.017423925858409007
-0.5958962792053627 0.012887312728173124
-0.5958962792053627 0.07350978990133739
-0.6136248097827197 0.22506598283424803
-0.5604392180506486 0.2553772214208302
-0.5604392180506486 0.28568846000741227
-0.41861097343179204 0.16444350566108376
-0.18814007592615017 0.16444350566108376
0.36144437197191887 0.07350978990133739
0.928757350447345 -0.10835764161815539
1.4074276760359858 -0.502403743243723
1.9392835933566979 -0.8358273676961265
2.4179539189453387 -1.381429662254605
2.825710122224551 -1.5632970937740975
3.07390955030755 -1.9573431953996654
3.1980092643490496 -2.1998331040923222
2.825710122224551 -2.59387920571789
2.2052115520170537 -2.806057875823965
1.6201700429642705 -2.8969915915837112
0.9996714727567733 -2.745435398650801
0.060059352156848746 -2.4726342513715616
-0.9859239519072182 -2.2301443426789045
-1.783707827888286 -1.8967207182265011
-2.492849050982569 -1.7451645252935903
-2.8828767236844244 -1.5936083323606798
-2.758777009642925 -1.1389397535619479
-2.280106684054284 -0.5933374590034695
-1.8546219501977144 -0.13866888020473753
-1.51777986922793 -0.04773516444499114
-1.198666318835503 -0.10835764161815539
-1.0391095436392894 -0.1992913573779018
-0.8440957072883616 -0.16898011879131966
-0.7377245238242193 -0.07804640303157327
-0.5781677486280057 0.04319855131475525
-0.48952509574122033 0.012887312728173124
-0.47179656516386326 -0.13866888020473753
-0.5427106874732915 -0.10835764161815539
-0.5958962792053627 -0.04773516444499114
-0.47179656516386326 0.012887312728173124
-0.400882442854435 0.10382102848791952
-0.36542538169972083 0.07350978990133739
-0.36542538169972083 0.012887312728173124
-0.36542538169972083 -0.10835764161815539
-0.36542538169972083 -0.017423925858409007
-0.34769685112236376 -0.017423925858409007
-0.2413256676582214 0.10382102848791952
-0.20586860650350725 0.012887312728173124
-0.18814007592615017 -0.04773516444499114
-0.18814007592615017 -0.10835764161815539
-0.22359713708086432 -0.07804640303157327
-0.134954484194079 0.07350978990133739
-0.09949742303936485 0.07350978990133739
-0.04631183130729365 0.13413226707450165
-0.010854770152579518 -0.07804640303157327
-0.04631183130729365 -0.13866888020473753
-0.08176889246200779 -0.04773516444499114
0.006873760424777549 0.012887312728173124
0.09551641331156288 0.13413226707450165
0.20188759677570528 0.012887312728173124
0.2550731885077765 -0.07804640303157327
0.23734465793041942 -0.16898011879131966
0.21961612735306235 -0.07804640303157327
0.3259873108172047 -0.10835764161815539
0.43235849428134715 0.04319855131475525
0.4855440860134183 -0.04773516444499114
0.5032726165907754 -0.16898011879131966
0.5210011471681325 -0.22960259596448393
0.5741867389002037 -0.29022507313764817
0.6096438000549178 -0.1992913573779018
0.7337435140964172 -0.22960259596448393
0.7514720446737744 -0.22960259596448393
0.8046576364058455 -0.29022507313764817
0.7869291058284884 -0.4114700274839767
0.8223861669832025 -0.35084755031081244
0.928757350447345 -0.1992913573779018
0.9996714727567733 -0.29022507313764817
1.0883141256435587 -0.3811587888973946
1.0705855950662015 -0.44178126607055884
1.0528570644888444 -0.44178126607055884
1.0174000033341304 -0.472092504657141
1.0351285339114873 -0.3811587888973946
1.0883141256435587 -0.29022507313764817
1.1414997173756298 -0.35084755031081244
1.0883141256435587 -0.44178126607055884
1.0528570644888444 -0.472092504657141
1.0351285339114873 -0.4114700274839767
1.0528570644888444 -0.35084755031081244
1.0883141256435587 -0.25991383455106604
1.0883141256435587 -0.1992913573779018
1.0528570644888444 -0.29022507313764817
0.9996714727567733 -0.35084755031081244
0.928757350447345 -0.29022507313764817
0.911028819869988 -0.22960259596448393
0.911028819869988 -0.04773516444499114
0.8401146975605597 -0.13866888020473753
0.6805579223643461 -0.13866888020473753
0.5741867389002037 -0.13866888020473753
0.43235849428134715 -0.07804640303157327
0.4146299637039901 -0.04773516444499114
0.3437158413945618 0.07350978990133739
0.30825878023984765 0.13413226707450165
0.1841590661983482 0.1947547442476659
0.16643053562099114 0.10382102848791952
0.024602291002134614 0.10382102848791952
-0.04631183130729365 0.16444350566108376
-0.06404036188465072 0.22506598283424803
-0.11722595361672192 0.22506598283424803
-0.20586860650350725 0.04319855131475525
-0.2945112593902926 -0.13866888020473753
-0.36542538169972083 0.012887312728173124
-0.34769685112236376 0.10382102848791952
-0.36542538169972083 0.2553772214208302
-0.36542538169972083 0.22506598283424803
-0.4363395040091491 0.16444350566108376
-0.48952509574122033 0.07350978990133739
-0.48952509574122033 0.07350978990133739
-0.48952509574122033 0.10382102848791952
-0.400882442854435 0.2553772214208302
-0.4363395040091491 0.13413226707450165
-0.4363395040091491 0.16444350566108376
-0.5072536263185774 0.10382102848791952
-0.5072536263185774 0.04319855131475525
-0.5072536263185774 0.16444350566108376
-0.5427106874732915 0.1947547442476659
-0.5249821568959344 0.1947547442476659
-0.5958962792053627 0.07350978990133739
-0.6136248097827197 0.04319855131475525
-0.6313533403600768 0.012887312728173124
-0.5781677486280057 0.13413226707450165
-0.5249821568959344 0.16444350566108376
-0.5072536263185774 0.13413226707450165
-0.5072536263185774 -0.017423925858409007
-0.5427106874732915 0.012887312728173124
-0.5249821568959344 0.07350978990133739
-0.5072536263185774 0.16444350566108376
-0.4363395040091491 0.2553772214208302
-0.4540680345865062 0.1947547442476659
-0.4540680345865062 0.04319855131475525
-0.5249821568959344 0.10382102848791952
-0.5604392180506486 0.10382102848791952
-0.5427106874732915 0.3159996985939944
-0.48952509574122033 0.28568846000741227
-0.47179656516386326 0.3159996985939944
-0.4363395040091491 0.3159996985939944
-0.5072536263185774 0.1947547442476659
-0.48952509574122033 0.28568846000741227
-0.4540680345865062 0.3766221757671587
-0.400882442854435 0.4978671301134872
-0.34769685112236376 0.3766221757671587
-0.3299683205450067 0.3159996985939944
-0.3299683205450067 0.2553772214208302
-0.3122397899676496 0.3159996985939944
-0.22359713708086432 0.4069334143537408
-0.15268301477143606 0.5281783687000693
-0.1704115453487931 0.43724465294032294
-0.20586860650350725 0.34631093718057654
-0.20586860650350725 0.1947547442476659
-0.2413256676582214 0.1947547442476659
-0.20586860650350725 0.1947547442476659
-0.20586860650350725 0.22506598283424803
-0.20586860650350725 0.10382102848791952
-0.3122397899676496 0.04319855131475525
-0.3831539122770779 0.012887312728173124
-0.41861097343179204 -0.07804640303157327
-0.3299683205450067 0.04319855131475525
-0.34769685112236376 0.012887312728173124
-0.36542538169972083 -0.04773516444499114
-0.4363395040091491 -0.10835764161815539
-0.4540680345865062 -0.16898011879131966
-0.48952509574122033 -0.13866888020473753
-0.4363395040091491 -0.04773516444499114
-0.400882442854435 0.04319855131475525
-0.41861097343179204 0.07350978990133739
-0.4540680345865062 0.012887312728173124
-0.5249821568959344 -0.07804640303157327
-0.6490818709374339 -0.04773516444499114
-0.6136248097827197 0.04319855131475525
-0.5604392180506486 0.10382102848791952
-0.5427106874732915 0.10382102848791952
-0.5781677486280057 0.012887312728173124
-0.6313533403600768 -0.04773516444499114
-0.6490818709374339 -0.07804640303157327
-0.666810401514791 0.04319855131475525
-0.5958962792053627 0.22506598283424803
-0.5958962792053627 0.16444350566108376
-0.5958962792053627 0.10382102848791952
-0.6136248097827197 0.07350978990133739
-0.6313533403600768 -0.07804640303157327
-0.666810401514791 0.04319855131475525
-0.6313533403600768 0.10382102848791952
-0.5604392180506486 -0.017423925858409007
-0.5781677486280057 0.012887312728173124
-0.5958962792053627 -0.04773516444499114
-0.684538932092148 -0.017423925858409007
-0.6490818709374339 0.04319855131475525
-0.5781677486280057 0.16444350566108376
-0.5249821568959344 0.13413226707450165
-0.48952509574122033 0.16444350566108376
-0.5604392180506486 0.04319855131475525
-0.5604392180506486 0.07350978990133739
-0.5604392180506486 0.13413226707450165
-0.5427106874732915 0.16444350566108376
-0.5427106874732915 0.012887312728173124
-0.6136248097827197 -0.04773516444499114
-0.6490818709374339 -0.10835764161815539
-0.666810401514791 -0.017423925858409007
-0.6136248097827197 -0.017423925858409007
-0.5072536263185774 0.012887312728173124
-0.5427106874732915 0.04319855131475525
-0.5249821568959344 0.04319855131475525
-0.5958962792053627 -0.10835764161815539
-0.5958962792053627 -0.07804640303157327
-0.5781677486280057 0.07350978990133739
-0.5249821568959344 0.07350978990133739
-0.5249821568959344 0.22506598283424803
-0.6136248097827197 0.1947547442476659
-0.6313533403600768 0.1947547442476659
-0.6490818709374339 0.28568846000741227
-0.47179656516386326 0.4069334143537408
-0.15268301477143606 0.4069334143537408
0.21961612735306235 0.22506598283424803
0.6273723306322748 -0.16898011879131966
1.0351285339114873 -0.44178126607055884
1.4428847371906999 -0.7752048905229623
2.010197715666126 -1.0176947992156193
2.4711395106774097 -1.2298734693216942
2.77252453049248 -1.654230809533844
2.861167183379265 -1.9573431953996654
2.6484248164509805 -2.290766819852069
2.1874830214396965 -2.321078058438651
1.726541226428413 -2.2301443426789045
1.230142370262415 -2.139210626919158
0.4500870248587042 -1.9270319568130831
-0.5958962792053627 -1.9876544339862474
-1.6064225221147155 -1.8360982410533369
-2.3332922757863552 -1.654230809533844
-2.7765055402202816 -1.2904959464948584
-2.811962601374996 -0.9570723220424551
-2.510577581559926 -0.714582413349798
-2.1737355005901415 -0.4114700274839767
-1.9432646030844998 -0.16898011879131966
-1.748250766733572 -0.13866888020473753
-1.4291372163411449 0.012887312728173124
-1.0745666047940035 0.07350978990133739
-0.8440957072883616 -0.07804640303157327
-0.7199959932468621 -0.16898011879131966
-0.6313533403600768 -0.16898011879131966
-0.5958962792053627 -0.07804640303157327
-0.5072536263185774 0.012887312728173124
-0.400882442854435 0.012887312728173124
-0.400882442854435 0.04319855131475525
-0.3831539122770779 -0.017423925858409007
-0.41861097343179204 0.012887312728173124
-0.41861097343179204 -0.04773516444499114
-0.41861097343179204 0.04319855131475525
-0.3299683205450067 0.13413226707450165
-0.3299683205450067 0.07350978990133739
-0.3299683205450067 -0.017423925858409007
-0.34769685112236376 -0.13866888020473753
-0.3122397899676496 -0.10835764161815539
-0.20586860650350725 -0.017423925858409007
-0.15268301477143606 0.10382102848791952
-0.06404036188465072 0.04319855131475525
-0.06404036188465072 0.012887312728173124
-0.11722595361672192 -0.10835764161815539
-0.09949742303936485 -0.10835764161815539
-0.06404036188465072 -0.07804640303157327
-0.028583300729936582 0.012887312728173124
0.024602291002134614 0.012887312728173124
0.060059352156848746 -0.04773516444499114
0.060059352156848746 -0.16898011879131966
0.07778788273420581 -0.017423925858409007
0.13097347446627702 -0.04773516444499114
0.2550731885077765 0.07350978990133739
0.2905302496624906 -0.07804640303157327
0.3437158413945618 -0.16898011879131966
0.3437158413945618 -0.35084755031081244
0.4146299637039901 -0.35084755031081244
0.43235849428134715 -0.1992913573779018
0.5564582083228466 -0.13866888020473753
0.6805579223643461 -0.25991383455106604
0.6805579223643461 -0.29022507313764817
0.6805579223643461 -0.35084755031081244
0.6805579223643461 -0.3811587888973946
0.7692005752511314 -0.35084755031081244
0.8401146975605597 -0.1992913573779018
0.8933002892926308 -0.29022507313764817
0.911028819869988 -0.29022507313764817
0.911028819869988 -0.472092504657141
0.928757350447345 -0.3811587888973946
0.9464858810247021 -0.35084755031081244
1.0528570644888444 -0.22960259596448393
1.0883141256435587 -0.35084755031081244
1.0883141256435587 -0.3811587888973946
1.0528570644888444 -0.4114700274839767
1.0174000033341304 -0.3811587888973946
1.0528570644888444 -0.3811587888973946
1.1060426562209156 -0.29022507313764817
1.159228247952987 -0.29022507313764817
1.1414997173756298 -0.3205363117242303
1.0883141256435587 -0.35084755031081244
1.0528570644888444 -0.3811587888973946
1.0883141256435587 -0.29022507313764817
1.0528570644888444 -0.16898011879131966
1.0883141256435587 -0.1992913573779018
1.0174000033341304 -0.25991383455106604
0.9464858810247021 -0.3205363117242303
0.8755717587152738 -0.1992913573779018
0.8755717587152738 -0.16898011879131966
0.8046576364058455 -0.10835764161815539
0.7514720446737744 -0.07804640303157327
0.7514720446737744 -0.10835764161815539
0.6096438000549178 -0.16898011879131966
0.5210011471681325 -0.07804640303157327
0.4678155554360613 -0.10835764161815539
0.4146299637039901 -0.017423925858409007
0.3437158413945618 -0.04773516444499114
0.2550731885077765 -0.07804640303157327
0.11324494388891995 -0.04773516444499114
0.060059352156848746 -0.017423925858409007
-0.010854770152579518 0.10382102848791952
-0.010854770152579518 0.22506598283424803
-0.06404036188465072 0.10382102848791952
-0.134954484194079 0.07350978990133739
-0.20586860650350725 0.04319855131475525
-0.2945112593902926 0.04319855131475525
-0.2945112593902926 0.16444350566108376
-0.2945112593902926 0.1947547442476659
-0.3122397899676496 0.1947547442476659
-0.34769685112236376 0.07350978990133739
-0.400882442854435 -0.07804640303157327
-0.47179656516386326 -0.07804640303157327
-0.41861097343179204 0.012887312728173124
-0.3831539122770779 0.13413226707450165
-0.41861097343179204 0.16444350566108376
-0.4363395040091491 0.04319855131475525
-0.4540680345865062 -0.04773516444499114
-0.5249821568959344 -0.07804640303157327
-0.5072536263185774 0.16444350566108376
-0.4363395040091491 0.16444350566108376
-0.4363395040091491 0.16444350566108376
-0.4540680345865062 0.04319855131475525
-0.5427106874732915 0.012887312728173124
-0.5604392180506486 -0.017423925858409007
-0.5072536263185774 0.07350978990133739
-0.5249821568959344 0.16444350566108376
-0.47179656516386326 0.1947547442476659
-0.5072536263185774 0.16444350566108376
-0.5781677486280057 -0.017423925858409007
-0.6136248097827197 -0.017423925858409007
-0.5781677486280057 0.07350978990133739
-0.5072536263185774 0.22506598283424803
-0.400882442854435 0.16444350566108376
-0.47179656516386326 0.07350978990133739
-0.48952509574122033 0.012887312728173124
-0.5249821568959344 0.07350978990133739
-0.48952509574122033 0.13413226707450165
-0.4363395040091491 0.22506598283424803
-0.41861097343179204 0.22506598283424803
-0.4363395040091491 0.07350978990133739
-0.48952509574122033 0.012887312728173124
-0.4540680345865062 0.16444350566108376
-0.41861097343179204 0.22506598283424803
-0.36542538169972083 0.3766221757671587
-0.3122397899676496 0.2553772214208302
-0.3122397899676496 0.1947547442476659
-0.400882442854435 0.13413226707450165
-0.36542538169972083 0.2553772214208302
-0.3122397899676496 0.28568846000741227
-0.22359713708086432 0.34631093718057654
-0.15268301477143606 0.34631093718057654
-0.1704115453487931 0.2553772214208302
-0.15268301477143606 0.16444350566108376
-0.11722595361672192 0.16444350566108376
-0.1704115453487931 0.1947547442476659
-0.11722595361672192 0.22506598283424803
-0.20586860650350725 0.04319855131475525
-0.2413256676582214 -0.04773516444499114
-0.25905419823557846 -0.13866888020473753
-0.3299683205450067 -0.13866888020473753
-0.36542538169972083 -0.13866888020473753
-0.34769685112236376 -0.04773516444499114
-0.36542538169972083 -0.10835764161815539
-0.3831539122770779 -0.1992913573779018
-0.47179656516386326 -0.3205363117242303
-0.5072536263185774 -0.16898011879131966
-0.47179656516386326 -0.10835764161815539
-0.41861097343179204 -0.017423925858409007
-0.2945112593902926 -0.04773516444499114
-0.3122397899676496 -0.13866888020473753
-0.47179656516386326 -0.07804640303157327
-0.5604392180506486 -0.10835764161815539
-0.5781677486280057 0.012887312728173124
-0.5604392180506486 0.04319855131475525
-0.5249821568959344 -0.017423925858409007
-0.5781677486280057 -0.16898011879131966
-0.6136248097827197 -0.25991383455106604
-0.6313533403600768 -0.3205363117242303
-0.5781677486280057 -0.07804640303157327
-0.5604392180506486 -0.017423925858409007
-0.5604392180506486 -0.07804640303157327
-0.6136248097827197 -0.13866888020473753
-0.6490818709374339 -0.25991383455106604
-0.666810401514791 -0.22960259596448393
-0.6313533403600768 -0.10835764161815539
-0.6136248097827197 0.012887312728173124
-0.6136248097827197 -0.04773516444499114
-0.5958962792053627 -0.07804640303157327
-0.6490818709374339 -0.1992913573779018
-0.666810401514791 -0.10835764161815539
-0.666810401514791 0.012887312728173124
-0.6136248097827197 0.04319855131475525
-0.5604392180506486 0.07350978990133739
-0.5604392180506486 -0.07804640303157327
-0.6313533403600768 -0.07804640303157327
-0.6136248097827197 -0.13866888020473753
-0.6313533403600768 0.012887312728173124
-0.6136248097827197 0.10382102848791952
-0.5781677486280057 0.012887312728173124
-0.6136248097827197 -0.017423925858409007
-0.6313533403600768 -0.13866888020473753
-0.6490818709374339 -0.10835764161815539
-0.5958962792053627 -0.04773516444499114
-0.5427106874732915 0.04319855131475525
-0.5249821568959344 -0.04773516444499114
-0.5427106874732915 -0.10835764161815539
-0.6136248097827197 -0.16898011879131966
-0.666810401514791 -0.10835764161815539
-0.666810401514791 0.10382102848791952
-0.666810401514791 0.13413226707450165
-0.7022674626695051 0.22506598283424803
-0.7377245238242193 0.2553772214208302
-0.684538932092148 0.1947547442476659
-0.4540680345865062 0.22506598283424803
-0.15268301477143606 0.07350978990133739
0.27280171908513356 -0.13866888020473753
0.645100861209632 -0.44178126607055884
1.1060426562209156 -0.714582413349798
1.5492559206548424 -1.1389397535619479
2.0279262462434833 -1.3511184236680227
2.4534109801000525 -1.5632970937740975
2.754795999915123 -1.8360982410533369
2.790253061069837 -2.048276911159412
2.488868041254767 -2.321078058438651
2.010197715666126 -2.321078058438651
1.5137988595001282 -2.2301443426789045
0.7692005752511314 -2.0785881497459937
-0.18814007592615017 -1.7451645252935903
-1.21639484941286 -1.5632970937740975
-2.1737355005901415 -1.411740900841187
-2.84741966252971 -1.3511184236680227
-3.0601620294579948 -1.0783172763887836
-2.741048479065568 -0.714582413349798
-2.2623781534769267 -0.4114700274839767
-1.960993133661857 -0.25991383455106604
-1.7659792973109292 -0.3205363117242303
-1.5709654609600014 -0.29022507313764817
-1.3050375022996454 -0.22960259596448393
-1.0568380742166463 -0.16898011879131966
-0.8263671767110046 -0.13866888020473753
-0.7022674626695051 -0.07804640303157327
-0.684538932092148 -0.22960259596448393
-0.666810401514791 -0.1992913573779018
-0.6136248097827197 -0.1992913573779018
-0.5604392180506486 -0.04773516444499114
-0.5072536263185774 0.04319855131475525
-0.48952509574122033 0.04319855131475525
-0.47179656516386326 -0.017423925858409007
-0.4540680345865062 -0.07804640303157327
-0.47179656516386326 -0.10835764161815539
-0.41861097343179204 -0.017423925858409007
-0.36542538169972083 0.04319855131475525
-0.34769685112236376 -0.10835764161815539
-0.2945112593902926 -0.22960259596448393
-0.2945112593902926 -0.25991383455106604
-0.2945112593902926 -0.1992913573779018
-0.25905419823557846 -0.07804640303157327
-0.15268301477143606 -0.10835764161815539
-0.11722595361672192 -0.10835764161815539
-0.11722595361672192 -0.1992913573779018
-0.134954484194079 -0.29022507313764817
-0.11722595361672192 -0.1992913573779018
-0.08176889246200779 -0.16898011879131966
0.024602291002134614 -0.10835764161815539
0.04233082157949168 -0.25991383455106604
0.14870200504363407 -0.22960259596448393
0.16643053562099114 -0.3205363117242303
0.1841590661983482 -0.29022507313764817
0.2905302496624906 -0.25991383455106604
0.37917290254927594 -0.16898011879131966
0.4678155554360613 -0.25991383455106604
0.5032726165907754 -0.3205363117242303
0.5032726165907754 -0.4114700274839767
0.5564582083228466 -0.35084755031081244
0.6096438000549178 -0.3205363117242303
0.7337435140964172 -0.25991383455106604
0.7869291058284884 -0.29022507313764817
0.7869291058284884 -0.3811587888973946
0.7869291058284884 -0.44178126607055884
0.8223861669832025 -0.5327149818303052
0.8578432281379167 -0.25991383455106604
0.928757350447345 -0.22960259596448393
0.9464858810247021 -0.29022507313764817
0.9996714727567733 -0.44178126607055884
0.9996714727567733 -0.502403743243723
0.9819429421794161 -0.5933374590034695
1.0351285339114873 -0.44178126607055884
1.0883141256435587 -0.35084755031081244
1.1060426562209156 -0.3811587888973946
1.1060426562209156 -0.4114700274839767
1.0351285339114873 -0.472092504657141
0.928757350447345 -0.4114700274839767
0.928757350447345 -0.35084755031081244
0.9464858810247021 -0.22960259596448393
0.9464858810247021 -0.25991383455106604
0.8578432281379167 -0.3205363117242303
0.8223861669832025 -0.5327149818303052
0.7160149835190602 -0.44178126607055884
0.662829391786989 -0.29022507313764817
0.645100861209632 -0.16898011879131966
0.662829391786989 -0.25991383455106604
0.5210011471681325 -0.1992913573779018
0.4500870248587042 -0.25991383455106604
0.3437158413945618 -0.1992913573779018
0.21961612735306235 -0.10835764161815539
0.16643053562099114 -0.07804640303157327
0.04233082157949168 -0.07804640303157327
-0.010854770152579518 -0.10835764161815539
-0.09949742303936485 -0.10835764161815539
-0.1704115453487931 -0.16898011879131966
-0.18814007592615017 -0.017423925858409007
-0.22359713708086432 0.10382102848791952
-0.25905419823557846 0.07350978990133739
-0.34769685112236376 -0.04773516444499114
-0.41861097343179204 -0.16898011879131966
-0.48952509574122033 -0.13866888020473753
-0.5072536263185774 0.012887312728173124
-0.5072536263185774 0.13413226707450165
-0.4363395040091491 0.16444350566108376
-0.5427106874732915 0.04319855131475525
-0.5604392180506486 -0.04773516444499114
-0.6136248097827197 -0.07804640303157327
-0.6136248097827197 -0.07804640303157327
-0.5604392180506486 -0.017423925858409007
-0.5781677486280057 -0.04773516444499114
-0.5958962792053627 -0.07804640303157327
-0.6490818709374339 -0.13866888020473753
-0.6313533403600768 -0.04773516444499114
-0.6136248097827197 -0.017423925858409007
-0.5427106874732915 -0.017423925858409007
-0.5781677486280057 0.012887312728173124
-0.5781677486280057 -0.04773516444499114
-0.666810401514791 -0.04773516444499114
-0.684538932092148 -0.07804640303157327
-0.666810401514791 -0.017423925858409007
-0.6490818709374339 0.04319855131475525
-0.6136248097827197 -0.07804640303157327
-0.6136248097827197 -0.017423925858409007
-0.6313533403600768 -0.10835764161815539
-0.5958962792053627 -0.07804640303157327
-0.5427106874732915 0.012887312728173124
-0.5249821568959344 0.10382102848791952
-0.47179656516386326 0.13413226707450165
-0.4363395040091491 0.07350978990133739
-0.5072536263185774 0.04319855131475525
-0.4540680345865062 0.012887312728173124
-0.48952509574122033 0.1947547442476659
-0.4540680345865062 0.22506598283424803
-0.47179656516386326 0.2553772214208302
-0.5072536263185774 0.13413226707450165
-0.48952509574122033 0.07350978990133739
-0.47179656516386326 0.13413226707450165
-0.34769685112236376 0.22506598283424803
-0.34769685112236376 0.3766221757671587
-0.20586860650350725 0.3159996985939944
-0.22359713708086432 0.16444350566108376
-0.20586860650350725 0.04319855131475525
-0.2413256676582214 -0.04773516444499114
-0.22359713708086432 -0.04773516444499114
-0.25905419823557846 -0.07804640303157327
-0.3122397899676496 -0.10835764161815539
-0.3831539122770779 -0.1992913573779018
-0.41861097343179204 -0.29022507313764817
-0.5604392180506486 -0.22960259596448393
-0.5604392180506486 -0.22960259596448393
-0.48952509574122033 -0.13866888020473753
-0.47179656516386326 -0.13866888020473753
-0.48952509574122033 -0.13866888020473753
-0.5427106874732915 -0.25991383455106604
-0.5249821568959344 -0.10835764161815539
-0.5072536263185774 -0.07804640303157327
-0.47179656516386326 0.04319855131475525
-0.5072536263185774 -0.017423925858409007
-0.5604392180506486 0.012887312728173124
-0.6490818709374339 -0.10835764161815539
-0.7022674626695051 0.012887312728173124
-0.6490818709374339 0.012887312728173124
-0.6313533403600768 0.10382102848791952
-0.6313533403600768 0.13413226707450165
-0.6313533403600768 0.012887312728173124
-0.666810401514791 -0.07804640303157327
-0.7022674626695051 -0.10835764161815539
-0.684538932092148 -0.04773516444499114
-0.6490818709374339 0.04319855131475525
-0.6136248097827197 0.10382102848791952
-0.5958962792053627 -0.017423925858409007
-0.6313533403600768 -0.10835764161815539
-0.6490818709374339 -0.017423925858409007
-0.6313533403600768 0.04319855131475525
-0.5781677486280057 0.13413226707450165
-0.5781677486280057 0.10382102848791952
-0.6136248097827197 0.07350978990133739
-0.666810401514791 -0.017423925858409007
-0.7377245238242193 -0.017423925858409007
-0.7022674626695051 0.13413226707450165
-0.6490818709374339 0.22506598283424803
-0.6313533403600768 0.16444350566108376
-0.6490818709374339 0.012887312728173124
-0.684538932092148 -0.10835764161815539
-0.7199959932468621 -0.04773516444499114
-0.6490818709374339 0.012887312728173124
-0.6136248097827197 0.16444350566108376
-0.5781677486280057 0.07350978990133739
-0.6313533403600768 0.012887312728173124
-0.684538932092148 -0.017423925858409007
-0.7022674626695051 -0.017423925858409007
-0.6313533403600768 0.07350978990133739
-0.5604392180506486 0.1947547442476659
-0.5249821568959344 0.07350978990133739
-0.6136248097827197 0.04319855131475525
-0.7022674626695051 -0.017423925858409007
-0.8086386461336474 0.10382102848791952
-0.7909101155562904 0.22506598283424803
-0.684538932092148 0.4069334143537408
-0.48952509574122033 0.43724465294032294
-0.20586860650350725 0.34631093718057654
0.13097347446627702 0.07350978990133739
0.5919152694775607 -0.16898011879131966
1.1060426562209156 -0.3205363117242303
1.6910841652736988 -0.472092504657141
2.276125674326482 -0.7752048905229623
2.6838818776056947 -1.2298734693216942
2.8788957139566222 -1.654230809533844
2.9675383668434074 -1.8360982410533369
2.754795999915123 -2.048276911159412
2.276125674326482 -1.9270319568130831
1.726541226428413 -1.9573431953996654
0.9996714727567733 -1.9573431953996654
0.04233082157949168 -1.8967207182265011
-1.1277521965260746 -1.684542048120426
-2.014178725393928 -1.3511184236680227
-2.652405826178782 -1.1086285149753656
-2.8651481931070673 -0.9570723220424551
-2.6878628873334964 -0.8661386062827087
-2.3332922757863552 -0.5933374590034695
-2.067364317125999 -0.29022507313764817
-1.8191648890430003 -0.16898011879131966
-1.51777986922793 0.07350978990133739
-1.3050375022996454 0.07350978990133739
-1.0745666047940035 0.04319855131475525
-0.9681954213298611 -0.04773516444499114
-0.8795527684430757 -0.04773516444499114
-0.7554530544015763 0.07350978990133739
-0.6490818709374339 0.16444350566108376
-0.6136248097827197 0.10382102848791952
-0.5958962792053627 0.012887312728173124
-0.6136248097827197 -0.017423925858409007
-0.5604392180506486 -0.017423925858409007
-0.4363395040091491 0.16444350566108376
-0.400882442854435 0.22506598283424803
-0.36542538169972083 0.2553772214208302
-0.400882442854435 0.10382102848791952
-0.4363395040091491 0.07350978990133739
-0.4363395040091491 0.13413226707450165
-0.400882442854435 0.22506598283424803
-0.34769685112236376 0.22506598283424803
-0.34769685112236376 0.13413226707450165
-0.34769685112236376 0.07350978990133739
-0.3299683205450067 0.04319855131475525
-0.27678272881293553 0.13413226707450165
-0.22359713708086432 0.16444350566108376
-0.134954484194079 0.2553772214208302
-0.11722595361672192 0.28568846000741227
-0.08176889246200779 0.1947547442476659
-0.06404036188465072 0.07350978990133739
-0.028583300729936582 0.04319855131475525
-0.028583300729936582 0.07350978990133739
0.04233082157949168 0.13413226707450165
0.07778788273420581 0.10382102848791952
0.11324494388891995 -0.017423925858409007
0.09551641331156288 -0.017423925858409007
0.1841590661983482 -0.10835764161815539
0.23734465793041942 0.04319855131475525
0.3437158413945618 0.13413226707450165
0.4500870248587042 0.04319855131475525
0.5032726165907754 -0.07804640303157327
0.5387296777454895 -0.16898011879131966
0.5387296777454895 -0.13866888020473753
0.6096438000549178 -0.07804640303157327
0.7160149835190602 0.07350978990133739
0.7514720446737744 0.04319855131475525
0.8046576364058455 -0.07804640303157327
0.7692005752511314 -0.1992913573779018
0.7514720446737744 -0.16898011879131966
0.8046576364058455 -0.07804640303157327
0.8755717587152738 0.07350978990133739
0.8933002892926308 -0.13866888020473753
0.911028819869988 -0.10835764161815539
0.911028819869988 -0.1992913573779018
0.8578432281379167 -0.25991383455106604
0.911028819869988 -0.13866888020473753
0.9464858810247021 -0.10835764161815539
0.9996714727567733 -0.10835764161815539
0.9819429421794161 -0.13866888020473753
0.9642144116020591 -0.22960259596448393
0.928757350447345 -0.22960259596448393
0.911028819869988 -0.04773516444499114
0.9464858810247021 0.012887312728173124
0.8755717587152738 0.04319855131475525
0.8401146975605597 -0.017423925858409007
0.7692005752511314 -0.07804640303157327
0.6982864529417031 -0.017423925858409007
0.6096438000549178 0.16444350566108376
0.5210011471681325 0.2553772214208302
0.5210011471681325 0.22506598283424803
0.43235849428134715 0.22506598283424803
0.2905302496624906 0.07350978990133739
0.1841590661983482 0.16444350566108376
0.11324494388891995 0.28568846000741227
0.04233082157949168 0.2553772214208302
-0.010854770152579518 0.1947547442476659
-0.11722595361672192 0.13413226707450165
-0.20586860650350725 0.07350978990133739
-0.2945112593902926 0.16444350566108376
-0.34769685112236376 0.28568846000741227
-0.3122397899676496 0.4069334143537408
-0.3122397899676496 0.3766221757671587
-0.41861097343179204 0.2553772214208302
-0.47179656516386326 0.2553772214208302
-0.5427106874732915 0.28568846000741227
-0.5072536263185774 0.34631093718057654
-0.47179656516386326 0.3766221757671587
-0.400882442854435 0.43724465294032294
-0.4540680345865062 0.3159996985939944
-0.5249821568959344 0.3159996985939944
-0.5604392180506486 0.28568846000741227
-0.6136248097827197 0.3159996985939944
-0.6313533403600768 0.4069334143537408
-0.5781677486280057 0.4069334143537408
-0.6136248097827197 0.13413226707450165
-0.7022674626695051 0.13413226707450165
-0.666810401514791 0.1947547442476659
-0.6136248097827197 0.3766221757671587
-0.5781677486280057 0.4069334143537408
-0.5958962792053627 0.3766221757671587
-0.6136248097827197 0.3766221757671587
-0.6313533403600768 0.1947547442476659
-0.6490818709374339 0.2553772214208302
-0.6313533403600768 0.34631093718057654
-0.5958962792053627 0.4069334143537408
-0.6136248097827197 0.34631093718057654
-0.6136248097827197 0.34631093718057654
-0.684538932092148 0.34631093718057654
-0.7022674626695051 0.3766221757671587
-0.5958962792053627 0.4675558915269051
-0.5427106874732915 0.43724465294032294
-0.47179656516386326 0.43724465294032294
-0.5072536263185774 0.34631093718057654
-0.5604392180506486 0.22506598283424803
-0.6313533403600768 0.2553772214208302
-0.5781677486280057 0.34631093718057654
-0.48952509574122033 0.5281783687000693
-0.36542538169972083 0.4978671301134872
-0.36542538169972083 0.4069334143537408
-0.36542538169972083 0.34631093718057654
-0.41861097343179204 0.34631093718057654
-0.36542538169972083 0.5281783687000693
-0.3122397899676496 0.4978671301134872
-0.3122397899676496 0.43724465294032294
-0.3122397899676496 0.3159996985939944
-0.4363395040091491 0.1947547442476659
-0.47179656516386326 0.04319855131475525
-0.5072536263185774 0.10382102848791952
-0.4540680345865062 0.16444350566108376
-0.4540680345865062 0.16444350566108376
-0.48952509574122033 0.13413226707450165
-0.5958962792053627 0.04319855131475525
-0.6136248097827197 0.07350978990133739
-0.5958962792053627 0.10382102848791952
-0.5427106874732915 0.16444350566108376
-0.5249821568959344 0.10382102848791952
-0.5249821568959344 0.012887312728173124
-0.6136248097827197 0.012887312728173124
-0.7022674626695051 0.04319855131475525
-0.7377245238242193 0.16444350566108376
-0.7199959932468621 0.2553772214208302
-0.666810401514791 0.1947547442476659
-0.666810401514791 0.10382102848791952
-0.684538932092148 0.04319855131475525
-0.7022674626695051 0.10382102848791952
-0.7377245238242193 0.22506598283424803
-0.7022674626695051 0.3159996985939944
-0.7377245238242193 0.1947547442476659
-0.7199959932468621 0.10382102848791952
-0.7909101155562904 0.10382102848791952
-0.8086386461336474 0.04319855131475525
-0.7731815849789334 0.13413226707450165
-0.7377245238242193 0.3159996985939944
-0.7377245238242193 0.28568846000741227
-0.7377245238242193 0.16444350566108376
-0.7909101155562904 0.04319855131475525
-0.7909101155562904 0.10382102848791952
-0.7022674626695051 0.13413226707450165
-0.666810401514791 0.22506598283424803
-0.7022674626695051 0.2553772214208302
-0.7199959932468621 0.10382102848791952
-0.7731815849789334 0.012887312728173124
-0.7731815849789334 -0.017423925858409007
-0.8086386461336474 0.22506598283424803
-0.7377245238242193 0.3159996985939944
-0.7022674626695051 0.1947547442476659
-0.7554530544015763 0.16444350566108376
-0.7909101155562904 0.16444350566108376
-0.7909101155562904 0.16444350566108376
-0.7554530544015763 0.28568846000741227
-0.684538932092148 0.28568846000741227
-0.6490818709374339 0.16444350566108376
-0.6313533403600768 0.04319855131475525
-0.7022674626695051 -0.04773516444499114
-0.7909101155562904 0.012887312728173124
-0.8440957072883616 0.22506598283424803
-0.8618242378657187 0.3766221757671587
-0.8086386461336474 0.34631093718057654
-0.6313533403600768 0.22506598283424803
-0.2945112593902926 0.10382102848791952
0.23734465793041942 -0.04773516444499114
0.8578432281379167 -0.29022507313764817
1.4783417983454141 -0.472092504657141
2.1165688991302685 -0.6842711747632159
2.6306962858736234 -1.0783172763887836
2.9498098362660508 -1.4420521394277692
3.0029954279981217 -1.8057870024667546
2.6661533470283376 -1.8664094796399189
2.04565477682084 -1.8664094796399189
1.460613267768057 -1.9270319568130831
0.6805579223643461 -1.9876544339862474
-0.41861097343179204 -1.9270319568130831
-1.5709654609600014 -1.7451645252935903
-2.4396634592504975 -1.381429662254605
-2.9715193765712096 -1.3208071850814407
-2.9892479071485667 -1.0480060378022014
-2.6346772956014255 -0.6842711747632159
-2.24464962289957 -0.472092504657141
-1.9432646030844998 -0.3205363117242303
-1.6596081138467866 -0.13866888020473753
-1.3050375022996454 -0.017423925858409007
-1.0745666047940035 0.07350978990133739
-0.8618242378657187 -0.04773516444499114
-0.8618242378657187 -0.017423925858409007
-0.8440957072883616 0.012887312728173124
-0.8086386461336474 0.10382102848791952
-0.7909101155562904 0.22506598283424803
-0.7022674626695051 0.07350978990133739
-0.684538932092148 0.012887312728173124
-0.684538932092148 -0.16898011879131966
-0.6490818709374339 -0.04773516444499114
-0.6490818709374339 0.07350978990133739
-0.5781677486280057 0.13413226707450165
-0.48952509574122033 0.16444350566108376
-0.5072536263185774 0.13413226707450165
-0.5072536263185774 0.07350978990133739
-0.47179656516386326 0.07350978990133739
-0.47179656516386326 0.13413226707450165
-0.3831539122770779 0.2553772214208302
-0.3299683205450067 0.16444350566108376
-0.34769685112236376 0.012887312728173124
-0.3831539122770779 -0.017423925858409007
-0.3122397899676496 -0.04773516444499114
-0.22359713708086432 0.16444350566108376
-0.15268301477143606 0.1947547442476659
-0.11722595361672192 0.2553772214208302
-0.06404036188465072 0.012887312728173124
-0.010854770152579518 -0.017423925858409007
0.060059352156848746 -0.04773516444499114
0.09551641331156288 0.012887312728173124
0.1841590661983482 0.10382102848791952
0.23734465793041942 -0.04773516444499114
0.27280171908513356 -0.10835764161815539
0.23734465793041942 -0.1992913573779018
0.30825878023984765 -0.10835764161815539
0.396901433126633 -0.07804640303157327
0.4855440860134183 0.07350978990133739
0.5741867389002037 -0.16898011879131966
0.6096438000549178 -0.29022507313764817
0.6096438000549178 -0.4114700274839767
0.645100861209632 -0.3205363117242303
0.7337435140964172 -0.16898011879131966
0.8401146975605597 -0.13866888020473753
0.8933002892926308 -0.13866888020473753
0.911028819869988 -0.35084755031081244
0.928757350447345 -0.3811587888973946
0.928757350447345 -0.3811587888973946
0.911028819869988 -0.44178126607055884
0.9464858810247021 -0.3811587888973946
0.9996714727567733 -0.29022507313764817
0.9819429421794161 -0.4114700274839767
0.911028819869988 -0.3811587888973946
0.8755717587152738 -0.3205363117242303
0.911028819869988 -0.29022507313764817
0.911028819869988 -0.13866888020473753
0.911028819869988 -0.10835764161815539
0.8046576364058455 -0.16898011879131966
0.6805579223643461 -0.1992913573779018
0.5919152694775607 -0.16898011879131966
0.5210011471681325 -0.16898011879131966
0.4855440860134183 -0.16898011879131966
0.3437158413945618 -0.13866888020473753
0.27280171908513356 -0.22960259596448393
0.14870200504363407 -0.16898011879131966
0.09551641331156288 -0.07804640303157327
-0.010854770152579518 0.04319855131475525
-0.04631183130729365 0.04319855131475525
-0.08176889246200779 0.10382102848791952
-0.18814007592615017 -0.04773516444499114
-0.34769685112236376 -0.07804640303157327
-0.41861097343179204 -0.07804640303157327
-0.4363395040091491 0.012887312728173124
-0.41861097343179204 0.16444350566108376
-0.41861097343179204 0.07350978990133739
-0.4540680345865062 -0.04773516444499114
-0.5781677486280057 -0.13866888020473753
-0.666810401514791 -0.13866888020473753
-0.666810401514791 0.07350978990133739
-0.5781677486280057 0.13413226707450165
-0.6136248097827197 0.10382102848791952
-0.666810401514791 0.04319855131475525
-0.7022674626695051 -0.10835764161815539
-0.7554530544015763 -0.16898011879131966
-0.7554530544015763 0.04319855131475525
-0.666810401514791 0.07350978990133739
-0.6313533403600768 0.13413226707450165
-0.666810401514791 -0.017423925858409007
-0.684538932092148 -0.017423925858409007
-0.7377245238242193 -0.017423925858409007
-0.7022674626695051 0.04319855131475525
-0.6313533403600768 0.07350978990133739
-0.666810401514791 0.10382102848791952
-0.7199959932468621 -0.04773516444499114
-0.7909101155562904 -0.04773516444499114
-0.7909101155562904 -0.04773516444499114
-0.7731815849789334 0.012887312728173124
-0.7377245238242193 0.13413226707450165
-0.666810401514791 0.10382102848791952
-0.684538932092148 0.04319855131475525
-0.7554530544015763 -0.017423925858409007
-0.7909101155562904 -0.04773516444499114
-0.7554530544015763 0.13413226707450165
-0.7199959932468621 0.2553772214208302
-0.6313533403600768 0.1947547442476659
-0.7022674626695051 0.16444350566108376
-0.666810401514791 0.16444350566108376
-0.6490818709374339 0.07350978990133739
-0.6313533403600768 0.16444350566108376
-0.5427106874732915 0.3159996985939944
-0.5427106874732915 0.3159996985939944
-0.5781677486280057 0.16444350566108376
-0.5604392180506486 0.13413226707450165
-0.5427106874732915 0.2553772214208302
-0.4540680345865062 0.2553772214208302
-0.34769685112236376 0.4069334143537408
-0.27678272881293553 0.3766221757671587
-0.2945112593902926 0.16444350566108376
-0.3831539122770779 0.07350978990133739
-0.47179656516386326 -0.017423925858409007
-0.5249821568959344 0.04319855131475525
-0.47179656516386326 0.04319855131475525
-0.47179656516386326 -0.04773516444499114
-0.48952509574122033 -0.13866888020473753
-0.5604392180506486 -0.22960259596448393
-0.666810401514791 -0.1992913573779018
-0.684538932092148 -0.017423925858409007
-0.6313533403600768 0.07350978990133739
-0.5604392180506486 -0.017423925858409007
-0.5604392180506486 -0.04773516444499114
-0.5781677486280057 -0.07804640303157327
-0.684538932092148 -0.13866888020473753
-0.7731815849789334 -0.017423925858409007
-0.8086386461336474 0.04319855131475525
-0.7554530544015763 -0.017423925858409007
-0.7731815849789334 -0.16898011879131966
-0.7909101155562904 -0.16898011879131966
-0.8263671767110046 -0.04773516444499114
-0.7731815849789334 -0.10835764161815539
-0.7909101155562904 0.13413226707450165
-0.7554530544015763 0.07350978990133739
-0.8086386461336474 -0.07804640303157327
-0.8086386461336474 -0.1992913573779018
-0.7731815849789334 -0.22960259596448393
-0.7909101155562904 -0.07804640303157327
-0.7731815849789334 0.16444350566108376
-0.7377245238242193 0.10382102848791952
-0.7731815849789334 0.10382102848791952
-0.8795527684430757 0.012887312728173124
-0.8618242378657187 -0.07804640303157327
-0.7731815849789334 -0.07804640303157327
-0.7377245238242193 0.012887312728173124
-0.7377245238242193 0.04319855131475525
-0.7731815849789334 -0.017423925858409007
-0.8440957072883616 -0.04773516444499114
-0.8086386461336474 -0.07804640303157327
-0.8263671767110046 -0.017423925858409007
-0.7554530544015763 -0.017423925858409007
-0.7199959932468621 0.012887312728173124
-0.7377245238242193 -0.017423925858409007
-0.8263671767110046 -0.07804640303157327
-0.7731815849789334 -0.07804640303157327
-0.7731815849789334 0.04319855131475525
-0.7377245238242193 0.1947547442476659
-0.7377245238242193 0.07350978990133739
-0.7731815849789334 0.07350978990133739
-0.7909101155562904 -0.017423925858409007
-0.8440957072883616 -0.10835764161815539
-0.8263671767110046 0.10382102848791952
-0.8086386461336474 0.16444350566108376
-0.7909101155562904 0.1947547442476659
-0.7554530544015763 0.28568846000741227
-0.684538932092148 0.22506598283424803
-0.3831539122770779 0.1947547442476659
0.11324494388891995 0.10382102848791952
0.7337435140964172 -0.10835764161815539
1.2478709008397721 -0.3811587888973946
1.8329124098925553 -0.8358273676961265
2.329311266058553 -1.1389397535619479
2.77252453049248 -1.5026746166009335
2.9852668974207646 -1.684542048120426
2.843438652801908 -1.9270319568130831
2.3470397966359102 -2.0785881497459937
1.6910841652736988 -2.1998331040923222
0.9996714727567733 -2.290766819852069
0.13097347446627702 -2.1998331040923222
-1.0391095436392894 -1.9270319568130831
-2.067364317125999 -1.654230809533844
-2.7765055402202816 -1.4723633780143512
-3.095619090612709 -1.2298734693216942
-2.8828767236844244 -0.8964498448692908
-2.4219349286731404 -0.5630262204168873
-2.014178725393928 -0.1992913573779018
-1.6773366444241438 0.012887312728173124
-1.3759516246090737 0.012887312728173124
-1.1277521965260746 -0.10835764161815539
-1.0036524824845752 -0.04773516444499114
-0.9859239519072182 -0.017423925858409007
-0.8618242378657187 0.13413226707450165
-0.7731815849789334 0.10382102848791952
-0.7022674626695051 0.10382102848791952
-0.6136248097827197 0.012887312728173124
-0.6313533403600768 -0.10835764161815539
-0.7377245238242193 -0.017423925858409007
-0.7377245238242193 0.012887312728173124
-0.6313533403600768 0.13413226707450165
-0.5958962792053627 0.13413226707450165
-0.5427106874732915 0.04319855131475525
-0.5427106874732915 0.012887312728173124
-0.5249821568959344 -0.017423925858409007
-0.48952509574122033 0.07350978990133739
-0.4540680345865062 0.10382102848791952
-0.34769685112236376 0.07350978990133739
-0.34769685112236376 -0.04773516444499114
-0.3831539122770779 -0.07804640303157327
-0.36542538169972083 0.04319855131475525
-0.2945112593902926 0.012887312728173124
-0.2413256676582214 0.07350978990133739
-0.11722595361672192 0.04319855131475525
-0.134954484194079 -0.04773516444499114
-0.15268301477143606 -0.16898011879131966
-0.134954484194079 -0.07804640303157327
-0.028583300729936582 0.012887312728173124
0.060059352156848746 0.04319855131475525
0.21961612735306235 0.07350978990133739
0.1841590661983482 -0.07804640303157327
0.21961612735306235 -0.1992913573779018
0.23734465793041942 -0.16898011879131966
0.2905302496624906 -0.13866888020473753
0.43235849428134715 -0.04773516444499114
0.5032726165907754 -0.10835764161815539
0.5210011471681325 -0.22960259596448393
0.5564582083228466 -0.29022507313764817
0.6096438000549178 -0.22960259596448393
0.662829391786989 -0.16898011879131966
0.7869291058284884 0.012887312728173124
0.8578432281379167 -0.10835764161815539
0.8223861669832025 -0.25991383455106604
0.7869291058284884 -0.25991383455106604
0.7692005752511314 -0.29022507313764817
0.8223861669832025 -0.16898011879131966
0.928757350447345 -0.16898011879131966
0.9464858810247021 -0.07804640303157327
0.928757350447345 -0.16898011879131966
0.8223861669832025 -0.1992913573779018
0.7692005752511314 -0.22960259596448393
0.8046576364058455 -0.10835764161815539
0.8401146975605597 -0.017423925858409007
0.8223861669832025 -0.13866888020473753
0.7337435140964172 -0.22960259596448393
0.5919152694775607 -0.29022507313764817
0.5210011471681325 -0.16898011879131966
0.5210011471681325 0.04319855131475525
0.4678155554360613 0.07350978990133739
0.396901433126633 0.07350978990133739
0.3259873108172047 0.04319855131475525
0.16643053562099114 0.10382102848791952
0.04233082157949168 0.13413226707450165
-0.04631183130729365 0.22506598283424803
-0.15268301477143606 0.10382102848791952
-0.20586860650350725 0.10382102848791952
-0.3299683205450067 0.04319855131475525
-0.3831539122770779 -0.07804640303157327
-0.4363395040091491 0.10382102848791952
-0.41861097343179204 0.22506598283424803
-0.4540680345865062 0.3159996985939944
-0.47179656516386326 0.28568846000741227
-0.5249821568959344 0.16444350566108376
-0.5781677486280057 0.07350978990133739
-0.666810401514791 0.13413226707450165
-0.666810401514791 0.2553772214208302
-0.684538932092148 0.2553772214208302
-0.6490818709374339 0.22506598283424803
-0.6136248097827197 0.1947547442476659
-0.684538932092148 0.10382102848791952
-0.7022674626695051 0.16444350566108376
-0.7022674626695051 0.2553772214208302
-0.6490818709374339 0.28568846000741227
-0.6313533403600768 0.2553772214208302
-0.6490818709374339 0.1947547442476659
-0.684538932092148 0.1947547442476659
-0.684538932092148 0.16444350566108376
-0.684538932092148 0.2553772214208302
-0.684538932092148 0.34631093718057654
-0.6313533403600768 0.3159996985939944
-0.6490818709374339 0.16444350566108376
-0.7377245238242193 0.1947547442476659
-0.7199959932468621 0.1947547442476659
-0.684538932092148 0.1947547442476659
-0.6490818709374339 0.28568846000741227
-0.666810401514791 0.3159996985939944
-0.666810401514791 0.2553772214208302
-0.7022674626695051 0.13413226707450165
-0.6313533403600768 0.22506598283424803
-0.5958962792053627 0.43724465294032294
-0.5604392180506486 0.5584896072866514
-0.5072536263185774 0.5584896072866514
-0.5249821568959344 0.3766221757671587
-0.5249821568959344 0.3766221757671587
-0.5427106874732915 0.3766221757671587
-0.4540680345865062 0.5281783687000693
-0.34769685112236376 0.4675558915269051
-0.2945112593902926 0.5281783687000693
-0.3122397899676496 0.34631093718057654
-0.36542538169972083 0.2553772214208302
-0.47179656516386326 0.28568846000741227
-0.4540680345865062 0.2553772214208302
-0.41861097343179204 0.16444350566108376
-0.400882442854435 0.1947547442476659
-0.4540680345865062 0.13413226707450165
-0.5427106874732915 0.04319855131475525
-0.684538932092148 -0.04773516444499114
-0.7022674626695051 0.07350978990133739
-0.7022674626695051 0.10382102848791952
-0.6136248097827197 0.1947547442476659
-0.5781677486280057 0.07350978990133739
-0.5958962792053627 0.10382102848791952
-0.666810401514791 0.13413226707450165
-0.7022674626695051 0.22506598283424803
-0.7022674626695051 0.3159996985939944
-0.7199959932468621 0.28568846000741227
-0.7377245238242193 0.2553772214208302
-0.7731815849789334 0.10382102848791952
-0.8618242378657187 0.10382102848791952
-0.8618242378657187 0.16444350566108376
-0.7731815849789334 0.34631093718057654
-0.7554530544015763 0.43724465294032294
-0.7377245238242193 0.28568846000741227
-0.7909101155562904 0.16444350566108376
-0.8263671767110046 0.07350978990133739
-0.8440957072883616 0.10382102848791952
-0.8263671767110046 0.3159996985939944
-0.7731815849789334 0.34631093718057654
-0.7377245238242193 0.3159996985939944
-0.7731815849789334 0.2553772214208302
-0.8086386461336474 0.3159996985939944
-0.7909101155562904 0.34631093718057654
-0.7554530544015763 0.2553772214208302
-0.7022674626695051 0.3159996985939944
-0.7554530544015763 0.28568846000741227
-0.8086386461336474 0.1947547442476659
-0.8440957072883616 0.22506598283424803
-0.8086386461336474 0.3766221757671587
-0.8086386461336474 0.4978671301134872
-0.7554530544015763 0.4069334143537408
-0.7199959932468621 0.2553772214208302
-0.7554530544015763 0.16444350566108376
-0.7377245238242193 0.07350978990133739
-0.7909101155562904 0.2553772214208302
-0.7377245238242193 0.43724465294032294
-0.666810401514791 0.34631093718057654
-0.7377245238242193 0.2553772214208302
-0.8795527684430757 0.22506598283424803
-0.932738360175147 0.3159996985939944
-0.8972812990204329 0.4069334143537408
-0.7199959932468621 0.6494233230463978
-0.3831539122770779 0.5584896072866514
0.09551641331156288 0.3159996985939944
0.5919152694775607 -0.017423925858409007
1.0705855950662015 -0.35084755031081244
1.6910841652736988 -0.44178126607055884
2.258397143749125 -0.714582413349798
2.7370674693377657 -1.0176947992156193
2.825710122224551 -1.381429662254605
2.4534109801000525 -1.8057870024667546
1.7974553487378413 -1.8664094796399189
1.159228247952987 -1.684542048120426
0.37917290254927594 -1.5936083323606798
-0.7554530544015763 -1.411740900841187
-1.996450194816571 -1.2601847079082764
-2.918333784839138 -1.1389397535619479
-3.2197188046542085 -0.8964498448692908
-2.9360623154164953 -0.472092504657141
-2.386477867518426 -0.07804640303157327
-2.014178725393928 0.16444350566108376
-1.7659792973109292 0.1947547442476659
-1.51777986922793 0.04319855131475525
-1.3050375022996454 0.07350978990133739
-1.0922951353713606 0.1947547442476659
-0.8972812990204329 0.28568846000741227
-0.7554530544015763 0.22506598283424803
-0.7731815849789334 0.1947547442476659
-0.8263671767110046 0.13413226707450165
-0.7377245238242193 0.22506598283424803
-0.7199959932468621 0.3766221757671587
-0.6313533403600768 0.4675558915269051
-0.5249821568959344 0.43724465294032294
-0.5427106874732915 0.3159996985939944
-0.5604392180506486 0.3766221757671587
-0.5604392180506486 0.3159996985939944
-0.5958962792053627 0.4675558915269051
-0.5427106874732915 0.5584896072866514
-0.47179656516386326 0.4978671301134872
-0.3831539122770779 0.3766221757671587
-0.400882442854435 0.3159996985939944
-0.3831539122770779 0.28568846000741227
-0.3831539122770779 0.43724465294032294
-0.25905419823557846 0.43724465294032294
-0.22359713708086432 0.4069334143537408
-0.1704115453487931 0.34631093718057654
-0.18814007592615017 0.28568846000741227
-0.1704115453487931 0.28568846000741227
-0.11722595361672192 0.43724465294032294
0.006873760424777549 0.4675558915269051
0.060059352156848746 0.4675558915269051
0.060059352156848746 0.3159996985939944
0.09551641331156288 0.16444350566108376
0.14870200504363407 0.16444350566108376
0.2550731885077765 0.3159996985939944
0.3259873108172047 0.34631093718057654
0.4678155554360613 0.3159996985939944
0.5210011471681325 0.2553772214208302
0.5387296777454895 0.10382102848791952
0.5564582083228466 0.1947547442476659
0.645100861209632 0.16444350566108376
0.7160149835190602 0.13413226707450165
0.8223861669832025 0.13413226707450165
0.8755717587152738 0.04319855131475525
0.8578432281379167 0.012887312728173124
0.8578432281379167 0.04319855131475525
0.8755717587152738 0.10382102848791952
0.9642144116020591 0.22506598283424803
1.0351285339114873 0.16444350566108376
1.0174000033341304 0.07350978990133739
0.9464858810247021 0.10382102848791952
0.911028819869988 0.04319855131475525
0.9819429421794161 0.16444350566108376
1.0174000033341304 0.2553772214208302
1.0174000033341304 0.2553772214208302
0.9464858810247021 0.28568846000741227
0.8401146975605597 0.10382102848791952
0.7692005752511314 0.13413226707450165
0.6982864529417031 0.22506598283424803
0.7337435140964172 0.34631093718057654
0.6805579223643461 0.43724465294032294
0.5741867389002037 0.3766221757671587
0.396901433126633 0.3159996985939944
0.30825878023984765 0.3766221757671587
0.20188759677570528 0.5281783687000693
0.1841590661983482 0.5888008458732336
0.16643053562099114 0.5281783687000693
0.006873760424777549 0.5281783687000693
-0.134954484194079 0.4675558915269051
-0.2413256676582214 0.4675558915269051
-0.3122397899676496 0.6191120844598157
-0.3122397899676496 0.7100458002195621
-0.3122397899676496 0.67973456163298
-0.400882442854435 0.6494233230463978
-0.5427106874732915 0.6191120844598157
-0.5781677486280057 0.5281783687000693
-0.5604392180506486 0.5888008458732336
-0.5604392180506486 0.7100458002195621
-0.5249821568959344 0.7100458002195621
-0.5249821568959344 0.5281783687000693
-0.6136248097827197 0.4978671301134872
-0.6313533403600768 0.5888008458732336
-0.5604392180506486 0.6494233230463978
-0.6136248097827197 0.7403570388061442
-0.5958962792053627 0.7403570388061442
-0.6313533403600768 0.67973456163298
-0.684538932092148 0.6191120844598157
-0.7199959932468621 0.5584896072866514
-0.7199959932468621 0.7403570388061442
-0.684538932092148 0.8009795159793085
-0.684538932092148 0.7403570388061442
-0.666810401514791 0.7706682773927264
-0.684538932092148 0.5584896072866514
-0.7199959932468621 0.5888008458732336
-0.7022674626695051 0.7403570388061442
-0.6490818709374339 0.7706682773927264
-0.6313533403600768 0.7403570388061442
-0.6490818709374339 0.7100458002195621
-0.6490818709374339 0.5888008458732336
-0.7022674626695051 0.6191120844598157
-0.6313533403600768 0.67973456163298
-0.5958962792053627 0.7706682773927264
-0.5958962792053627 0.8312907545658906
-0.6313533403600768 0.8009795159793085
-0.684538932092148 0.7403570388061442
-0.6313533403600768 0.8009795159793085
-0.5604392180506486 0.9525357089122192
