-0.4045827552952628 -0.23247458153824221
-0.41964037844910845 -0.16721885924347551
-0.41211156687218564 -0.12371504438029769
-0.3895251321414171 -0.1454669518118866
-0.3895251321414171 -0.12371504438029769
-0.37446750898757136 -0.1454669518118866
-0.3895251321414171 -0.1889707666750644
-0.38199632056449423 -0.16721885924347551
-0.3895251321414171 -0.2107226741066533
-0.37446750898757136 -0.1889707666750644
-0.36693869741064855 -0.1889707666750644
-0.3518810742568029 -0.16721885924347551
-0.3518810742568029 -0.23247458153824221
-0.34435226267988 -0.1454669518118866
-0.36693869741064855 -0.2107226741066533
-0.3518810742568029 -0.1454669518118866
-0.3292946395260343 -0.0802112295171199
-0.33682345110295714 -0.05845932208553099
-0.33682345110295714 -0.05845932208553099
-0.3292946395260343 -0.10196313694870879
-0.34435226267988 -0.16721885924347551
-0.33682345110295714 -0.2107226741066533
-0.3518810742568029 -0.23247458153824221
-0.3594098858337257 -0.2107226741066533
-0.36693869741064855 -0.1889707666750644
-0.37446750898757136 -0.16721885924347551
-0.36693869741064855 -0.12371504438029769
-0.37446750898757136 -0.1454669518118866
-0.3594098858337257 -0.0802112295171199
-0.34435226267988 -0.1454669518118866
-0.33682345110295714 -0.12371504438029769
-0.33682345110295714 -0.1454669518118866
-0.33682345110295714 -0.1454669518118866
-0.3518810742568029 -0.1454669518118866
-0.38199632056449423 -0.1454669518118866
-0.3970539437183399 -0.16721885924347551
-0.3895251321414171 -0.16721885924347551
-0.3970539437183399 -0.1454669518118866
-0.3970539437183399 -0.16721885924347551
-0.4045827552952628 -0.1889707666750644
-0.4045827552952628 -0.16721885924347551
-0.3970539437183399 -0.10196313694870879
-0.3970539437183399 -0.16721885924347551
-0.41964037844910845 -0.12371504438029769
-0.4271691900260313 -0.1454669518118866
-0.41211156687218564 -0.10196313694870879
-0.3970539437183399 -0.2107226741066533
-0.41211156687218564 -0.1889707666750644
-0.41964037844910845 -0.12371504438029769
-0.4271691900260313 -0.2107226741066533
-0.4346980016029542 -0.16721885924347551
-0.41211156687218564 -0.16721885924347551
-0.41211156687218564 -0.03670741465394209
-0.3895251321414171 0.006796400209235718
-0.3970539437183399 -0.014955507222353184
-0.41964037844910845 -0.10196313694870879
-0.4271691900260313 -0.1889707666750644
-0.4271691900260313 -0.2107226741066533
-0.44975562475679987 -0.2977303038330089
-0.4572844363337227 -0.27597839640142
-0.4873996826414141 -0.3194822112645978
-0.5099861173721826 -0.2977303038330089
-0.4873996826414141 -0.23247458153824221
-0.44975562475679987 -0.25422648896983113
-0.4723420594875684 -0.1454669518118866
-0.4572844363337227 -0.16721885924347551
-0.4572844363337227 -0.12371504438029769
-0.442226813179877 -0.1889707666750644
-0.442226813179877 -0.1889707666750644
-0.442226813179877 -0.1889707666750644
-0.442226813179877 -0.16721885924347551
-0.46481324791064554 -0.1889707666750644
-0.46481324791064554 -0.1889707666750644
-0.4723420594875684 -0.2107226741066533
-0.4798708710644912 -0.1889707666750644
-0.46481324791064554 -0.1889707666750644
-0.46481324791064554 -0.12371504438029769
-0.442226813179877 -0.12371504438029769
-0.44975562475679987 -0.10196313694870879
-0.4572844363337227 -0.10196313694870879
-0.46481324791064554 -0.16721885924347551
-0.49492849421833696 -0.1889707666750644
-0.4873996826414141 -0.25422648896983113
-0.4798708710644912 -0.2107226741066533
-0.442226813179877 -0.23247458153824221
-0.44975562475679987 -0.23247458153824221
-0.4346980016029542 -0.10196313694870879
-0.3970539437183399 -0.10196313694870879
-0.38199632056449423 -0.0802112295171199
-0.34435226267988 -0.0802112295171199
-0.3142370163721886 -0.014955507222353184
-0.29165058164142005 0.02854830764082462
-0.26906414691065156 0.02854830764082462
-0.28412177006449724 0.07205212250400242
-0.2991793932183429 0.02854830764082462
-0.28412177006449724 -0.05845932208553099
-0.29165058164142005 0.006796400209235718
-0.3067082047952658 -0.0802112295171199
-0.29165058164142005 -0.014955507222353184
-0.28412177006449724 0.05030021507241352
-0.24647771217988299 -0.03670741465394209
-0.20130484271834592 -0.014955507222353184
-0.17118959641065454 -0.10196313694870879
-0.15613197325680883 -0.1889707666750644
-0.15613197325680883 -0.34123411869618675
-0.17871840798757738 -0.27597839640142
-0.17118959641065454 -0.1889707666750644
-0.20883365429526876 -0.23247458153824221
-0.23894890060296015 -0.2107226741066533
-0.2314200890260373 -0.10196313694870879
-0.2314200890260373 -0.05845932208553099
-0.20883365429526876 -0.05845932208553099
-0.22389127744911444 -0.05845932208553099
-0.22389127744911444 -0.12371504438029769
-0.22389127744911444 -0.1889707666750644
-0.24647771217988299 -0.25422648896983113
-0.26906414691065156 -0.2977303038330089
-0.3067082047952658 -0.34123411869618675
-0.34435226267988 -0.34123411869618675
-0.37446750898757136 -0.27597839640142
-0.41964037844910845 -0.27597839640142
-0.46481324791064554 -0.2107226741066533
-0.5024573057952598 -0.16721885924347551
-0.4873996826414141 -0.1454669518118866
-0.5099861173721826 -0.1454669518118866
-0.5175149289491054 -0.05845932208553099
-0.5024573057952598 -0.12371504438029769
-0.5099861173721826 -0.10196313694870879
-0.5250437405260283 -0.16721885924347551
-0.5024573057952598 -0.25422648896983113
-0.49492849421833696 -0.25422648896983113
-0.5325725521029512 -0.3194822112645978
-0.5250437405260283 -0.2977303038330089
-0.49492849421833696 -0.25422648896983113
-0.49492849421833696 -0.25422648896983113
-0.49492849421833696 -0.10196313694870879
-0.4873996826414141 0.006796400209235718
-0.4723420594875684 0.05030021507241352
-0.46481324791064554 -0.03670741465394209
-0.46481324791064554 -0.23247458153824221
-0.4572844363337227 -0.44999365585413126
-0.41211156687218564 -0.732768452464787
-0.32176582794911146 -1.1243027862333872
-0.14107435010296313 -1.5158371200019876
0.15254930139702788 -1.9291233612021765
0.5741627497047073 -2.3206576949707767
1.1538812411277666 -2.6904401213077884
1.8314742830508226 -3.0167187327816216
2.5391825712815703 -3.2777416219606885
3.3221789752815463 -3.5605164185713445
4.0223584519353714 -3.821539307750411
4.617134566512276 -3.843291215182
4.978517522204573 -3.7345316780240556
5.1140361305891835 -3.3429973442554552
5.07639207270457 -2.7556958436025547
4.880642971704575 -2.2118981578128323
4.459029523396897 -1.624596657159932
3.6534466846661515 -1.1243027862333872
2.689758802820027 -0.8632798970543204
1.726070920973903 -0.7110165450331981
0.7623830391277785 -0.5587531930120757
-0.20130484271834592 -0.38473793355936453
-1.1122910435260103 -0.23247458153824221
-0.931599565679862 -0.1454669518118866
-0.5325725521029512 -0.12371504438029769
-0.148603161679886 -0.10196313694870879
0.04714593932010803 -0.03670741465394209
0.04714593932010803 -0.0802112295171199
-0.08837266906450321 -0.05845932208553099
-0.27659295848757437 0.05030021507241352
-0.4045827552952628 0.02854830764082462
-0.4873996826414141 0.09380402993559132
-0.5175149289491054 0.18081165966194693
-0.4873996826414141 0.2678192893883026
-0.46481324791064554 0.18081165966194693
-0.442226813179877 0.11555593736718023
-0.44975562475679987 0.07205212250400242
-0.46481324791064554 -0.014955507222353184
-0.5024573057952598 -0.014955507222353184
-0.5250437405260283 -0.014955507222353184
-0.5325725521029512 0.05030021507241352
-0.5325725521029512 0.20256356709353585
-0.5250437405260283 0.24606738195671365
-0.4798708710644912 0.22431547452512474
-0.44975562475679987 0.28957119681989146
-0.442226813179877 0.2678192893883026
-0.4271691900260313 0.28957119681989146
-0.41211156687218564 0.28957119681989146
-0.4045827552952628 0.22431547452512474
-0.4045827552952628 0.24606738195671365
-0.4271691900260313 0.13730784479876915
-0.4271691900260313 0.13730784479876915
-0.442226813179877 0.13730784479876915
-0.41211156687218564 0.22431547452512474
-0.3970539437183399 0.31132310425148035
-0.3518810742568029 0.39833073397783597
-0.34435226267988 0.5505940859989583
-0.3142370163721886 0.5505940859989583
-0.3142370163721886 0.3765788265462471
-0.3142370163721886 0.35482691911465813
-0.32176582794911146 0.20256356709353585
-0.3142370163721886 0.09380402993559132
-0.3292946395260343 0.07205212250400242
-0.32176582794911146 0.15905975223035804
-0.3142370163721886 0.15905975223035804
-0.33682345110295714 0.2678192893883026
-0.3067082047952658 0.28957119681989146
-0.2540065237568058 0.31132310425148035
-0.23894890060296015 0.44183454884101375
-0.19377603114142306 0.44183454884101375
-0.17118959641065454 0.44183454884101375
-0.14107435010296313 0.4853383637041916
-0.12601672694911745 0.4853383637041916
-0.11095910379527175 0.35482691911465813
-0.08084385748758037 0.44183454884101375
-0.08084385748758037 0.31132310425148035
-0.07331504591065752 0.39833073397783597
-0.035670988026043286 0.5070902711357804
-0.013084553295274743 0.6593536231569028
0.02455950458933949 0.7463612528832584
0.09231880878164511 0.8551207900412029
0.12996286666625934 0.8116169751780251
0.15254930139702788 0.7246093454516696
0.18266454770471927 0.6376017157253139
0.21277979401241065 0.5505940859989583
0.24289504032010203 0.5288421785673694
0.2805390982047163 0.5288421785673694
0.3257119676662534 0.5723459934305472
0.35582721397394473 0.6593536231569028
0.38594246028163615 0.6811055305884917
0.42358651816625037 0.7681131603148473
0.4612305760508646 0.7463612528832584
0.48381701078163314 0.8986246049043807
0.536518691820093 0.8768726974727918
0.5741627497047073 0.8551207900412029
0.5816915612816301 0.7463612528832584
0.5666339381277845 0.6811055305884917
0.5591051265508616 0.6376017157253139
0.5139322570893246 0.6376017157253139
0.5139322570893246 0.5940979008621361
0.5139322570893246 0.5723459934305472
0.5139322570893246 0.6376017157253139
0.491345822358556 0.6376017157253139
0.48381701078163314 0.6811055305884917
0.4612305760508646 0.6376017157253139
0.4537017644739417 0.6811055305884917
0.4160577065893275 0.615849808293725
0.3332407792431762 0.5288421785673694
0.2654814750508706 0.4635864562726027
0.1901933592816421 0.42008264140942486
0.1224340550893365 0.31132310425148035
0.06220356247395373 0.33307501168306924
0.0019730698585709505 0.33307501168306924
-0.05072861117988898 0.20256356709353585
-0.1184879153721946 0.2678192893883026
-0.148603161679886 0.24606738195671365
-0.18624721956450022 0.22431547452512474
-0.2163624658721916 0.20256356709353585
-0.27659295848757437 0.2678192893883026
-0.32176582794911146 0.18081165966194693
-0.33682345110295714 0.13730784479876915
-0.4045827552952628 0.13730784479876915
-0.46481324791064554 0.09380402993559132
-0.49492849421833696 0.11555593736718023
-0.540101363679874 0.13730784479876915
-0.5024573057952598 0.13730784479876915
-0.5099861173721826 0.11555593736718023
-0.5099861173721826 0.07205212250400242
-0.5024573057952598 0.15905975223035804
-0.4873996826414141 0.20256356709353585
-0.49492849421833696 0.2678192893883026
-0.5175149289491054 0.2678192893883026
-0.5175149289491054 0.15905975223035804
-0.5551589868337197 0.13730784479876915
-0.5476301752567969 0.05030021507241352
-0.5626877984106425 0.11555593736718023
-0.5777454215644883 0.11555593736718023
-0.5702166099875654 0.18081165966194693
-0.5928030447183339 0.22431547452512474
-0.5626877984106425 0.22431547452512474
-0.5626877984106425 0.2678192893883026
-0.540101363679874 0.2678192893883026
-0.5325725521029512 0.22431547452512474
-0.540101363679874 0.20256356709353585
-0.540101363679874 0.15905975223035804
-0.5325725521029512 0.15905975223035804
-0.5626877984106425 0.18081165966194693
-0.5928030447183339 0.13730784479876915
-0.5551589868337197 0.15905975223035804
-0.5777454215644883 0.24606738195671365
-0.5476301752567969 0.31132310425148035
-0.5175149289491054 0.31132310425148035
-0.49492849421833696 0.3765788265462471
-0.4798708710644912 0.33307501168306924
-0.46481324791064554 0.35482691911465813
-0.4873996826414141 0.31132310425148035
-0.5024573057952598 0.24606738195671365
-0.5175149289491054 0.24606738195671365
-0.540101363679874 0.11555593736718023
-0.540101363679874 0.18081165966194693
-0.5476301752567969 0.28957119681989146
-0.5626877984106425 0.31132310425148035
-0.5250437405260283 0.3765788265462471
-0.5175149289491054 0.39833073397783597
-0.5099861173721826 0.4635864562726027
-0.4873996826414141 0.33307501168306924
-0.4798708710644912 0.33307501168306924
-0.4873996826414141 0.31132310425148035
-0.5024573057952598 0.22431547452512474
-0.540101363679874 0.15905975223035804
-0.5702166099875654 0.18081165966194693
-0.5777454215644883 0.07205212250400242
-0.5852742331414111 0.13730784479876915
-0.6078606678721796 0.15905975223035804
-0.5928030447183339 0.18081165966194693
-0.5777454215644883 0.22431547452512474
-0.5777454215644883 0.28957119681989146
-0.5852742331414111 0.28957119681989146
-0.5702166099875654 0.28957119681989146
-0.5928030447183339 0.2678192893883026
-0.6003318562952568 0.22431547452512474
-0.6078606678721796 0.13730784479876915
-0.6304471026029482 0.09380402993559132
-0.637975914179871 0.15905975223035804
-0.6530335373337167 0.11555593736718023
-0.6530335373337167 0.18081165966194693
-0.637975914179871 0.22431547452512474
-0.6530335373337167 0.28957119681989146
-0.637975914179871 0.33307501168306924
-0.6003318562952568 0.35482691911465813
-0.6229182910260254 0.33307501168306924
-0.6304471026029482 0.22431547452512474
-0.6304471026029482 0.13730784479876915
-0.6605623489106396 0.02854830764082462
-0.6530335373337167 0.07205212250400242
-0.6455047257567939 0.02854830764082462
-0.6605623489106396 0.13730784479876915
-0.6680911604875625 0.15905975223035804
-0.6831487836414081 0.28957119681989146
-0.6756199720644852 0.28957119681989146
-0.6680911604875625 0.31132310425148035
-0.6605623489106396 0.2678192893883026
-0.6605623489106396 0.31132310425148035
-0.6455047257567939 0.18081165966194693
-0.6605623489106396 0.20256356709353585
-0.6680911604875625 0.15905975223035804
-0.6831487836414081 0.20256356709353585
-0.6906775952183309 0.22431547452512474
-0.6982064067952538 0.2678192893883026
-0.7057352183721767 0.22431547452512474
-0.6756199720644852 0.33307501168306924
-0.6680911604875625 0.33307501168306924
-0.6530335373337167 0.2678192893883026
-0.6530335373337167 0.2678192893883026
-0.6605623489106396 0.33307501168306924
-0.6831487836414081 0.24606738195671365
-0.6605623489106396 0.2678192893883026
-0.6906775952183309 0.18081165966194693
-0.7057352183721767 0.15905975223035804
-0.7057352183721767 0.02854830764082462
-0.7057352183721767 0.05030021507241352
-0.7132640299490995 0.15905975223035804
-0.6982064067952538 0.22431547452512474
-0.6756199720644852 0.31132310425148035
-0.6530335373337167 0.4853383637041916
-0.6078606678721796 0.5723459934305472
-0.5777454215644883 0.5505940859989583
-0.5476301752567969 0.5723459934305472
-0.5551589868337197 0.5070902711357804
-0.5476301752567969 0.5070902711357804
-0.5325725521029512 0.39833073397783597
-0.5175149289491054 0.3765788265462471
-0.5325725521029512 0.4635864562726027
-0.5551589868337197 0.39833073397783597
-0.540101363679874 0.42008264140942486
-0.5250437405260283 0.5288421785673694
-0.5024573057952598 0.5070902711357804
-0.4572844363337227 0.4853383637041916
-0.442226813179877 0.4853383637041916
-0.442226813179877 0.39833073397783597
-0.4572844363337227 0.28957119681989146
-0.44975562475679987 0.24606738195671365
-0.41964037844910845 0.13730784479876915
-0.3895251321414171 0.11555593736718023
-0.4045827552952628 0.11555593736718023
-0.41964037844910845 0.15905975223035804
-0.4271691900260313 0.2678192893883026
-0.442226813179877 0.31132310425148035
-0.4572844363337227 0.44183454884101375
-0.46481324791064554 0.42008264140942486
-0.46481324791064554 0.39833073397783597
-0.4572844363337227 0.35482691911465813
-0.4723420594875684 0.22431547452512474
-0.4873996826414141 0.18081165966194693
-0.5175149289491054 0.09380402993559132
-0.5551589868337197 0.02854830764082462
-0.5928030447183339 0.07205212250400242
-0.6229182910260254 0.2678192893883026
-0.6605623489106396 0.31132310425148035
-0.7057352183721767 0.2678192893883026
-0.7057352183721767 0.31132310425148035
-0.6982064067952538 0.28957119681989146
-0.7132640299490995 0.28957119681989146
-0.7132640299490995 0.13730784479876915
-0.7207928415260223 0.11555593736718023
-0.7283216531029452 0.09380402993559132
-0.7132640299490995 0.11555593736718023
-0.7132640299490995 0.07205212250400242
-0.7057352183721767 0.11555593736718023
-0.735850464679868 0.11555593736718023
-0.7132640299490995 0.13730784479876915
-0.6831487836414081 0.20256356709353585
-0.6756199720644852 0.3765788265462471
-0.6455047257567939 0.39833073397783597
-0.6304471026029482 0.33307501168306924
-0.637975914179871 0.33307501168306924
-0.6605623489106396 0.31132310425148035
-0.6831487836414081 0.18081165966194693
-0.6680911604875625 0.05030021507241352
-0.6078606678721796 -0.16721885924347551
-0.5099861173721826 -0.5152493781488979
-0.3594098858337257 -0.9067837119174982
-0.07331504591065752 -1.2548142308229207
0.28806790978163915 -1.5375890274335764
0.784969473858547 -1.8856195463389989
1.3496303421277605 -2.1901462503812437
2.004636949320048 -2.559928676718255
2.742460483858487 -2.886207288192088
3.487812829973849 -3.0819744550763883
4.120233002435368 -3.168982084802744
4.571961697050739 -2.9297111030552663
4.81288366751227 -2.4294172321287215
4.752653174896888 -1.8856195463389989
4.391270219204591 -1.2330623233913318
3.6685043078199975 -0.8197760821911426
2.7048164259738727 -0.6240089153068424
1.7411285441277486 -0.6022570078752536
0.7774406622816241 -0.6240089153068424
-0.18624721956450022 -0.5370012855804869
-1.1499351014106245 -0.47174556328572015
-1.5037892455259985 -0.27597839640142
-1.2101655940260074 -0.0802112295171199
-0.788552145718328 0.05030021507241352
-0.44975562475679987 0.11555593736718023
-0.26906414691065156 0.13730784479876915
-0.23894890060296015 0.22431547452512474
-0.33682345110295714 0.22431547452512474
-0.46481324791064554 0.35482691911465813
-0.5928030447183339 0.35482691911465813
-0.6530335373337167 0.4635864562726027
-0.6906775952183309 0.4635864562726027
-0.6831487836414081 0.42008264140942486
-0.6831487836414081 0.4853383637041916
-0.6831487836414081 0.35482691911465813
-0.6831487836414081 0.28957119681989146
-0.6982064067952538 0.22431547452512474
-0.6831487836414081 0.28957119681989146
-0.6756199720644852 0.2678192893883026
-0.6304471026029482 0.33307501168306924
-0.6229182910260254 0.31132310425148035
-0.6078606678721796 0.3765788265462471
-0.6003318562952568 0.39833073397783597
-0.6078606678721796 0.3765788265462471
-0.5928030447183339 0.44183454884101375
-0.6153894794491025 0.42008264140942486
-0.6229182910260254 0.3765788265462471
-0.6605623489106396 0.31132310425148035
-0.637975914179871 0.31132310425148035
-0.6304471026029482 0.31132310425148035
-0.6153894794491025 0.2678192893883026
-0.5852742331414111 0.35482691911465813
-0.5777454215644883 0.3765788265462471
-0.5702166099875654 0.42008264140942486
-0.5325725521029512 0.5288421785673694
-0.46481324791064554 0.4635864562726027
-0.49492849421833696 0.42008264140942486
-0.4723420594875684 0.4635864562726027
-0.4798708710644912 0.39833073397783597
-0.46481324791064554 0.35482691911465813
-0.46481324791064554 0.33307501168306924
-0.442226813179877 0.42008264140942486
-0.442226813179877 0.44183454884101375
-0.41211156687218564 0.5070902711357804
-0.37446750898757136 0.42008264140942486
-0.36693869741064855 0.5070902711357804
-0.3292946395260343 0.44183454884101375
-0.29165058164142005 0.44183454884101375
-0.27659295848757437 0.44183454884101375
-0.27659295848757437 0.42008264140942486
-0.2540065237568058 0.44183454884101375
-0.2615353353337287 0.4635864562726027
-0.22389127744911444 0.4853383637041916
-0.20883365429526876 0.5070902711357804
-0.12601672694911745 0.5070902711357804
-0.06578623433373466 0.6376017157253139
-0.0055557417183518965 0.6811055305884917
0.04714593932010803 0.7898650677464362
0.09231880878164511 0.7681131603148473
0.11490524351241366 0.8116169751780251
0.14502048982010504 0.7246093454516696
0.1676069245508736 0.7246093454516696
0.16007811297395072 0.6811055305884917
0.21277979401241065 0.6593536231569028
0.22783741716625636 0.7028574380200806
0.28806790978163915 0.7246093454516696
0.30312553293548483 0.8333688826096141
0.34076959082009906 0.8551207900412029
0.37088483712779047 0.8333688826096141
0.4160577065893275 0.7898650677464362
0.43111532974317324 0.7463612528832584
0.4461729528970189 0.8333688826096141
0.4461729528970189 0.8116169751780251
0.4461729528970189 0.7681131603148473
0.4085288950124047 0.7681131603148473
0.4160577065893275 0.6811055305884917
0.3784136487047133 0.6376017157253139
0.35582721397394473 0.615849808293725
0.31065434451240764 0.615849808293725
0.25795266347394774 0.6593536231569028
0.21277979401241065 0.615849808293725
0.15254930139702788 0.6376017157253139
0.11490524351241366 0.5940979008621361
0.03961712774318518 0.5288421785673694
-0.013084553295274743 0.4853383637041916
-0.08084385748758037 0.39833073397783597
-0.17871840798757738 0.31132310425148035
-0.23894890060296015 0.2678192893883026
-0.3067082047952658 0.2678192893883026
-0.38199632056449423 0.22431547452512474
-0.442226813179877 0.18081165966194693
-0.4572844363337227 0.11555593736718023
-0.49492849421833696 0.13730784479876915
-0.5175149289491054 0.13730784479876915
-0.5099861173721826 0.11555593736718023
-0.5099861173721826 0.18081165966194693
-0.5476301752567969 0.18081165966194693
-0.540101363679874 0.13730784479876915
-0.5777454215644883 0.13730784479876915
-0.5777454215644883 0.09380402993559132
-0.6078606678721796 0.13730784479876915
-0.6304471026029482 0.07205212250400242
-0.6455047257567939 0.05030021507241352
-0.6605623489106396 0.11555593736718023
-0.6229182910260254 0.20256356709353585
-0.6229182910260254 0.2678192893883026
-0.5928030447183339 0.20256356709353585
-0.5928030447183339 0.18081165966194693
-0.5852742331414111 0.11555593736718023
-0.6003318562952568 0.07205212250400242
-0.6078606678721796 -0.014955507222353184
-0.5777454215644883 -0.03670741465394209
-0.5777454215644883 0.006796400209235718
-0.6078606678721796 0.07205212250400242
-0.6229182910260254 0.18081165966194693
-0.6003318562952568 0.15905975223035804
-0.5702166099875654 0.13730784479876915
-0.5476301752567969 0.15905975223035804
-0.5175149289491054 0.09380402993559132
-0.5099861173721826 0.05030021507241352
-0.5325725521029512 0.11555593736718023
-0.5325725521029512 0.13730784479876915
-0.540101363679874 0.09380402993559132
-0.5250437405260283 0.07205212250400242
-0.540101363679874 0.02854830764082462
-0.5175149289491054 -0.05845932208553099
-0.540101363679874 0.006796400209235718
-0.5175149289491054 0.07205212250400242
-0.5099861173721826 0.05030021507241352
-0.4873996826414141 0.11555593736718023
-0.5099861173721826 0.18081165966194693
-0.49492849421833696 0.18081165966194693
-0.5024573057952598 0.15905975223035804
-0.4798708710644912 0.09380402993559132
-0.4798708710644912 0.09380402993559132
-0.49492849421833696 0.11555593736718023
-0.49492849421833696 0.13730784479876915
-0.5476301752567969 0.20256356709353585
-0.5476301752567969 0.13730784479876915
-0.5250437405260283 0.11555593736718023
-0.5099861173721826 -0.03670741465394209
-0.5024573057952598 -0.03670741465394209
-0.46481324791064554 -0.014955507222353184
-0.44975562475679987 -0.10196313694870879
-0.4798708710644912 0.006796400209235718
-0.49492849421833696 -0.0802112295171199
-0.5325725521029512 -0.03670741465394209
-0.5476301752567969 -0.0802112295171199
-0.5551589868337197 -0.12371504438029769
-0.5702166099875654 -0.12371504438029769
-0.5476301752567969 -0.1889707666750644
-0.5476301752567969 -0.05845932208553099
-0.5250437405260283 0.006796400209235718
-0.5175149289491054 0.09380402993559132
-0.5024573057952598 0.11555593736718023
-0.5024573057952598 0.07205212250400242
-0.5024573057952598 0.006796400209235718
-0.5099861173721826 -0.03670741465394209
-0.540101363679874 -0.1454669518118866
-0.6229182910260254 -0.1454669518118866
-0.5777454215644883 -0.1454669518118866
-0.5852742331414111 -0.014955507222353184
-0.5852742331414111 -0.0802112295171199
-0.5551589868337197 0.006796400209235718
-0.5325725521029512 0.006796400209235718
-0.5024573057952598 -0.05845932208553099
-0.49492849421833696 -0.05845932208553099
-0.5250437405260283 -0.10196313694870879
-0.5175149289491054 -0.12371504438029769
-0.5325725521029512 -0.2107226741066533
-0.5702166099875654 -0.16721885924347551
-0.5777454215644883 -0.2107226741066533
-0.5928030447183339 -0.23247458153824221
-0.5928030447183339 -0.12371504438029769
-0.5852742331414111 -0.1889707666750644
-0.5626877984106425 -0.12371504438029769
-0.5325725521029512 -0.03670741465394209
-0.5099861173721826 -0.05845932208553099
-0.49492849421833696 0.02854830764082462
-0.46481324791064554 -0.0802112295171199
-0.5024573057952598 -0.1454669518118866
-0.5250437405260283 -0.1889707666750644
-0.540101363679874 -0.25422648896983113
-0.5702166099875654 -0.2107226741066533
-0.5702166099875654 -0.23247458153824221
-0.5626877984106425 -0.1454669518118866
-0.5626877984106425 -0.10196313694870879
-0.5476301752567969 -0.0802112295171199
-0.5175149289491054 -0.12371504438029769
-0.5175149289491054 -0.10196313694870879
-0.4798708710644912 -0.0802112295171199
-0.49492849421833696 -0.10196313694870879
-0.4798708710644912 -0.0802112295171199
-0.49492849421833696 -0.12371504438029769
-0.49492849421833696 -0.0802112295171199
-0.5024573057952598 -0.0802112295171199
-0.4798708710644912 -0.05845932208553099
-0.46481324791064554 -0.014955507222353184
-0.4346980016029542 0.006796400209235718
-0.442226813179877 0.11555593736718023
-0.3970539437183399 0.07205212250400242
-0.3594098858337257 0.11555593736718023
-0.3142370163721886 0.09380402993559132
-0.29165058164142005 0.05030021507241352
-0.2991793932183429 0.02854830764082462
-0.3067082047952658 0.006796400209235718
-0.32176582794911146 -0.0802112295171199
-0.32176582794911146 -0.12371504438029769
-0.32176582794911146 -0.23247458153824221
-0.33682345110295714 -0.27597839640142
-0.3067082047952658 -0.2977303038330089
-0.2615353353337287 -0.3194822112645978
-0.22389127744911444 -0.25422648896983113
-0.22389127744911444 -0.10196313694870879
-0.19377603114142306 -0.10196313694870879
-0.20130484271834592 -0.0802112295171199
-0.23894890060296015 -0.05845932208553099
-0.2615353353337287 -0.12371504438029769
-0.2991793932183429 -0.2107226741066533
-0.34435226267988 -0.3194822112645978
-0.3292946395260343 -0.36298602612777564
-0.33682345110295714 -0.4064898409909534
-0.33682345110295714 -0.38473793355936453
-0.3594098858337257 -0.25422648896983113
-0.3594098858337257 -0.1889707666750644
-0.3970539437183399 -0.16721885924347551
-0.41964037844910845 -0.1889707666750644
-0.4572844363337227 -0.16721885924347551
-0.49492849421833696 -0.1889707666750644
-0.5551589868337197 -0.23247458153824221
-0.5777454215644883 -0.25422648896983113
-0.6078606678721796 -0.2977303038330089
-0.5928030447183339 -0.36298602612777564
-0.6078606678721796 -0.38473793355936453
-0.6003318562952568 -0.49349747071730904
-0.5626877984106425 -0.4064898409909534
-0.540101363679874 -0.3194822112645978
-0.5099861173721826 -0.2977303038330089
-0.49492849421833696 -0.23247458153824221
-0.5099861173721826 -0.2107226741066533
-0.5024573057952598 -0.25422648896983113
-0.5250437405260283 -0.2977303038330089
-0.5250437405260283 -0.3194822112645978
-0.5476301752567969 -0.23247458153824221
-0.5551589868337197 -0.23247458153824221
-0.540101363679874 -0.25422648896983113
-0.5250437405260283 -0.27597839640142
-0.5175149289491054 -0.38473793355936453
-0.46481324791064554 -0.5805051004436647
-0.3970539437183399 -0.7980241747595537
-0.2540065237568058 -1.1025508788017984
-0.04319979960296613 -1.5158371200019876
0.2654814750508706 -1.9943790834969433
0.6946237349354728 -2.4076653246971325
1.2065829221662265 -2.6904401213077884
1.8013590367431314 -3.147230177371155
2.4714232670892646 -3.408253066550222
3.133958685858475 -3.6475240482977
3.811551727781531 -3.821539307750411
4.383741407627668 -3.6475240482977
4.752653174896888 -3.234237807097511
4.9032294064353446 -2.7556958436025547
4.81288366751227 -2.05963480579171
4.391270219204591 -1.581092842296754
3.5631009457430776 -1.2330623233913318
2.5994130638969533 -1.189558508528154
1.6357251820508287 -1.1243027862333872
0.6720373002047043 -1.2330623233913318
-0.29165058164142005 -1.167806601096565
-1.2553384634875444 -1.0807989713702093
-1.3306265792567729 -0.8632798970543204
-0.9014843193721707 -0.5587531930120757
-0.46481324791064554 -0.4064898409909534
-0.1184879153721946 -0.2977303038330089
0.06973237405087657 -0.23247458153824221
0.054674750897030874 -0.27597839640142
-0.035670988026043286 -0.23247458153824221
-0.18624721956450022 -0.34123411869618675
-0.33682345110295714 -0.4282417484225423
-0.44975562475679987 -0.34123411869618675
-0.5024573057952598 -0.3194822112645978
-0.5099861173721826 -0.27597839640142
-0.4798708710644912 -0.27597839640142
-0.4873996826414141 -0.2107226741066533
-0.442226813179877 -0.23247458153824221
-0.44975562475679987 -0.23247458153824221
-0.4045827552952628 -0.27597839640142
-0.41211156687218564 -0.2977303038330089
-0.4346980016029542 -0.2977303038330089
-0.442226813179877 -0.3194822112645978
-0.442226813179877 -0.2977303038330089
-0.442226813179877 -0.2977303038330089
-0.44975562475679987 -0.3194822112645978
-0.4346980016029542 -0.2977303038330089
-0.41211156687218564 -0.2977303038330089
-0.3970539437183399 -0.2977303038330089
-0.37446750898757136 -0.1889707666750644
-0.37446750898757136 -0.2107226741066533
-0.36693869741064855 -0.1889707666750644
-0.3594098858337257 -0.16721885924347551
-0.3518810742568029 -0.2107226741066533
-0.37446750898757136 -0.23247458153824221
-0.36693869741064855 -0.2977303038330089
-0.3594098858337257 -0.36298602612777564
-0.34435226267988 -0.2977303038330089
-0.3292946395260343 -0.2977303038330089
-0.32176582794911146 -0.2107226741066533
-0.3067082047952658 -0.1889707666750644
-0.28412177006449724 -0.12371504438029769
-0.2540065237568058 -0.0802112295171199
-0.2314200890260373 -0.10196313694870879
-0.2163624658721916 -0.0802112295171199
-0.17871840798757738 -0.16721885924347551
-0.17118959641065454 -0.2107226741066533
-0.17118959641065454 -0.3194822112645978
-0.20883365429526876 -0.2977303038330089
-0.18624721956450022 -0.27597839640142
-0.19377603114142306 -0.23247458153824221
-0.20130484271834592 -0.16721885924347551
-0.14107435010296313 -0.10196313694870879
-0.08837266906450321 -0.05845932208553099
-0.058257422756811825 -0.03670741465394209
0.017030693012416644 -0.10196313694870879
0.032088316166262336 -0.10196313694870879
0.054674750897030874 -0.0802112295171199
0.07726118562779942 -0.10196313694870879
0.07726118562779942 -0.03670741465394209
0.11490524351241366 0.006796400209235718
0.15254930139702788 0.006796400209235718
0.21277979401241065 0.05030021507241352
0.22783741716625636 0.09380402993559132
0.2654814750508706 0.11555593736718023
0.3181831560893305 0.13730784479876915
0.35582721397394473 0.13730784479876915
0.39347127185855896 0.15905975223035804
0.42358651816625037 0.22431547452512474
0.4537017644739417 0.18081165966194693
0.46875938762778746 0.13730784479876915
0.5064034455124017 0.18081165966194693
0.5289898802431702 0.13730784479876915
0.5289898802431702 0.07205212250400242
0.5666339381277845 0.11555593736718023
0.5741627497047073 0.09380402993559132
0.5816915612816301 0.13730784479876915
0.6268644307431672 0.18081165966194693
0.6193356191662444 0.15905975223035804
0.6795661117816272 0.15905975223035804
0.68709492335855 0.22431547452512474
0.6795661117816272 0.20256356709353585
0.6795661117816272 0.13730784479876915
0.6645084886277814 0.09380402993559132
0.6343932423200901 -0.014955507222353184
0.6193356191662444 -0.014955507222353184
0.5816915612816301 0.006796400209235718
0.5440475033970159 -0.03670741465394209
0.5214610686662474 0.05030021507241352
0.46875938762778746 0.02854830764082462
0.43111532974317324 0.07205212250400242
0.35582721397394473 -0.0802112295171199
0.29559672135856196 -0.1454669518118866
0.24289504032010203 -0.23247458153824221
0.1374916782431822 -0.4064898409909534
0.09984762035856795 -0.44999365585413126
0.017030693012416644 -0.5587531930120757
-0.028142176449120437 -0.5587531930120757
-0.11095910379527175 -0.5587531930120757
-0.16366078483373167 -0.5805051004436647
-0.19377603114142306 -0.47174556328572015
-0.2163624658721916 -0.4064898409909534
-0.22389127744911444 -0.4282417484225423
-0.2540065237568058 -0.38473793355936453
-0.28412177006449724 -0.4282417484225423
-0.2991793932183429 -0.4064898409909534
-0.3067082047952658 -0.49349747071730904
-0.34435226267988 -0.47174556328572015
-0.3518810742568029 -0.5370012855804869
-0.3594098858337257 -0.5152493781488979
-0.3895251321414171 -0.5587531930120757
-0.4045827552952628 -0.6240089153068424
-0.41964037844910845 -0.6022570078752536
-0.36693869741064855 -0.5587531930120757
-0.3594098858337257 -0.49349747071730904
-0.3292946395260343 -0.47174556328572015
-0.3067082047952658 -0.44999365585413126
-0.33682345110295714 -0.44999365585413126
-0.34435226267988 -0.5152493781488979
-0.3518810742568029 -0.6022570078752536
-0.3594098858337257 -0.6240089153068424
-0.3970539437183399 -0.6240089153068424
-0.38199632056449423 -0.6240089153068424
-0.3518810742568029 -0.5587531930120757
-0.3518810742568029 -0.5587531930120757
-0.3142370163721886 -0.44999365585413126
-0.3067082047952658 -0.36298602612777564
-0.2991793932183429 -0.36298602612777564
-0.2615353353337287 -0.38473793355936453
-0.27659295848757437 -0.44999365585413126
-0.2615353353337287 -0.5587531930120757
-0.28412177006449724 -0.5587531930120757
-0.3142370163721886 -0.6240089153068424
-0.33682345110295714 -0.47174556328572015
-0.33682345110295714 -0.5370012855804869
-0.32176582794911146 -0.5805051004436647
-0.3067082047952658 -0.5152493781488979
-0.29165058164142005 -0.47174556328572015
-0.26906414691065156 -0.49349747071730904
-0.27659295848757437 -0.5152493781488979
-0.27659295848757437 -0.49349747071730904
-0.26906414691065156 -0.47174556328572015
-0.29165058164142005 -0.5805051004436647
-0.2991793932183429 -0.5370012855804869
-0.3292946395260343 -0.6022570078752536
-0.33682345110295714 -0.6022570078752536
-0.33682345110295714 -0.6022570078752536
-0.3292946395260343 -0.6240089153068424
-0.33682345110295714 -0.5805051004436647
-0.3067082047952658 -0.5152493781488979
-0.32176582794911146 -0.4064898409909534
-0.2991793932183429 -0.44999365585413126
-0.3142370163721886 -0.44999365585413126
-0.32176582794911146 -0.5152493781488979
-0.32176582794911146 -0.6240089153068424
-0.33682345110295714 -0.6675127301700202
-0.3594098858337257 -0.6892646376016092
-0.37446750898757136 -0.6457608227384314
-0.3895251321414171 -0.6022570078752536
-0.38199632056449423 -0.6240089153068424
-0.38199632056449423 -0.5587531930120757
-0.36693869741064855 -0.5587531930120757
-0.3518810742568029 -0.5587531930120757
-0.3292946395260343 -0.6022570078752536
-0.3594098858337257 -0.6240089153068424
-0.37446750898757136 -0.6240089153068424
-0.37446750898757136 -0.6892646376016092
-0.38199632056449423 -0.7110165450331981
-0.4045827552952628 -0.732768452464787
-0.38199632056449423 -0.6675127301700202
-0.4045827552952628 -0.7545203598963759
-0.41964037844910845 -0.7545203598963759
-0.41211156687218564 -0.6892646376016092
-0.3970539437183399 -0.6457608227384314
-0.4271691900260313 -0.6240089153068424
-0.41211156687218564 -0.6022570078752536
-0.4346980016029542 -0.6457608227384314
-0.4271691900260313 -0.6892646376016092
-0.41964037844910845 -0.732768452464787
-0.41211156687218564 -0.7545203598963759
-0.3970539437183399 -0.732768452464787
-0.41211156687218564 -0.6892646376016092
-0.4346980016029542 -0.6892646376016092
-0.41211156687218564 -0.6892646376016092
-0.4271691900260313 -0.6022570078752536
-0.41964037844910845 -0.6022570078752536
-0.41964037844910845 -0.6022570078752536
-0.41211156687218564 -0.6675127301700202
-0.4346980016029542 -0.732768452464787
-0.4346980016029542 -0.732768452464787
-0.442226813179877 -0.7545203598963759
-0.4346980016029542 -0.7762722673279647
-0.44975562475679987 -0.7762722673279647
-0.4572844363337227 -0.8197760821911426
-0.4572844363337227 -0.7980241747595537
-0.442226813179877 -0.7762722673279647
-0.442226813179877 -0.732768452464787
-0.4346980016029542 -0.6240089153068424
-0.4271691900260313 -0.6022570078752536
-0.41211156687218564 -0.49349747071730904
-0.41211156687218564 -0.47174556328572015
-0.4045827552952628 -0.4282417484225423
-0.4045827552952628 -0.5152493781488979
-0.37446750898757136 -0.47174556328572015
-0.34435226267988 -0.5587531930120757
-0.3142370163721886 -0.5805051004436647
-0.27659295848757437 -0.5370012855804869
-0.24647771217988299 -0.47174556328572015
-0.2540065237568058 -0.49349747071730904
-0.24647771217988299 -0.49349747071730904
-0.26906414691065156 -0.49349747071730904
-0.2615353353337287 -0.44999365585413126
-0.2615353353337287 -0.47174556328572015
-0.24647771217988299 -0.49349747071730904
-0.2314200890260373 -0.5587531930120757
-0.2314200890260373 -0.5587531930120757
-0.2314200890260373 -0.6240089153068424
-0.22389127744911444 -0.6892646376016092
-0.20883365429526876 -0.6675127301700202
-0.20130484271834592 -0.6892646376016092
-0.17118959641065454 -0.732768452464787
-0.14107435010296313 -0.6675127301700202
-0.13354553852604029 -0.5805051004436647
-0.1034302922183489 -0.5587531930120757
-0.12601672694911745 -0.47174556328572015
-0.1184879153721946 -0.44999365585413126
-0.148603161679886 -0.38473793355936453
-0.14107435010296313 -0.5370012855804869
-0.17871840798757738 -0.5152493781488979
-0.19377603114142306 -0.6675127301700202
-0.20883365429526876 -0.7762722673279647
-0.22389127744911444 -0.7545203598963759
-0.23894890060296015 -0.6892646376016092
-0.27659295848757437 -0.732768452464787
-0.29165058164142005 -0.6022570078752536
-0.3142370163721886 -0.5805051004436647
-0.34435226267988 -0.6457608227384314
-0.3895251321414171 -0.6022570078752536
-0.4271691900260313 -0.732768452464787
-0.4572844363337227 -0.732768452464787
-0.4723420594875684 -0.7980241747595537
-0.5099861173721826 -0.8197760821911426
-0.5099861173721826 -0.732768452464787
-0.5250437405260283 -0.6892646376016092
-0.5325725521029512 -0.6675127301700202
-0.5024573057952598 -0.6022570078752536
-0.46481324791064554 -0.6675127301700202
-0.442226813179877 -0.5805051004436647
-0.4271691900260313 -0.6022570078752536
-0.4271691900260313 -0.6022570078752536
-0.4346980016029542 -0.5152493781488979
-0.44975562475679987 -0.47174556328572015
-0.4572844363337227 -0.6022570078752536
-0.5099861173721826 -0.6022570078752536
-0.5024573057952598 -0.6675127301700202
-0.5099861173721826 -0.7762722673279647
-0.4873996826414141 -0.7980241747595537
-0.41211156687218564 -0.9937913416438539
-0.33682345110295714 -1.167806601096565
-0.19377603114142306 -1.4723333051388097
0.02455950458933949 -1.9508752686337656
0.3482984023970219 -2.472921046991899
0.7623830391277785 -2.799199658465733
1.2969286610893005 -3.2994935293922776
1.9218200219738968 -3.7345316780240556
2.569297817589262 -4.082562196929478
3.2619484826661638 -4.256577456382189
3.932012713012297 -4.4305927158349006
4.489144769704588 -4.2783293638137785
4.888171783281498 -3.9955545672031225
5.07639207270457 -3.604020233434522
5.098978507435338 -3.0167187327816216
4.955931087473804 -2.45116913956031
4.594548131781507 -1.9943790834969433
3.932012713012297 -1.624596657159932
2.9683248311661727 -1.4288294902756318
2.004636949320048 -1.2765661382545095
1.040949067473924 -1.2983180456860985
0.07726118562779942 -1.2765661382545095
-0.8864266962183249 -1.1243027862333872
-1.0520605509106276 -0.9720394342122649
-0.6906775952183309 -0.7762722673279647
-0.2615353353337287 -0.6240089153068424
0.04714593932010803 -0.49349747071730904
0.14502048982010504 -0.49349747071730904
0.09984762035856795 -0.47174556328572015
-0.07331504591065752 -0.6457608227384314
-0.24647771217988299 -0.6457608227384314
-0.3970539437183399 -0.6457608227384314
-0.4798708710644912 -0.5805051004436647
-0.49492849421833696 -0.5805051004436647
-0.49492849421833696 -0.44999365585413126
-0.4572844363337227 -0.36298602612777564
-0.44975562475679987 -0.34123411869618675
-0.4271691900260313 -0.34123411869618675
-0.41964037844910845 -0.34123411869618675
-0.41211156687218564 -0.4282417484225423
-0.41211156687218564 -0.4282417484225423
-0.41211156687218564 -0.44999365585413126
-0.41211156687218564 -0.47174556328572015
-0.41964037844910845 -0.34123411869618675
-0.4271691900260313 -0.36298602612777564
-0.41211156687218564 -0.36298602612777564
-0.4346980016029542 -0.4064898409909534
-0.4271691900260313 -0.47174556328572015
-0.41964037844910845 -0.44999365585413126
-0.37446750898757136 -0.3194822112645978
-0.3518810742568029 -0.36298602612777564
-0.3292946395260343 -0.38473793355936453
-0.3067082047952658 -0.4282417484225423
-0.3067082047952658 -0.4282417484225423
-0.3142370163721886 -0.5152493781488979
-0.32176582794911146 -0.49349747071730904
-0.3292946395260343 -0.5152493781488979
-0.33682345110295714 -0.49349747071730904
-0.3518810742568029 -0.44999365585413126
-0.3518810742568029 -0.3194822112645978
-0.29165058164142005 -0.34123411869618675
-0.2540065237568058 -0.16721885924347551
-0.20883365429526876 -0.1454669518118866
-0.20883365429526876 -0.2107226741066533
-0.16366078483373167 -0.27597839640142
-0.17118959641065454 -0.2977303038330089
-0.17118959641065454 -0.3194822112645978
-0.15613197325680883 -0.4282417484225423
-0.148603161679886 -0.4064898409909534
-0.13354553852604029 -0.4064898409909534
-0.09590148064142606 -0.38473793355936453
-0.08837266906450321 -0.2977303038330089
-0.035670988026043286 -0.25422648896983113
-0.0055557417183518965 -0.16721885924347551
0.02455950458933949 -0.1454669518118866
0.07726118562779942 -0.12371504438029769
0.08478999720472226 -0.16721885924347551
0.1073764319354908 -0.1454669518118866
0.12996286666625934 -0.16721885924347551
0.14502048982010504 -0.27597839640142
0.17513573612779643 -0.25422648896983113
0.18266454770471927 -0.16721885924347551
0.22030860558933352 -0.1889707666750644
0.25795266347394774 -0.12371504438029769
0.29559672135856196 0.006796400209235718
0.35582721397394473 0.09380402993559132
0.4085288950124047 0.05030021507241352
0.4612305760508646 0.07205212250400242
0.491345822358556 0.02854830764082462
0.4988746339354788 -0.014955507222353184
0.5440475033970159 -0.014955507222353184
0.5666339381277845 -0.0802112295171199
0.5741627497047073 0.02854830764082462
0.5741627497047073 0.02854830764082462
0.5816915612816301 0.15905975223035804
0.6268644307431672 0.20256356709353585
0.641922053897013 0.11555593736718023
0.6645084886277814 0.09380402993559132
0.641922053897013 0.07205212250400242
0.6494508654739358 0.006796400209235718
0.6720373002047043 0.02854830764082462
0.6268644307431672 -0.014955507222353184
0.6042779960123987 0.006796400209235718
0.5816915612816301 -0.0802112295171199
0.5289898802431702 -0.05845932208553099
0.48381701078163314 -0.16721885924347551
0.4461729528970189 -0.1454669518118866
0.37088483712779047 -0.2107226741066533
0.34076959082009906 -0.1889707666750644
0.28806790978163915 -0.10196313694870879
0.2504238518970249 -0.05845932208553099
0.1676069245508736 -0.0802112295171199
0.1073764319354908 -0.10196313694870879
0.03961712774318518 -0.2107226741066533
-0.02061336487219759 -0.2977303038330089
-0.11095910379527175 -0.4282417484225423
-0.16366078483373167 -0.44999365585413126
-0.20883365429526876 -0.4282417484225423
-0.2615353353337287 -0.38473793355936453
-0.28412177006449724 -0.36298602612777564
-0.29165058164142005 -0.38473793355936453
-0.3067082047952658 -0.38473793355936453
-0.34435226267988 -0.38473793355936453
-0.37446750898757136 -0.47174556328572015
-0.3970539437183399 -0.44999365585413126
-0.4045827552952628 -0.47174556328572015
-0.44975562475679987 -0.49349747071730904
-0.49492849421833696 -0.5370012855804869
-0.49492849421833696 -0.5370012855804869
-0.5099861173721826 -0.5805051004436647
-0.5099861173721826 -0.5587531930120757
-0.5024573057952598 -0.44999365585413126
-0.4873996826414141 -0.34123411869618675
-0.4723420594875684 -0.3194822112645978
-0.4572844363337227 -0.2107226741066533
-0.442226813179877 -0.23247458153824221
-0.4572844363337227 -0.25422648896983113
-0.4723420594875684 -0.3194822112645978
-0.4798708710644912 -0.49349747071730904
-0.4873996826414141 -0.49349747071730904
-0.49492849421833696 -0.5587531930120757
-0.5024573057952598 -0.5587531930120757
-0.5175149289491054 -0.49349747071730904
-0.4798708710644912 -0.36298602612777564
-0.4798708710644912 -0.27597839640142
-0.4572844363337227 -0.25422648896983113
-0.4572844363337227 -0.2977303038330089
-0.4346980016029542 -0.38473793355936453
-0.41964037844910845 -0.4282417484225423
-0.44975562475679987 -0.4282417484225423
-0.4346980016029542 -0.4282417484225423
-0.4572844363337227 -0.47174556328572015
-0.46481324791064554 -0.36298602612777564
-0.46481324791064554 -0.36298602612777564
-0.4723420594875684 -0.36298602612777564
-0.44975562475679987 -0.2977303038330089
-0.41964037844910845 -0.36298602612777564
-0.4346980016029542 -0.2977303038330089
-0.41964037844910845 -0.23247458153824221
-0.44975562475679987 -0.23247458153824221
-0.4723420594875684 -0.25422648896983113
-0.46481324791064554 -0.2977303038330089
-0.4723420594875684 -0.2977303038330089
-0.4798708710644912 -0.34123411869618675
-0.4798708710644912 -0.2977303038330089
-0.4873996826414141 -0.3194822112645978
-0.46481324791064554 -0.34123411869618675
-0.44975562475679987 -0.2977303038330089
-0.44975562475679987 -0.27597839640142
-0.44975562475679987 -0.23247458153824221
-0.44975562475679987 -0.1454669518118866
-0.4572844363337227 -0.2107226741066533
-0.442226813179877 -0.34123411869618675
-0.4572844363337227 -0.47174556328572015
-0.4798708710644912 -0.47174556328572015
-0.5099861173721826 -0.5152493781488979
-0.5175149289491054 -0.44999365585413126
-0.5175149289491054 -0.44999365585413126
-0.5551589868337197 -0.4064898409909534
-0.5250437405260283 -0.3194822112645978
-0.5551589868337197 -0.2977303038330089
-0.5250437405260283 -0.3194822112645978
-0.5099861173721826 -0.2977303038330089
-0.5024573057952598 -0.3194822112645978
-0.5175149289491054 -0.2977303038330089
-0.5175149289491054 -0.3194822112645978
-0.540101363679874 -0.34123411869618675
-0.5325725521029512 -0.3194822112645978
-0.5476301752567969 -0.3194822112645978
-0.5476301752567969 -0.27597839640142
-0.5551589868337197 -0.25422648896983113
-0.5777454215644883 -0.2977303038330089
-0.5551589868337197 -0.2107226741066533
-0.5702166099875654 -0.1889707666750644
-0.540101363679874 -0.1889707666750644
-0.5250437405260283 -0.10196313694870879
-0.540101363679874 -0.25422648896983113
-0.5250437405260283 -0.2977303038330089
-0.5325725521029512 -0.36298602612777564
-0.5777454215644883 -0.47174556328572015
-0.5852742331414111 -0.5370012855804869
-0.6003318562952568 -0.44999365585413126
-0.5928030447183339 -0.44999365585413126
-0.6003318562952568 -0.27597839640142
-0.5852742331414111 -0.2107226741066533
-0.5702166099875654 -0.10196313694870879
-0.5777454215644883 -0.10196313694870879
-0.5476301752567969 -0.12371504438029769
-0.5777454215644883 -0.25422648896983113
-0.5852742331414111 -0.2977303038330089
-0.6229182910260254 -0.36298602612777564
-0.6304471026029482 -0.36298602612777564
-0.637975914179871 -0.2977303038330089
-0.6229182910260254 -0.3194822112645978
-0.6304471026029482 -0.23247458153824221
-0.6153894794491025 -0.1454669518118866
-0.6229182910260254 -0.1454669518118866
-0.5852742331414111 -0.014955507222353184
-0.5325725521029512 0.02854830764082462
-0.4873996826414141 0.02854830764082462
-0.442226813179877 0.006796400209235718
-0.4346980016029542 -0.03670741465394209
-0.4346980016029542 -0.12371504438029769
-0.442226813179877 -0.23247458153824221
-0.46481324791064554 -0.12371504438029769
-0.4723420594875684 -0.10196313694870879
-0.4723420594875684 -0.12371504438029769
-0.4723420594875684 -0.03670741465394209
-0.4346980016029542 0.006796400209235718
-0.41211156687218564 0.05030021507241352
-0.3895251321414171 0.07205212250400242
-0.3594098858337257 0.006796400209235718
-0.34435226267988 -0.12371504438029769
-0.3518810742568029 -0.12371504438029769
-0.36693869741064855 -0.25422648896983113
-0.3518810742568029 -0.23247458153824221
-0.34435226267988 -0.27597839640142
-0.33682345110295714 -0.3194822112645978
-0.3292946395260343 -0.25422648896983113
-0.3292946395260343 -0.1889707666750644
-0.33682345110295714 -0.1454669518118866
-0.3518810742568029 -0.05845932208553099
-0.34435226267988 -0.03670741465394209
-0.33682345110295714 0.02854830764082462
-0.34435226267988 0.02854830764082462
-0.34435226267988 -0.05845932208553099
-0.37446750898757136 -0.12371504438029769
-0.3895251321414171 -0.3194822112645978
-0.4045827552952628 -0.36298602612777564
-0.4346980016029542 -0.38473793355936453
-0.44975562475679987 -0.2977303038330089
-0.4723420594875684 -0.1454669518118866
-0.5024573057952598 -0.10196313694870879
-0.5551589868337197 -0.0802112295171199
-0.5626877984106425 -0.03670741465394209
-0.5702166099875654 -0.0802112295171199
-0.5928030447183339 -0.1889707666750644
-0.6153894794491025 -0.27597839640142
-0.6304471026029482 -0.36298602612777564
-0.6605623489106396 -0.38473793355936453
-0.6906775952183309 -0.4282417484225423
-0.7132640299490995 -0.36298602612777564
-0.6680911604875625 -0.27597839640142
-0.6530335373337167 -0.27597839640142
-0.6229182910260254 -0.16721885924347551
-0.5928030447183339 -0.12371504438029769
-0.6003318562952568 -0.0802112295171199
-0.5777454215644883 -0.0802112295171199
-0.5702166099875654 -0.03670741465394209
-0.5852742331414111 -0.03670741465394209
-0.5928030447183339 -0.014955507222353184
-0.6003318562952568 -0.014955507222353184
-0.6304471026029482 -0.0802112295171199
-0.6003318562952568 -0.34123411869618675
-0.5928030447183339 -0.5370012855804869
-0.49492849421833696 -0.8415279896227315
-0.36693869741064855 -1.2330623233913318
-0.14107435010296313 -1.5593409348651652
0.19772217085856497 -1.7551081017494654
0.6645084886277814 -2.05963480579171
1.2141117337431493 -2.3424096024023657
1.8314742830508226 -2.712192028739377
2.509067324973879 -3.0384706402132107
3.179131555320012 -3.3429973442554552
3.78143648147384 -3.5387645111397554
4.300924480281516 -3.5605164185713445
4.684893870704582 -3.3429973442554552
4.86558534855073 -2.907959195623677
4.81288366751227 -2.277153880107599
4.549375262319971 -1.581092842296754
3.9545991477430653 -1.189558508528154
2.990911265896941 -0.9067837119174982
2.0272233840508167 -0.9067837119174982
1.0635355022046924 -0.9067837119174982
0.09984762035856795 -0.9067837119174982
-0.8638402614875564 -0.732768452464787
-1.3381553908336958 -0.5805051004436647
-1.0520605509106276 -0.38473793355936453
-0.6455047257567939 -0.16721885924347551
-0.3142370163721886 -0.05845932208553099
-0.13354553852604029 0.02854830764082462
-0.11095910379527175 0.07205212250400242
-0.20130484271834592 0.02854830764082462
-0.33682345110295714 0.05030021507241352
-0.46481324791064554 -0.014955507222353184
-0.5626877984106425 -0.014955507222353184
-0.6078606678721796 -0.014955507222353184
-0.6078606678721796 -0.014955507222353184
-0.6078606678721796 0.05030021507241352
-0.6078606678721796 0.05030021507241352
-0.6003318562952568 -0.014955507222353184
-0.6078606678721796 0.02854830764082462
-0.5928030447183339 0.11555593736718023
-0.5777454215644883 0.15905975223035804
-0.5702166099875654 0.22431547452512474
-0.5476301752567969 0.18081165966194693
-0.5175149289491054 0.18081165966194693
-0.5325725521029512 0.13730784479876915
-0.5175149289491054 0.05030021507241352
-0.5175149289491054 -0.12371504438029769
-0.5325725521029512 0.02854830764082462
-0.5250437405260283 -0.05845932208553099
-0.5476301752567969 0.07205212250400242
-0.540101363679874 0.18081165966194693
-0.5175149289491054 0.22431547452512474
-0.5099861173721826 0.22431547452512474
-0.4723420594875684 0.24606738195671365
-0.4723420594875684 0.15905975223035804
-0.4572844363337227 0.18081165966194693
-0.4271691900260313 0.22431547452512474
-0.4045827552952628 0.15905975223035804
-0.4045827552952628 0.13730784479876915
-0.3970539437183399 0.18081165966194693
-0.3970539437183399 0.20256356709353585
-0.3970539437183399 0.22431547452512474
-0.3970539437183399 0.24606738195671365
-0.3594098858337257 0.31132310425148035
-0.34435226267988 0.39833073397783597
-0.3067082047952658 0.4635864562726027
-0.28412177006449724 0.42008264140942486
-0.2540065237568058 0.3765788265462471
-0.2615353353337287 0.2678192893883026
-0.2540065237568058 0.24606738195671365
-0.2540065237568058 0.18081165966194693
-0.2314200890260373 0.35482691911465813
-0.2163624658721916 0.24606738195671365
-0.20130484271834592 0.39833073397783597
-0.18624721956450022 0.3765788265462471
-0.13354553852604029 0.42008264140942486
-0.1034302922183489 0.5288421785673694
-0.05072861117988898 0.4853383637041916
-0.013084553295274743 0.4635864562726027
-0.0055557417183518965 0.4853383637041916
0.017030693012416644 0.4853383637041916
0.02455950458933949 0.5288421785673694
0.04714593932010803 0.4635864562726027
0.06973237405087657 0.5070902711357804
0.1073764319354908 0.4853383637041916
0.12996286666625934 0.5940979008621361
0.1901933592816421 0.6593536231569028
0.24289504032010203 0.7246093454516696
0.29559672135856196 0.7898650677464362
0.3257119676662534 0.7681131603148473
0.37088483712779047 0.8116169751780251
0.39347127185855896 0.7898650677464362
0.43111532974317324 0.7898650677464362
0.4537017644739417 0.7681131603148473
0.46875938762778746 0.6811055305884917
0.46875938762778746 0.6811055305884917
0.46875938762778746 0.6811055305884917
0.4612305760508646 0.6593536231569028
0.491345822358556 0.7463612528832584
0.5064034455124017 0.7246093454516696
0.5064034455124017 0.7898650677464362
0.5289898802431702 0.8551207900412029
0.5289898802431702 0.7463612528832584
0.5214610686662474 0.6811055305884917
0.4988746339354788 0.6376017157253139
0.43864414132009605 0.5723459934305472
0.4010000834354818 0.5940979008621361
0.3332407792431762 0.5723459934305472
0.28806790978163915 0.5505940859989583
0.22783741716625636 0.5070902711357804
0.17513573612779643 0.5940979008621361
0.1224340550893365 0.5288421785673694
0.09984762035856795 0.4853383637041916
0.03961712774318518 0.5070902711357804
0.0019730698585709505 0.5070902711357804
-0.058257422756811825 0.42008264140942486
-0.11095910379527175 0.39833073397783597
-0.19377603114142306 0.39833073397783597
-0.2540065237568058 0.2678192893883026
-0.3292946395260343 0.15905975223035804
-0.3594098858337257 0.13730784479876915
-0.41211156687218564 0.15905975223035804
-0.41211156687218564 0.13730784479876915
-0.41964037844910845 0.24606738195671365
-0.41211156687218564 0.18081165966194693
-0.442226813179877 0.18081165966194693
-0.41964037844910845 0.18081165966194693
-0.44975562475679987 0.11555593736718023
-0.4723420594875684 0.13730784479876915
-0.5024573057952598 -0.014955507222353184
-0.5250437405260283 -0.05845932208553099
-0.5702166099875654 -0.03670741465394209
-0.5852742331414111 -0.014955507222353184
-0.6003318562952568 0.05030021507241352
-0.6078606678721796 0.11555593736718023
-0.5702166099875654 0.20256356709353585
-0.5551589868337197 0.31132310425148035
-0.5175149289491054 0.33307501168306924
-0.5024573057952598 0.3765788265462471
-0.4873996826414141 0.22431547452512474
-0.4873996826414141 0.18081165966194693
-0.5175149289491054 0.09380402993559132
-0.5250437405260283 0.09380402993559132
-0.5250437405260283 0.11555593736718023
-0.5551589868337197 0.11555593736718023
-0.5702166099875654 0.18081165966194693
-0.5325725521029512 0.20256356709353585
-0.5325725521029512 0.28957119681989146
-0.5250437405260283 0.28957119681989146
-0.4873996826414141 0.33307501168306924
-0.4723420594875684 0.24606738195671365
-0.4873996826414141 0.2678192893883026
-0.4723420594875684 0.22431547452512474
-0.46481324791064554 0.18081165966194693
-0.4572844363337227 0.13730784479876915
-0.4873996826414141 0.09380402993559132
-0.4798708710644912 0.02854830764082462
-0.4798708710644912 0.07205212250400242
-0.4873996826414141 0.13730784479876915
-0.4723420594875684 0.22431547452512474
-0.4572844363337227 0.28957119681989146
-0.44975562475679987 0.3765788265462471
-0.4271691900260313 0.2678192893883026
-0.4572844363337227 0.20256356709353585
-0.4572844363337227 0.18081165966194693
-0.4723420594875684 0.09380402993559132
-0.4798708710644912 0.05030021507241352
-0.49492849421833696 -0.014955507222353184
-0.5099861173721826 0.02854830764082462
-0.5175149289491054 0.02854830764082462
-0.540101363679874 0.15905975223035804
-0.5099861173721826 0.20256356709353585
-0.4798708710644912 0.20256356709353585
-0.46481324791064554 0.22431547452512474
-0.4723420594875684 0.20256356709353585
-0.4723420594875684 0.20256356709353585
-0.49492849421833696 0.24606738195671365
-0.5024573057952598 0.20256356709353585
-0.5250437405260283 0.11555593736718023
-0.5250437405260283 0.09380402993559132
-0.5325725521029512 0.09380402993559132
-0.540101363679874 0.09380402993559132
-0.5626877984106425 0.11555593736718023
-0.5476301752567969 0.18081165966194693
-0.5325725521029512 0.24606738195671365
-0.5250437405260283 0.13730784479876915
-0.5250437405260283 0.11555593736718023
-0.5175149289491054 0.09380402993559132
-0.5250437405260283 0.006796400209235718
-0.5099861173721826 -0.014955507222353184
-0.5250437405260283 -0.0802112295171199
-0.5325725521029512 0.02854830764082462
-0.5476301752567969 0.02854830764082462
-0.5476301752567969 0.07205212250400242
-0.5476301752567969 0.13730784479876915
-0.5551589868337197 0.22431547452512474
-0.540101363679874 0.20256356709353585
-0.5250437405260283 0.28957119681989146
-0.5175149289491054 0.20256356709353585
-0.5175149289491054 0.18081165966194693
-0.5325725521029512 0.11555593736718023
-0.5476301752567969 0.11555593736718023
-0.5551589868337197 0.18081165966194693
-0.5551589868337197 0.09380402993559132
-0.5551589868337197 0.11555593736718023
-0.5702166099875654 0.05030021507241352
-0.540101363679874 0.006796400209235718
-0.5325725521029512 0.15905975223035804
-0.5099861173721826 0.20256356709353585
-0.5325725521029512 0.22431547452512474
-0.5250437405260283 0.33307501168306924
-0.5476301752567969 0.31132310425148035
-0.540101363679874 0.24606738195671365
-0.5325725521029512 0.18081165966194693
-0.5777454215644883 0.02854830764082462
-0.5852742331414111 0.05030021507241352
-0.5852742331414111 0.006796400209235718
-0.5852742331414111 0.07205212250400242
-0.5702166099875654 0.13730784479876915
-0.540101363679874 0.11555593736718023
-0.5250437405260283 0.24606738195671365
-0.5175149289491054 0.31132310425148035
-0.5175149289491054 0.24606738195671365
-0.5099861173721826 0.24606738195671365
-0.5325725521029512 0.22431547452512474
-0.5099861173721826 0.18081165966194693
-0.49492849421833696 0.18081165966194693
-0.4723420594875684 0.18081165966194693
-0.442226813179877 0.22431547452512474
-0.4271691900260313 0.2678192893883026
-0.4045827552952628 0.28957119681989146
-0.37446750898757136 0.33307501168306924
-0.3594098858337257 0.35482691911465813
-0.3518810742568029 0.3765788265462471
-0.3292946395260343 0.39833073397783597
-0.3518810742568029 0.4635864562726027
-0.3594098858337257 0.42008264140942486
-0.3895251321414171 0.39833073397783597
-0.3594098858337257 0.42008264140942486
-0.3594098858337257 0.39833073397783597
-0.3518810742568029 0.2678192893883026
-0.33682345110295714 0.13730784479876915
-0.3067082047952658 0.15905975223035804
-0.2615353353337287 0.07205212250400242
-0.2314200890260373 0.09380402993559132
-0.2540065237568058 0.24606738195671365
-0.22389127744911444 0.18081165966194693
-0.2314200890260373 0.20256356709353585
-0.23894890060296015 0.24606738195671365
-0.24647771217988299 0.20256356709353585
-0.26906414691065156 0.13730784479876915
-0.27659295848757437 0.22431547452512474
-0.32176582794911146 0.2678192893883026
-0.3142370163721886 0.20256356709353585
-0.34435226267988 0.28957119681989146
-0.32176582794911146 0.24606738195671365
-0.3292946395260343 0.2678192893883026
-0.32176582794911146 0.22431547452512474
-0.33682345110295714 0.24606738195671365
-0.37446750898757136 0.20256356709353585
-0.4346980016029542 0.09380402993559132
-0.5250437405260283 0.05030021507241352
-0.5476301752567969 0.07205212250400242
-0.5777454215644883 0.02854830764082462
-0.5928030447183339 0.09380402993559132
-0.6229182910260254 0.13730784479876915
-0.5928030447183339 0.22431547452512474
-0.5702166099875654 0.31132310425148035
-0.5551589868337197 0.33307501168306924
-0.5250437405260283 0.31132310425148035
-0.5099861173721826 0.3765788265462471
-0.5175149289491054 0.2678192893883026
-0.5099861173721826 0.18081165966194693
-0.5250437405260283 0.11555593736718023
-0.540101363679874 0.11555593736718023
-0.540101363679874 0.11555593736718023
-0.5476301752567969 0.22431547452512474
-0.5551589868337197 0.24606738195671365
-0.5476301752567969 0.2678192893883026
-0.5476301752567969 0.24606738195671365
-0.5175149289491054 0.2678192893883026
-0.4873996826414141 0.22431547452512474
-0.442226813179877 0.09380402993559132
-0.36693869741064855 -0.16721885924347551
-0.27659295848757437 -0.44999365585413126
-0.09590148064142606 -0.8415279896227315
0.1901933592816421 -1.2765661382545095
0.536518691820093 -1.581092842296754
0.9957761980123867 -1.9291233612021765
1.4926777620892946 -2.2336500652444213
2.057338630358508 -2.4294172321287215
2.6671723680892585 -2.733943936170966
3.2694772942430865 -2.8427034733289105
3.9018974667046056 -2.8644553807604995
4.391270219204591 -2.6251843990130217
4.692422682281505 -2.2118981578128323
4.684893870704582 -1.6028447497283431
4.3159821034353625 -1.146054693664976
3.5028704531276946 -0.6457608227384314
2.5391825712815703 -0.5370012855804869
1.575494689435446 -0.47174556328572015
0.6118068075893215 -0.38473793355936453
-0.3518810742568029 -0.23247458153824221
-1.3155689561029271 -0.0802112295171199
-1.134877478256779 0.09380402993559132
-0.6831487836414081 0.31132310425148035
-0.26906414691065156 0.4853383637041916
-0.013084553295274743 0.44183454884101375
0.07726118562779942 0.44183454884101375
-0.02061336487219759 0.33307501168306924
-0.19377603114142306 0.31132310425148035
-0.36693869741064855 0.33307501168306924
-0.4798708710644912 0.35482691911465813
-0.5551589868337197 0.3765788265462471
-0.5325725521029512 0.5288421785673694
-0.5099861173721826 0.5940979008621361
-0.4572844363337227 0.5940979008621361
-0.4346980016029542 0.5505940859989583
-0.4271691900260313 0.4635864562726027
-0.4045827552952628 0.39833073397783597
-0.4271691900260313 0.44183454884101375
-0.4346980016029542 0.44183454884101375
-0.4346980016029542 0.44183454884101375
-0.41964037844910845 0.44183454884101375
-0.4798708710644912 0.4635864562726027
-0.46481324791064554 0.4635864562726027
-0.4873996826414141 0.5288421785673694
-0.4572844363337227 0.4853383637041916
-0.3970539437183399 0.4853383637041916
-0.37446750898757136 0.5288421785673694
-0.3518810742568029 0.5940979008621361
-0.34435226267988 0.6376017157253139
-0.3292946395260343 0.5723459934305472
-0.33682345110295714 0.5940979008621361
-0.3518810742568029 0.5723459934305472
-0.33682345110295714 0.5723459934305472
-0.3292946395260343 0.5288421785673694
-0.3142370163721886 0.5723459934305472
-0.3067082047952658 0.5940979008621361
-0.27659295848757437 0.7028574380200806
-0.2314200890260373 0.7463612528832584
-0.2163624658721916 0.7681131603148473
-0.18624721956450022 0.8116169751780251
-0.20883365429526876 0.6593536231569028
-0.20883365429526876 0.5505940859989583
-0.17871840798757738 0.5070902711357804
-0.15613197325680883 0.4635864562726027
-0.148603161679886 0.5505940859989583
-0.13354553852604029 0.615849808293725
-0.13354553852604029 0.6376017157253139
-0.09590148064142606 0.6811055305884917
-0.07331504591065752 0.7898650677464362
-0.028142176449120437 0.8551207900412029
0.02455950458933949 0.8333688826096141
0.09231880878164511 0.8768726974727918
0.1224340550893365 0.8986246049043807
0.14502048982010504 0.8551207900412029
0.1676069245508736 0.8116169751780251
0.17513573612779643 0.7681131603148473
0.19772217085856497 0.7463612528832584
0.22030860558933352 0.8551207900412029
0.24289504032010203 0.8116169751780251
0.28806790978163915 0.8986246049043807
0.3181831560893305 0.9203765123359696
0.34076959082009906 1.050887956925503
0.3784136487047133 1.1378955866518587
0.43111532974317324 1.2031513089466253
0.48381701078163314 1.1596474940834476
0.5214610686662474 1.0073841420623253
0.5666339381277845 0.9856322346307363
0.6118068075893215 0.8986246049043807
0.641922053897013 0.9856322346307363
0.6494508654739358 1.0291360494939141
0.6569796770508586 1.1378955866518587
0.6720373002047043 1.2031513089466253
0.6645084886277814 1.1378955866518587
0.6720373002047043 1.1161436792202697
0.6795661117816272 1.1378955866518587
0.6795661117816272 1.1596474940834476
0.6946237349354728 1.050887956925503
0.6645084886277814 1.0943917717886809
0.641922053897013 1.0073841420623253
0.5967491844354759 0.9638803271991474
0.5289898802431702 0.8333688826096141
0.491345822358556 0.7898650677464362
0.42358651816625037 0.7463612528832584
0.3482984023970219 0.7028574380200806
0.30312553293548483 0.8116169751780251
0.24289504032010203 0.8551207900412029
0.17513573612779643 0.8986246049043807
0.1374916782431822 0.8768726974727918
0.07726118562779942 0.7898650677464362
0.032088316166262336 0.7028574380200806
-0.013084553295274743 0.5070902711357804
-0.06578623433373466 0.3765788265462471
-0.1184879153721946 0.33307501168306924
-0.17871840798757738 0.4635864562726027
-0.20883365429526876 0.42008264140942486
-0.2540065237568058 0.44183454884101375
-0.27659295848757437 0.4853383637041916
-0.3067082047952658 0.4635864562726027
-0.33682345110295714 0.5723459934305472
-0.3067082047952658 0.5723459934305472
-0.32176582794911146 0.5070902711357804
-0.3067082047952658 0.4853383637041916
-0.3292946395260343 0.44183454884101375
-0.3518810742568029 0.35482691911465813
-0.36693869741064855 0.42008264140942486
-0.3895251321414171 0.35482691911465813
-0.38199632056449423 0.3765788265462471
-0.4045827552952628 0.35482691911465813
-0.3895251321414171 0.4853383637041916
-0.3970539437183399 0.5288421785673694
-0.3895251321414171 0.5288421785673694
-0.34435226267988 0.5505940859989583
-0.36693869741064855 0.5070902711357804
-0.3518810742568029 0.5288421785673694
-0.3518810742568029 0.4635864562726027
-0.3594098858337257 0.42008264140942486
-0.36693869741064855 0.3765788265462471
-0.37446750898757136 0.4853383637041916
-0.37446750898757136 0.4635864562726027
-0.37446750898757136 0.5070902711357804
-0.36693869741064855 0.4853383637041916
-0.3594098858337257 0.5505940859989583
-0.3518810742568029 0.5505940859989583
-0.3142370163721886 0.5070902711357804
-0.2991793932183429 0.5070902711357804
-0.3067082047952658 0.5070902711357804
-0.3142370163721886 0.42008264140942486
-0.3067082047952658 0.42008264140942486
-0.3142370163721886 0.4635864562726027
-0.36693869741064855 0.42008264140942486
-0.37446750898757136 0.44183454884101375
-0.37446750898757136 0.44183454884101375
-0.3594098858337257 0.4635864562726027
-0.32176582794911146 0.4635864562726027
-0.29165058164142005 0.5940979008621361
-0.28412177006449724 0.615849808293725
-0.28412177006449724 0.5940979008621361
-0.26906414691065156 0.5940979008621361
-0.28412177006449724 0.5288421785673694
-0.32176582794911146 0.5288421785673694
-0.2991793932183429 0.5288421785673694
-0.32176582794911146 0.5288421785673694
-0.33682345110295714 0.4853383637041916
-0.3518810742568029 0.44183454884101375
-0.34435226267988 0.4853383637041916
-0.3292946395260343 0.5288421785673694
-0.3518810742568029 0.6376017157253139
-0.34435226267988 0.5940979008621361
-0.3594098858337257 0.5723459934305472
-0.3594098858337257 0.44183454884101375
-0.33682345110295714 0.4635864562726027
-0.37446750898757136 0.44183454884101375
-0.37446750898757136 0.39833073397783597
-0.37446750898757136 0.44183454884101375
-0.4045827552952628 0.4635864562726027
-0.3895251321414171 0.4853383637041916
-0.3970539437183399 0.5288421785673694
-0.3895251321414171 0.615849808293725
-0.3970539437183399 0.6376017157253139
-0.3594098858337257 0.6811055305884917
-0.33682345110295714 0.615849808293725
-0.3594098858337257 0.615849808293725
-0.3518810742568029 0.4635864562726027
-0.3895251321414171 0.44183454884101375
-0.41211156687218564 0.39833073397783597
-0.4346980016029542 0.39833073397783597
-0.4346980016029542 0.39833073397783597
-0.4271691900260313 0.44183454884101375
-0.3970539437183399 0.5070902711357804
-0.3970539437183399 0.5505940859989583
-0.4045827552952628 0.7246093454516696
-0.37446750898757136 0.6593536231569028
-0.37446750898757136 0.7246093454516696
-0.3970539437183399 0.615849808293725
-0.41211156687218564 0.5723459934305472
-0.3970539437183399 0.4635864562726027
-0.3970539437183399 0.35482691911465813
-0.41964037844910845 0.2678192893883026
-0.41964037844910845 0.33307501168306924
-0.44975562475679987 0.4635864562726027
-0.4723420594875684 0.5288421785673694
-0.44975562475679987 0.5723459934305472
-0.442226813179877 0.5288421785673694
-0.442226813179877 0.5940979008621361
-0.4572844363337227 0.5288421785673694
-0.44975562475679987 0.5070902711357804
-0.46481324791064554 0.5070902711357804
-0.44975562475679987 0.5070902711357804
-0.4723420594875684 0.5505940859989583
-0.46481324791064554 0.5505940859989583
-0.5024573057952598 0.5505940859989583
-0.4723420594875684 0.5288421785673694
-0.442226813179877 0.5940979008621361
-0.4271691900260313 0.5288421785673694
-0.41964037844910845 0.5288421785673694
-0.38199632056449423 0.5723459934305472
-0.37446750898757136 0.6376017157253139
-0.41211156687218564 0.615849808293725
-0.38199632056449423 0.5940979008621361
-0.38199632056449423 0.6376017157253139
-0.34435226267988 0.615849808293725
-0.3142370163721886 0.5723459934305472
-0.29165058164142005 0.7463612528832584
-0.26906414691065156 0.7463612528832584
-0.26906414691065156 0.8116169751780251
-0.24647771217988299 0.7898650677464362
-0.2615353353337287 0.7898650677464362
-0.2163624658721916 0.8116169751780251
-0.22389127744911444 0.7463612528832584
-0.2163624658721916 0.7681131603148473
-0.2163624658721916 0.7246093454516696
-0.2314200890260373 0.6811055305884917
-0.24647771217988299 0.6376017157253139
-0.22389127744911444 0.5940979008621361
-0.2163624658721916 0.5288421785673694
-0.16366078483373167 0.5940979008621361
-0.148603161679886 0.5940979008621361
-0.1184879153721946 0.6593536231569028
-0.1034302922183489 0.7246093454516696
-0.11095910379527175 0.7463612528832584
-0.14107435010296313 0.7898650677464362
-0.148603161679886 0.6376017157253139
-0.17871840798757738 0.5940979008621361
-0.20130484271834592 0.5723459934305472
-0.20130484271834592 0.5505940859989583
-0.23894890060296015 0.4853383637041916
-0.2540065237568058 0.4635864562726027
-0.2615353353337287 0.4853383637041916
-0.27659295848757437 0.5505940859989583
-0.27659295848757437 0.615849808293725
-0.2991793932183429 0.615849808293725
-0.33682345110295714 0.7028574380200806
-0.37446750898757136 0.6376017157253139
-0.41211156687218564 0.6593536231569028
-0.4873996826414141 0.5940979008621361
-0.5099861173721826 0.4853383637041916
-0.5250437405260283 0.44183454884101375
-0.5099861173721826 0.5070902711357804
-0.5175149289491054 0.5723459934305472
-0.5099861173721826 0.5288421785673694
-0.5024573057952598 0.5940979008621361
-0.5024573057952598 0.5505940859989583
-0.4873996826414141 0.5288421785673694
-0.46481324791064554 0.4853383637041916
-0.46481324791064554 0.4853383637041916
-0.4723420594875684 0.5070902711357804
-0.5024573057952598 0.5723459934305472
-0.49492849421833696 0.615849808293725
-0.49492849421833696 0.615849808293725
-0.4873996826414141 0.5940979008621361
-0.4873996826414141 0.5723459934305472
-0.5099861173721826 0.5288421785673694
-0.49492849421833696 0.5288421785673694
-0.4572844363337227 0.39833073397783597
-0.3970539437183399 0.24606738195671365
-0.28412177006449724 0.05030021507241352
-0.06578623433373466 -0.38473793355936453
0.22783741716625636 -0.8197760821911426
0.589220372858553 -1.2113104159597428
1.0258914443200782 -1.581092842296754
1.515264196820063 -1.9291233612021765
2.064867441935431 -2.3424096024023657
2.6671723680892585 -2.6904401213077884
3.3071213521277008 -2.994966825350033
3.9094262782815283 -2.973214917918444
4.428914277089205 -2.6469363064446103
4.752653174896888 -2.2336500652444213
4.873114160127653 -1.6028447497283431
4.7300667401661185 -1.0807989713702093
4.278338045550748 -0.5587531930120757
3.4049959026276975 -0.27597839640142
2.441308020781573 -0.2977303038330089
1.4776201389354489 -0.1889707666750644
0.5139322570893246 -0.1889707666750644
-0.44975562475679987 -0.05845932208553099
-1.2628672750644674 0.07205212250400242
-1.0972334203721648 0.2678192893883026
-0.6982064067952538 0.4853383637041916
-0.3142370163721886 0.615849808293725
-0.035670988026043286 0.7681131603148473
0.06973237405087657 0.7898650677464362
-0.02061336487219759 0.8551207900412029
-0.16366078483373167 0.8768726974727918
-0.3518810742568029 0.8116169751780251
-0.44975562475679987 0.7246093454516696
-0.5250437405260283 0.7463612528832584
-0.5476301752567969 0.6811055305884917
-0.5250437405260283 0.7681131603148473
-0.5175149289491054 0.8333688826096141
-0.49492849421833696 0.8768726974727918
-0.4723420594875684 1.0073841420623253
-0.44975562475679987 0.9421284197675586
-0.4572844363337227 0.8768726974727918
-0.46481324791064554 0.8551207900412029
-0.46481324791064554 0.8116169751780251
-0.4723420594875684 0.7898650677464362
-0.49492849421833696 0.8551207900412029
-0.5175149289491054 0.8116169751780251
-0.5250437405260283 0.7681131603148473
-0.5175149289491054 0.8116169751780251
-0.4723420594875684 0.9203765123359696
-0.46481324791064554 0.9203765123359696
-0.4346980016029542 1.0291360494939141
-0.4045827552952628 1.0073841420623253
-0.38199632056449423 1.1378955866518587
-0.34435226267988 1.050887956925503
-0.33682345110295714 0.9638803271991474
-0.33682345110295714 0.9203765123359696
-0.33682345110295714 0.8551207900412029
-0.3594098858337257 0.8116169751780251
-0.3594098858337257 0.8986246049043807
-0.36693869741064855 0.9421284197675586
-0.3518810742568029 0.9638803271991474
-0.33682345110295714 1.0073841420623253
-0.3142370163721886 1.050887956925503
-0.28412177006449724 1.050887956925503
-0.2615353353337287 1.050887956925503
-0.24647771217988299 1.0073841420623253
-0.2314200890260373 0.9203765123359696
-0.22389127744911444 0.8551207900412029
-0.22389127744911444 0.8551207900412029
-0.2163624658721916 0.9856322346307363
-0.20130484271834592 1.0943917717886809
-0.18624721956450022 1.1378955866518587
-0.15613197325680883 1.1596474940834476
-0.1184879153721946 1.2466551238098031
-0.08837266906450321 1.1813994015150364
-0.04319979960296613 1.1161436792202697
-0.02061336487219759 1.1596474940834476
-0.013084553295274743 1.2466551238098031
0.032088316166262336 1.2031513089466253
0.03961712774318518 1.2249032163782143
0.07726118562779942 1.2249032163782143
0.11490524351241366 1.2466551238098031
0.14502048982010504 1.3119108461045699
0.17513573612779643 1.3771665683993366
0.22783741716625636 1.3554146609677478
0.2805390982047163 1.4206703832625145
0.3482984023970219 1.3771665683993366
0.35582721397394473 1.3771665683993366
0.37088483712779047 1.3336627535361587
0.4010000834354818 1.3554146609677478
0.43864414132009605 1.3119108461045699
0.46875938762778746 1.3119108461045699
0.5139322570893246 1.3119108461045699
0.5440475033970159 1.3119108461045699
0.5591051265508616 1.3989184758309254
0.5515763149739388 1.4206703832625145
0.6042779960123987 1.5511818278520477
0.5967491844354759 1.5946856427152256
0.6118068075893215 1.6381894575784035
0.6193356191662444 1.6164375501468145
0.6118068075893215 1.5946856427152256
0.6118068075893215 1.485926105557281
0.5666339381277845 1.3989184758309254
0.536518691820093 1.3554146609677478
0.4988746339354788 1.3119108461045699
0.4461729528970189 1.268407031241392
0.38594246028163615 1.290158938672981
0.3482984023970219 1.268407031241392
0.3332407792431762 1.268407031241392
0.28806790978163915 1.1813994015150364
0.24289504032010203 1.1596474940834476
0.18266454770471927 1.1596474940834476
0.09231880878164511 1.0943917717886809
0.009501881435493797 1.072639864357092
-0.013084553295274743 0.9856322346307363
-0.1034302922183489 0.9856322346307363
-0.16366078483373167 0.8986246049043807
-0.2163624658721916 0.9421284197675586
-0.27659295848757437 0.9421284197675586
-0.3142370163721886 0.9856322346307363
-0.32176582794911146 0.9421284197675586
-0.33682345110295714 0.9203765123359696
-0.37446750898757136 0.9421284197675586
-0.3594098858337257 0.8986246049043807
-0.41964037844910845 0.9203765123359696
-0.44975562475679987 0.7898650677464362
-0.44975562475679987 0.8116169751780251
-0.4723420594875684 0.7246093454516696
-0.4873996826414141 0.6811055305884917
-0.46481324791064554 0.7463612528832584
-0.49492849421833696 0.8116169751780251
-0.4873996826414141 0.8116169751780251
-0.4873996826414141 0.9638803271991474
-0.49492849421833696 1.050887956925503
-0.4873996826414141 1.1378955866518587
-0.4798708710644912 1.072639864357092
-0.4798708710644912 1.0291360494939141
-0.46481324791064554 0.9638803271991474
-0.46481324791064554 0.8551207900412029
-0.4723420594875684 0.7246093454516696
-0.4723420594875684 0.7028574380200806
-0.4798708710644912 0.6811055305884917
-0.49492849421833696 0.6811055305884917
-0.5024573057952598 0.7681131603148473
-0.5175149289491054 0.8768726974727918
-0.4873996826414141 0.9856322346307363
-0.4798708710644912 1.0073841420623253
-0.442226813179877 1.072639864357092
-0.4572844363337227 0.9203765123359696
-0.44975562475679987 0.8986246049043807
-0.442226813179877 0.8551207900412029
-0.46481324791064554 0.8116169751780251
-0.46481324791064554 0.8333688826096141
-0.4873996826414141 0.8116169751780251
-0.4873996826414141 0.8551207900412029
-0.5099861173721826 0.9421284197675586
-0.5024573057952598 1.0291360494939141
-0.46481324791064554 0.9856322346307363
-0.4346980016029542 1.0073841420623253
-0.4045827552952628 0.9856322346307363
-0.4045827552952628 0.9421284197675586
-0.41211156687218564 0.9421284197675586
-0.4045827552952628 0.8116169751780251
-0.4271691900260313 0.7681131603148473
-0.4346980016029542 0.7028574380200806
-0.4346980016029542 0.7028574380200806
-0.4798708710644912 0.7246093454516696
-0.4798708710644912 0.8333688826096141
-0.4798708710644912 0.8768726974727918
-0.49492849421833696 0.9421284197675586
-0.4873996826414141 0.9856322346307363
-0.46481324791064554 0.9638803271991474
-0.4572844363337227 1.0073841420623253
-0.4723420594875684 0.9421284197675586
-0.4798708710644912 0.7898650677464362
-0.49492849421833696 0.7681131603148473
-0.5024573057952598 0.7681131603148473
-0.5325725521029512 0.6593536231569028
-0.540101363679874 0.7246093454516696
-0.5626877984106425 0.8768726974727918
-0.5626877984106425 0.8116169751780251
-0.5626877984106425 0.9203765123359696
-0.540101363679874 0.9421284197675586
-0.5175149289491054 0.9203765123359696
-0.5175149289491054 0.8986246049043807
-0.5476301752567969 0.8768726974727918
-0.5325725521029512 0.8116169751780251
-0.5551589868337197 0.7463612528832584
-0.5777454215644883 0.6811055305884917
-0.5702166099875654 0.7246093454516696
-0.5928030447183339 0.6811055305884917
-0.5777454215644883 0.6811055305884917
-0.5852742331414111 0.7463612528832584
-0.5626877984106425 0.7681131603148473
-0.5325725521029512 0.9203765123359696
-0.49492849421833696 0.9638803271991474
-0.5250437405260283 0.9421284197675586
-0.5175149289491054 0.9638803271991474
-0.5476301752567969 0.8116169751780251
-0.5777454215644883 0.7898650677464362
-0.5928030447183339 0.7028574380200806
-0.6003318562952568 0.7246093454516696
-0.6003318562952568 0.7898650677464362
-0.6078606678721796 0.8551207900412029
-0.5777454215644883 0.9203765123359696
-0.5626877984106425 0.9203765123359696
-0.5476301752567969 0.8768726974727918
-0.540101363679874 0.8551207900412029
-0.540101363679874 0.7246093454516696
-0.5551589868337197 0.7028574380200806
-0.5551589868337197 0.7463612528832584
-0.5777454215644883 0.7463612528832584
-0.5626877984106425 0.8333688826096141
-0.5702166099875654 0.7246093454516696
-0.5702166099875654 0.7463612528832584
-0.5852742331414111 0.6593536231569028
-0.5626877984106425 0.8116169751780251
-0.5476301752567969 0.8551207900412029
-0.5325725521029512 0.9638803271991474
-0.5099861173721826 1.050887956925503
-0.4873996826414141 1.072639864357092
-0.44975562475679987 1.050887956925503
-0.4271691900260313 1.0291360494939141
-0.41211156687218564 0.9203765123359696
-0.442226813179877 0.8768726974727918
-0.4346980016029542 0.9856322346307363
-0.4346980016029542 0.9638803271991474
-0.4346980016029542 1.0073841420623253
-0.41964037844910845 1.050887956925503
-0.3895251321414171 1.0073841420623253
-0.37446750898757136 0.9856322346307363
-0.34435226267988 0.9203765123359696
-0.32176582794911146 0.8986246049043807
-0.33682345110295714 0.9421284197675586
-0.3142370163721886 0.8333688826096141
-0.3292946395260343 0.7898650677464362
-0.2991793932183429 0.7246093454516696
-0.28412177006449724 0.7028574380200806
-0.27659295848757437 0.7028574380200806
-0.29165058164142005 0.7246093454516696
-0.29165058164142005 0.8551207900412029
-0.3067082047952658 0.8768726974727918
-0.3067082047952658 0.9203765123359696
-0.3067082047952658 1.0291360494939141
-0.3142370163721886 0.9638803271991474
-0.33682345110295714 0.8768726974727918
-0.3518810742568029 0.8986246049043807
-0.36693869741064855 0.7681131603148473
-0.4045827552952628 0.7898650677464362
-0.3970539437183399 0.7463612528832584
-0.41211156687218564 0.615849808293725
-0.4572844363337227 0.7246093454516696
-0.4798708710644912 0.7681131603148473
-0.5024573057952598 0.7681131603148473
-0.5099861173721826 0.8333688826096141
-0.5175149289491054 0.9203765123359696
-0.5476301752567969 0.8986246049043807
-0.5702166099875654 0.8551207900412029
-0.6153894794491025 0.7898650677464362
-0.6229182910260254 0.7028574380200806
-0.6455047257567939 0.5940979008621361
-0.6605623489106396 0.6376017157253139
-0.6304471026029482 0.615849808293725
-0.6304471026029482 0.5940979008621361
-0.6003318562952568 0.6593536231569028
-0.5928030447183339 0.6593536231569028
-0.5626877984106425 0.7246093454516696
-0.5626877984106425 0.8333688826096141
-0.5702166099875654 0.8551207900412029
-0.5702166099875654 0.8333688826096141
-0.5702166099875654 0.8768726974727918
-0.5777454215644883 0.7681131603148473
-0.5702166099875654 0.7681131603148473
-0.5702166099875654 0.6376017157253139
-0.5551589868337197 0.615849808293725
-0.540101363679874 0.4635864562726027
-0.4572844363337227 0.35482691911465813
-0.3518810742568029 0.07205212250400242
-0.17118959641065454 -0.2107226741066533
0.08478999720472226 -0.5587531930120757
0.4537017644739417 -0.9937913416438539
0.9129592706662354 -1.2983180456860985
1.4550337042046804 -1.6463485645915208
2.019694572473894 -1.9291233612021765
2.6596435565123357 -2.25540197267601
3.3071213521277008 -2.4946729544234882
3.9018974667046056 -2.559928676718255
4.3762125960507445 -2.45116913956031
4.684893870704582 -2.1901462503812437
4.775239609627656 -1.6028447497283431
4.617134566512276 -1.0590470639386205
4.172934683473828 -0.5805051004436647
3.329707786858469 -0.25422648896983113
2.3660199050123447 -0.27597839640142
1.4023320231662204 -0.27597839640142
0.43864414132009605 -0.27597839640142
-0.5250437405260283 -0.16721885924347551
-1.4887316223721527 0.02854830764082462
-1.3983858834490785 0.35482691911465813
-0.9918300582952448 0.5940979008621361
-0.5702166099875654 0.6811055305884917
-0.2540065237568058 0.7898650677464362
-0.11095910379527175 0.8986246049043807
-0.11095910379527175 0.8333688826096141
-0.19377603114142306 0.8116169751780251
-0.34435226267988 0.7898650677464362
-0.4723420594875684 0.7681131603148473
-0.5476301752567969 0.6811055305884917
-0.5928030447183339 0.7463612528832584
-0.5777454215644883 0.7898650677464362
-0.5702166099875654 0.8333688826096141
-0.5551589868337197 0.8986246049043807
-0.5325725521029512 0.8986246049043807
-0.5325725521029512 0.9638803271991474
-0.5325725521029512 1.0291360494939141
-0.5099861173721826 1.0073841420623253
-0.5099861173721826 0.8986246049043807
-0.5175149289491054 0.9203765123359696
-0.5099861173721826 0.8116169751780251
-0.5024573057952598 0.7681131603148473
-0.5099861173721826 0.7681131603148473
-0.4873996826414141 0.8116169751780251
-0.5099861173721826 0.8116169751780251
-0.540101363679874 0.8333688826096141
-0.5325725521029512 0.8333688826096141
-0.49492849421833696 0.9421284197675586
-0.49492849421833696 0.9638803271991474
-0.49492849421833696 0.9638803271991474
-0.46481324791064554 0.9638803271991474
-0.44975562475679987 0.9203765123359696
-0.44975562475679987 0.8986246049043807
-0.41964037844910845 0.8333688826096141
-0.3970539437183399 0.8333688826096141
-0.41211156687218564 0.8551207900412029
-0.41964037844910845 0.9203765123359696
-0.4271691900260313 0.9421284197675586
-0.3970539437183399 0.9421284197675586
-0.36693869741064855 0.9638803271991474
-0.3292946395260343 1.0073841420623253
-0.27659295848757437 1.0073841420623253
-0.28412177006449724 1.050887956925503
-0.23894890060296015 1.0073841420623253
-0.2540065237568058 1.0291360494939141
-0.2540065237568058 0.9421284197675586
-0.2540065237568058 0.9421284197675586
-0.2540065237568058 0.8768726974727918
-0.23894890060296015 0.8333688826096141
-0.23894890060296015 0.8986246049043807
-0.20130484271834592 0.9856322346307363
-0.15613197325680883 1.0073841420623253
-0.12601672694911745 1.072639864357092
-0.11095910379527175 1.1813994015150364
-0.07331504591065752 1.1813994015150364
-0.058257422756811825 1.1378955866518587
-0.028142176449120437 1.050887956925503
-0.013084553295274743 1.1161436792202697
0.02455950458933949 1.050887956925503
0.03961712774318518 1.0291360494939141
0.08478999720472226 1.0291360494939141
0.1073764319354908 1.0943917717886809
0.1374916782431822 1.1813994015150364
0.2052509824354878 1.2031513089466253
0.24289504032010203 1.2249032163782143
0.29559672135856196 1.268407031241392
0.3332407792431762 1.1813994015150364
0.3633560255508676 1.1378955866518587
0.37088483712779047 1.1378955866518587
0.37088483712779047 1.1161436792202697
0.39347127185855896 1.1378955866518587
0.4085288950124047 1.1378955866518587
0.4160577065893275 1.2031513089466253
0.4537017644739417 1.3119108461045699
0.4988746339354788 1.3119108461045699
0.5214610686662474 1.3336627535361587
0.5289898802431702 1.4641741981256922
0.5816915612816301 1.485926105557281
0.6042779960123987 1.485926105557281
0.5816915612816301 1.4206703832625145
0.5741627497047073 1.290158938672981
0.536518691820093 1.1378955866518587
0.4988746339354788 1.050887956925503
0.48381701078163314 1.0943917717886809
0.43111532974317324 1.0943917717886809
0.3784136487047133 1.0943917717886809
0.3332407792431762 1.1596474940834476
0.28806790978163915 1.0943917717886809
0.2654814750508706 1.050887956925503
0.24289504032010203 0.9638803271991474
0.22783741716625636 0.9638803271991474
0.17513573612779643 0.8116169751780251
0.1073764319354908 0.8333688826096141
0.04714593932010803 0.7463612528832584
-0.013084553295274743 0.7246093454516696
-0.06578623433373466 0.6376017157253139
-0.1184879153721946 0.7028574380200806
-0.17871840798757738 0.6811055305884917
-0.22389127744911444 0.7681131603148473
-0.2540065237568058 0.7463612528832584
-0.26906414691065156 0.7246093454516696
-0.27659295848757437 0.7246093454516696
-0.33682345110295714 0.6593536231569028
-0.34435226267988 0.615849808293725
-0.3594098858337257 0.5070902711357804
-0.3970539437183399 0.44183454884101375
-0.41211156687218564 0.3765788265462471
-0.4346980016029542 0.39833073397783597
-0.4572844363337227 0.39833073397783597
-0.4798708710644912 0.3765788265462471
-0.4572844363337227 0.42008264140942486
-0.442226813179877 0.4853383637041916
-0.4346980016029542 0.5288421785673694
-0.3895251321414171 0.5505940859989583
-0.4045827552952628 0.5070902711357804
-0.41211156687218564 0.4853383637041916
-0.4271691900260313 0.42008264140942486
-0.44975562475679987 0.39833073397783597
-0.4798708710644912 0.31132310425148035
-0.4873996826414141 0.44183454884101375
-0.4873996826414141 0.33307501168306924
-0.4873996826414141 0.3765788265462471
-0.4723420594875684 0.44183454884101375
-0.4271691900260313 0.5288421785673694
-0.4271691900260313 0.5723459934305472
-0.3895251321414171 0.615849808293725
-0.4045827552952628 0.5505940859989583
-0.41964037844910845 0.5723459934305472
-0.41211156687218564 0.5723459934305472
-0.442226813179877 0.5505940859989583
-0.4346980016029542 0.5288421785673694
-0.41964037844910845 0.5070902711357804
-0.442226813179877 0.5505940859989583
-0.4271691900260313 0.4635864562726027
-0.38199632056449423 0.5505940859989583
-0.38199632056449423 0.5288421785673694
-0.38199632056449423 0.5288421785673694
-0.37446750898757136 0.6593536231569028
-0.3594098858337257 0.6376017157253139
-0.3518810742568029 0.5505940859989583
-0.3895251321414171 0.5940979008621361
-0.3970539437183399 0.5288421785673694
-0.41211156687218564 0.4853383637041916
-0.41964037844910845 0.5288421785673694
-0.41964037844910845 0.5288421785673694
-0.3970539437183399 0.5723459934305472
-0.4045827552952628 0.6376017157253139
-0.3895251321414171 0.6593536231569028
-0.37446750898757136 0.7463612528832584
-0.38199632056449423 0.7246093454516696
-0.3970539437183399 0.7246093454516696
-0.3970539437183399 0.5940979008621361
-0.3895251321414171 0.44183454884101375
-0.3895251321414171 0.3765788265462471
-0.3895251321414171 0.2678192893883026
-0.41964037844910845 0.24606738195671365
-0.41211156687218564 0.35482691911465813
-0.4271691900260313 0.42008264140942486
-0.4271691900260313 0.4635864562726027
-0.4346980016029542 0.615849808293725
-0.442226813179877 0.5940979008621361
-0.46481324791064554 0.5940979008621361
-0.4346980016029542 0.5288421785673694
-0.44975562475679987 0.44183454884101375
-0.4572844363337227 0.3765788265462471
-0.4723420594875684 0.35482691911465813
-0.4873996826414141 0.39833073397783597
-0.5250437405260283 0.44183454884101375
-0.5250437405260283 0.5070902711357804
-0.540101363679874 0.5505940859989583
-0.5024573057952598 0.5723459934305472
-0.5175149289491054 0.5505940859989583
-0.4798708710644912 0.4635864562726027
-0.46481324791064554 0.4635864562726027
-0.4798708710644912 0.4853383637041916
-0.46481324791064554 0.5070902711357804
-0.46481324791064554 0.4635864562726027
-0.46481324791064554 0.4635864562726027
-0.4873996826414141 0.44183454884101375
-0.5250437405260283 0.44183454884101375
-0.5250437405260283 0.44183454884101375
-0.5250437405260283 0.35482691911465813
-0.5626877984106425 0.3765788265462471
-0.5476301752567969 0.3765788265462471
-0.5250437405260283 0.42008264140942486
-0.49492849421833696 0.5070902711357804
-0.4873996826414141 0.5070902711357804
-0.4873996826414141 0.5940979008621361
-0.46481324791064554 0.5723459934305472
-0.5099861173721826 0.4635864562726027
-0.5175149289491054 0.42008264140942486
-0.5325725521029512 0.33307501168306924
-0.5626877984106425 0.24606738195671365
-0.5626877984106425 0.24606738195671365
-0.5626877984106425 0.35482691911465813
-0.5250437405260283 0.39833073397783597
-0.5175149289491054 0.4635864562726027
-0.5024573057952598 0.44183454884101375
-0.5325725521029512 0.42008264140942486
-0.5175149289491054 0.4635864562726027
-0.5250437405260283 0.39833073397783597
-0.5551589868337197 0.42008264140942486
-0.5476301752567969 0.3765788265462471
-0.5325725521029512 0.44183454884101375
-0.5325725521029512 0.4635864562726027
-0.540101363679874 0.5940979008621361
-0.5175149289491054 0.5940979008621361
-0.44975562475679987 0.6376017157253139
-0.4346980016029542 0.6811055305884917
-0.37446750898757136 0.7246093454516696
-0.3292946395260343 0.7898650677464362
-0.34435226267988 0.8333688826096141
-0.33682345110295714 0.8116169751780251
-0.3594098858337257 0.7681131603148473
-0.3895251321414171 0.5723459934305472
-0.3895251321414171 0.4853383637041916
-0.3970539437183399 0.4853383637041916
-0.38199632056449423 0.4635864562726027
-0.3292946395260343 0.5070902711357804
-0.32176582794911146 0.615849808293725
-0.27659295848757437 0.5940979008621361
-0.2163624658721916 0.6376017157253139
-0.22389127744911444 0.5505940859989583
-0.2163624658721916 0.42008264140942486
-0.2314200890260373 0.22431547452512474
-0.2314200890260373 0.15905975223035804
-0.27659295848757437 0.15905975223035804
-0.26906414691065156 0.35482691911465813
-0.29165058164142005 0.42008264140942486
-0.3142370163721886 0.5505940859989583
-0.3292946395260343 0.5505940859989583
-0.32176582794911146 0.5505940859989583
-0.2991793932183429 0.5288421785673694
-0.27659295848757437 0.5288421785673694
-0.29165058164142005 0.4853383637041916
-0.3142370163721886 0.42008264140942486
-0.3594098858337257 0.31132310425148035
-0.4271691900260313 0.20256356709353585
-0.5024573057952598 0.18081165966194693
-0.5175149289491054 0.15905975223035804
-0.5702166099875654 0.15905975223035804
-0.6078606678721796 0.18081165966194693
-0.6153894794491025 0.2678192893883026
-0.6003318562952568 0.31132310425148035
-0.6078606678721796 0.3765788265462471
-0.5777454215644883 0.42008264140942486
-0.5702166099875654 0.4635864562726027
-0.5551589868337197 0.42008264140942486
-0.5702166099875654 0.31132310425148035
-0.5928030447183339 0.39833073397783597
-0.5852742331414111 0.31132310425148035
-0.6003318562952568 0.33307501168306924
-0.5928030447183339 0.3765788265462471
-0.5702166099875654 0.3765788265462471
-0.5626877984106425 0.5070902711357804
-0.5551589868337197 0.5505940859989583
-0.5325725521029512 0.5723459934305472
-0.5702166099875654 0.39833073397783597
-0.540101363679874 0.31132310425148035
-0.540101363679874 0.11555593736718023
-0.46481324791064554 -0.05845932208553099
-0.34435226267988 -0.3194822112645978
-0.19377603114142306 -0.6892646376016092
0.09984762035856795 -1.1243027862333872
0.48381701078163314 -1.581092842296754
0.9656609517046953 -2.037882898360121
1.5453794431277545 -2.298905787539188
2.207914861896965 -2.6686882138761994
2.8930367153969443 -3.0167187327816216
3.6082738152046145 -3.147230177371155
4.203049929781519 -3.168982084802744
4.662307435973813 -2.994966825350033
4.910758218012267 -2.6034324915814326
4.925815841166113 -2.05963480579171
4.70748030543535 -1.5593409348651652
4.23316517608921 -1.0372951565070316
3.3071213521277008 -0.7110165450331981
2.3434334702815764 -0.5370012855804869
1.379745588435452 -0.36298602612777564
0.4160577065893275 -0.25422648896983113
-0.5476301752567969 -0.16721885924347551
-1.3456842024106186 -0.03670741465394209
-1.0972334203721648 0.13730784479876915
-0.6605623489106396 0.31132310425148035
-0.2615353353337287 0.28957119681989146
-0.035670988026043286 0.3765788265462471
0.009501881435493797 0.39833073397783597
-0.11095910379527175 0.31132310425148035
-0.29165058164142005 0.35482691911465813
-0.442226813179877 0.35482691911465813
-0.5175149289491054 0.42008264140942486
-0.5250437405260283 0.4635864562726027
-0.5175149289491054 0.5940979008621361
-0.4723420594875684 0.5723459934305472
-0.4572844363337227 0.5940979008621361
-0.4572844363337227 0.5070902711357804
-0.4798708710644912 0.4635864562726027
-0.5099861173721826 0.44183454884101375
-0.5250437405260283 0.33307501168306924
-0.5476301752567969 0.28957119681989146
-0.5325725521029512 0.3765788265462471
-0.5250437405260283 0.44183454884101375
-0.49492849421833696 0.5723459934305472
-0.44975562475679987 0.5940979008621361
-0.44975562475679987 0.615849808293725
-0.4271691900260313 0.6376017157253139
-0.41964037844910845 0.6376017157253139
-0.3970539437183399 0.5940979008621361
-0.41964037844910845 0.5288421785673694
-0.3895251321414171 0.4635864562726027
-0.41964037844910845 0.44183454884101375
-0.4346980016029542 0.39833073397783597
-0.41964037844910845 0.4635864562726027
-0.4045827552952628 0.4853383637041916
-0.3970539437183399 0.5288421785673694
-0.36693869741064855 0.615849808293725
-0.3518810742568029 0.6811055305884917
-0.3142370163721886 0.7898650677464362
-0.2991793932183429 0.8333688826096141
-0.3067082047952658 0.7463612528832584
-0.28412177006449724 0.7028574380200806
-0.26906414691065156 0.5723459934305472
-0.27659295848757437 0.42008264140942486
-0.28412177006449724 0.42008264140942486
-0.3067082047952658 0.42008264140942486
-0.3067082047952658 0.5070902711357804
-0.2991793932183429 0.5723459934305472
-0.27659295848757437 0.7463612528832584
-0.2314200890260373 0.8116169751780251
-0.20130484271834592 0.8551207900412029
-0.148603161679886 0.7681131603148473
-0.1034302922183489 0.8116169751780251
-0.09590148064142606 0.7246093454516696
-0.09590148064142606 0.7246093454516696
-0.05072861117988898 0.6811055305884917
-0.035670988026043286 0.7246093454516696
0.009501881435493797 0.7463612528832584
0.04714593932010803 0.7463612528832584
0.08478999720472226 0.8551207900412029
0.14502048982010504 0.8986246049043807
0.18266454770471927 0.9203765123359696
0.2353662287431792 1.072639864357092
0.2654814750508706 1.0073841420623253
0.28806790978163915 1.072639864357092
0.3181831560893305 1.050887956925503
0.3482984023970219 1.0073841420623253
0.37088483712779047 0.9638803271991474
0.39347127185855896 0.8768726974727918
0.4160577065893275 0.8116169751780251
0.4461729528970189 0.8116169751780251
0.491345822358556 0.8768726974727918
0.5214610686662474 0.9421284197675586
0.536518691820093 1.0291360494939141
0.5666339381277845 1.072639864357092
0.5741627497047073 1.0943917717886809
0.5967491844354759 1.0943917717886809
0.6118068075893215 1.050887956925503
0.6193356191662444 0.8986246049043807
0.6193356191662444 0.7898650677464362
0.589220372858553 0.8333688826096141
0.5440475033970159 0.7463612528832584
0.536518691820093 0.8551207900412029
0.5064034455124017 0.9638803271991474
0.4988746339354788 0.9856322346307363
0.47628819920471027 1.0291360494939141
0.4537017644739417 0.9638803271991474
0.43864414132009605 0.8333688826096141
0.37088483712779047 0.7028574380200806
0.31065434451240764 0.7463612528832584
0.2353662287431792 0.615849808293725
0.1901933592816421 0.5070902711357804
0.1224340550893365 0.5070902711357804
0.06220356247395373 0.5070902711357804
0.0019730698585709505 0.42008264140942486
-0.05072861117988898 0.5070902711357804
-0.09590148064142606 0.5070902711357804
-0.12601672694911745 0.5070902711357804
-0.15613197325680883 0.4635864562726027
-0.17871840798757738 0.42008264140942486
-0.23894890060296015 0.39833073397783597
-0.28412177006449724 0.3765788265462471
-0.3292946395260343 0.28957119681989146
-0.3518810742568029 0.20256356709353585
-0.3970539437183399 0.13730784479876915
-0.4045827552952628 0.09380402993559132
-0.4271691900260313 0.05030021507241352
-0.4346980016029542 0.09380402993559132
-0.4271691900260313 0.20256356709353585
-0.41964037844910845 0.3765788265462471
-0.37446750898757136 0.3765788265462471
-0.3895251321414171 0.39833073397783597
-0.36693869741064855 0.28957119681989146
-0.3895251321414171 0.2678192893883026
-0.41964037844910845 0.18081165966194693
-0.41211156687218564 0.22431547452512474
-0.4271691900260313 0.20256356709353585
-0.442226813179877 0.20256356709353585
-0.46481324791064554 0.15905975223035804
-0.4572844363337227 0.22431547452512474
-0.4271691900260313 0.28957119681989146
-0.4045827552952628 0.39833073397783597
-0.3895251321414171 0.35482691911465813
-0.34435226267988 0.44183454884101375
-0.34435226267988 0.31132310425148035
-0.3518810742568029 0.31132310425148035
-0.3594098858337257 0.28957119681989146
-0.37446750898757136 0.35482691911465813
-0.38199632056449423 0.2678192893883026
-0.36693869741064855 0.2678192893883026
-0.4045827552952628 0.20256356709353585
-0.37446750898757136 0.20256356709353585
-0.36693869741064855 0.22431547452512474
-0.34435226267988 0.24606738195671365
-0.3142370163721886 0.33307501168306924
-0.32176582794911146 0.33307501168306924
-0.32176582794911146 0.39833073397783597
-0.33682345110295714 0.33307501168306924
-0.34435226267988 0.35482691911465813
-0.3594098858337257 0.2678192893883026
-0.37446750898757136 0.24606738195671365
-0.36693869741064855 0.20256356709353585
-0.38199632056449423 0.20256356709353585
-0.37446750898757136 0.20256356709353585
-0.3518810742568029 0.24606738195671365
-0.36693869741064855 0.24606738195671365
-0.3067082047952658 0.31132310425148035
-0.3067082047952658 0.39833073397783597
-0.3142370163721886 0.31132310425148035
-0.32176582794911146 0.22431547452512474
-0.33682345110295714 0.24606738195671365
-0.36693869741064855 0.24606738195671365
-0.38199632056449423 0.28957119681989146
-0.41211156687218564 0.2678192893883026
-0.442226813179877 0.18081165966194693
-0.4271691900260313 0.28957119681989146
-0.3970539437183399 0.15905975223035804
-0.38199632056449423 0.20256356709353585
-0.36693869741064855 0.22431547452512474
-0.3518810742568029 0.28957119681989146
-0.37446750898757136 0.31132310425148035
-0.37446750898757136 0.2678192893883026
-0.41964037844910845 0.2678192893883026
-0.4271691900260313 0.18081165966194693
-0.4271691900260313 0.18081165966194693
-0.4346980016029542 0.15905975223035804
-0.4271691900260313 0.18081165966194693
-0.442226813179877 0.22431547452512474
-0.4271691900260313 0.28957119681989146
-0.4045827552952628 0.4635864562726027
-0.3970539437183399 0.39833073397783597
-0.3895251321414171 0.35482691911465813
-0.41211156687218564 0.2678192893883026
-0.4271691900260313 0.18081165966194693
-0.442226813179877 0.15905975223035804
-0.44975562475679987 0.07205212250400242
-0.46481324791064554 0.006796400209235718
-0.4873996826414141 0.09380402993559132
-0.4873996826414141 0.07205212250400242
-0.4798708710644912 0.20256356709353585
-0.46481324791064554 0.20256356709353585
-0.4723420594875684 0.28957119681989146
-0.46481324791064554 0.33307501168306924
-0.44975562475679987 0.31132310425148035
-0.442226813179877 0.28957119681989146
-0.4723420594875684 0.22431547452512474
-0.4798708710644912 0.20256356709353585
-0.4723420594875684 0.15905975223035804
-0.4798708710644912 0.05030021507241352
-0.5099861173721826 0.02854830764082462
-0.5250437405260283 0.13730784479876915
-0.5175149289491054 0.18081165966194693
-0.5024573057952598 0.20256356709353585
-0.5024573057952598 0.28957119681989146
-0.5024573057952598 0.28957119681989146
-0.49492849421833696 0.2678192893883026
-0.4873996826414141 0.2678192893883026
-0.44975562475679987 0.24606738195671365
-0.442226813179877 0.13730784479876915
-0.4271691900260313 0.09380402993559132
-0.4572844363337227 0.09380402993559132
-0.49492849421833696 0.13730784479876915
-0.4873996826414141 0.20256356709353585
-0.4873996826414141 0.33307501168306924
-0.4798708710644912 0.3765788265462471
-0.4346980016029542 0.4635864562726027
-0.3594098858337257 0.5070902711357804
-0.3292946395260343 0.4853383637041916
-0.27659295848757437 0.5288421785673694
-0.26906414691065156 0.615849808293725
-0.27659295848757437 0.5723459934305472
-0.27659295848757437 0.5288421785673694
-0.3067082047952658 0.44183454884101375
-0.3518810742568029 0.39833073397783597
-0.3594098858337257 0.31132310425148035
-0.37446750898757136 0.20256356709353585
-0.33682345110295714 0.24606738195671365
-0.3142370163721886 0.31132310425148035
-0.27659295848757437 0.33307501168306924
-0.2314200890260373 0.3765788265462471
-0.20883365429526876 0.39833073397783597
-0.20130484271834592 0.28957119681989146
-0.20883365429526876 0.24606738195671365
-0.22389127744911444 0.20256356709353585
-0.2314200890260373 0.22431547452512474
-0.27659295848757437 0.2678192893883026
-0.3292946395260343 0.24606738195671365
-0.3292946395260343 0.35482691911465813
-0.32176582794911146 0.39833073397783597
-0.28412177006449724 0.4635864562726027
-0.29165058164142005 0.4853383637041916
-0.28412177006449724 0.31132310425148035
-0.28412177006449724 0.24606738195671365
-0.2991793932183429 0.28957119681989146
-0.32176582794911146 0.20256356709353585
-0.37446750898757136 0.13730784479876915
-0.4271691900260313 0.05030021507241352
-0.4572844363337227 0.05030021507241352
-0.49492849421833696 0.07205212250400242
-0.5250437405260283 0.09380402993559132
-0.5325725521029512 0.22431547452512474
-0.5551589868337197 0.22431547452512474
-0.5551589868337197 0.22431547452512474
-0.5626877984106425 0.31132310425148035
-0.5702166099875654 0.28957119681989146
-0.5777454215644883 0.22431547452512474
-0.5777454215644883 0.13730784479876915
-0.6003318562952568 0.07205212250400242
-0.6078606678721796 0.07205212250400242
-0.6003318562952568 0.05030021507241352
-0.6003318562952568 0.13730784479876915
-0.6003318562952568 0.18081165966194693
-0.5702166099875654 0.31132310425148035
-0.5551589868337197 0.3765788265462471
-0.540101363679874 0.42008264140942486
-0.5175149289491054 0.39833073397783597
-0.5099861173721826 0.31132310425148035
-0.5476301752567969 0.18081165966194693
-0.5325725521029512 -0.03670741465394209
-0.5250437405260283 -0.36298602612777564
-0.46481324791064554 -0.5805051004436647
-0.32176582794911146 -0.8415279896227315
-0.06578623433373466 -1.2765661382545095
0.31065434451240764 -1.4505813977072208
0.784969473858547 -1.7333561943178766
1.3421015305508377 -2.124890528086477
1.9820505145892797 -2.516424861855077
2.6671723680892585 -2.994966825350033
3.382409467896929 -3.3647492516870443
4.007300828781525 -3.5387645111397554
4.511731204435356 -3.4735087888449887
4.81288366751227 -3.190733992234333
4.925815841166113 -2.6034324915814326
4.835470102243039 -1.9291233612021765
4.49667358128151 -1.3200699531176874
3.811551727781531 -0.8850318044859092
2.847863845935407 -0.6675127301700202
1.8841759640892826 -0.5370012855804869
0.9204880822431583 -0.44999365585413126
-0.04319979960296613 -0.34123411869618675
-1.0068876814490906 -0.16721885924347551
-1.1649927245644702 -0.014955507222353184
-0.8487826383337107 0.11555593736718023
-0.44975562475679987 0.18081165966194693
-0.16366078483373167 0.31132310425148035
-0.07331504591065752 0.28957119681989146
-0.11095910379527175 0.24606738195671365
-0.2540065237568058 0.2678192893883026
-0.3594098858337257 0.39833073397783597
-0.4798708710644912 0.44183454884101375
-0.5325725521029512 0.42008264140942486
-0.5325725521029512 0.5070902711357804
-0.5250437405260283 0.44183454884101375
-0.5099861173721826 0.35482691911465813
-0.5325725521029512 0.2678192893883026
-0.5626877984106425 0.18081165966194693
-0.5777454215644883 0.20256356709353585
-0.6003318562952568 0.24606738195671365
-0.6229182910260254 0.3765788265462471
-0.6153894794491025 0.39833073397783597
-0.6078606678721796 0.42008264140942486
-0.5852742331414111 0.4635864562726027
-0.540101363679874 0.5505940859989583
-0.4873996826414141 0.5070902711357804
-0.4723420594875684 0.4853383637041916
-0.46481324791064554 0.4635864562726027
-0.4723420594875684 0.35482691911465813
-0.5099861173721826 0.28957119681989146
-0.5099861173721826 0.28957119681989146
-0.5024573057952598 0.31132310425148035
-0.46481324791064554 0.31132310425148035
-0.4346980016029542 0.39833073397783597
-0.442226813179877 0.5288421785673694
-0.41964037844910845 0.615849808293725
-0.4045827552952628 0.6593536231569028
-0.3970539437183399 0.5723459934305472
-0.3895251321414171 0.4853383637041916
-0.37446750898757136 0.42008264140942486
-0.38199632056449423 0.33307501168306924
-0.3594098858337257 0.35482691911465813
-0.3594098858337257 0.39833073397783597
-0.34435226267988 0.3765788265462471
-0.3594098858337257 0.44183454884101375
-0.3142370163721886 0.4635864562726027
-0.3142370163721886 0.5505940859989583
-0.23894890060296015 0.5940979008621361
-0.22389127744911444 0.615849808293725
-0.18624721956450022 0.6376017157253139
-0.16366078483373167 0.6811055305884917
-0.15613197325680883 0.6376017157253139
-0.17871840798757738 0.5505940859989583
-0.17871840798757738 0.5723459934305472
-0.16366078483373167 0.5288421785673694
-0.148603161679886 0.5070902711357804
-0.09590148064142606 0.5940979008621361
-0.04319979960296613 0.6811055305884917
0.017030693012416644 0.8333688826096141
0.06220356247395373 0.8768726974727918
0.1073764319354908 0.8768726974727918
0.1374916782431822 0.8986246049043807
0.16007811297395072 0.7898650677464362
0.2052509824354878 0.8116169751780251
0.2504238518970249 0.7246093454516696
0.28806790978163915 0.7681131603148473
0.31065434451240764 0.8116169751780251
0.3332407792431762 0.8116169751780251
0.3482984023970219 0.7681131603148473
0.4085288950124047 0.8768726974727918
0.4612305760508646 0.8551207900412029
0.491345822358556 0.8333688826096141
0.5214610686662474 0.8116169751780251
0.536518691820093 0.8116169751780251
0.5440475033970159 0.7898650677464362
0.5515763149739388 0.7681131603148473
0.536518691820093 0.7681131603148473
0.491345822358556 0.8116169751780251
0.4537017644739417 0.7246093454516696
0.43864414132009605 0.7463612528832584
0.43111532974317324 0.7681131603148473
0.3633560255508676 0.7463612528832584
0.3633560255508676 0.7898650677464362
0.31065434451240764 0.7246093454516696
0.25795266347394774 0.615849808293725
0.2052509824354878 0.5505940859989583
0.15254930139702788 0.42008264140942486
0.1073764319354908 0.44183454884101375
0.032088316166262336 0.28957119681989146
-0.035670988026043286 0.31132310425148035
-0.1184879153721946 0.28957119681989146
-0.19377603114142306 0.31132310425148035
-0.2314200890260373 0.2678192893883026
-0.2540065237568058 0.33307501168306924
-0.29165058164142005 0.22431547452512474
-0.32176582794911146 0.20256356709353585
-0.37446750898757136 0.18081165966194693
-0.3970539437183399 0.24606738195671365
-0.442226813179877 0.24606738195671365
-0.4346980016029542 0.18081165966194693
-0.4873996826414141 0.11555593736718023
-0.5024573057952598 0.13730784479876915
-0.5099861173721826 0.15905975223035804
-0.5250437405260283 0.11555593736718023
-0.5250437405260283 0.15905975223035804
-0.5175149289491054 0.18081165966194693
-0.5325725521029512 0.18081165966194693
-0.5325725521029512 0.20256356709353585
-0.5250437405260283 0.28957119681989146
-0.540101363679874 0.28957119681989146
-0.5250437405260283 0.28957119681989146
-0.540101363679874 0.24606738195671365
-0.5325725521029512 0.11555593736718023
-0.540101363679874 0.05030021507241352
-0.5626877984106425 0.05030021507241352
-0.5551589868337197 0.05030021507241352
-0.5852742331414111 0.09380402993559132
-0.5777454215644883 0.18081165966194693
-0.5702166099875654 0.18081165966194693
-0.5476301752567969 0.28957119681989146
-0.5476301752567969 0.24606738195671365
-0.5175149289491054 0.22431547452512474
-0.4798708710644912 0.18081165966194693
-0.4798708710644912 0.13730784479876915
-0.4873996826414141 0.13730784479876915
-0.4873996826414141 0.07205212250400242
-0.5175149289491054 0.07205212250400242
-0.5175149289491054 0.09380402993559132
-0.5325725521029512 0.18081165966194693
-0.5325725521029512 0.13730784479876915
-0.5325725521029512 0.22431547452512474
-0.5024573057952598 0.28957119681989146
-0.4873996826414141 0.20256356709353585
-0.46481324791064554 0.28957119681989146
-0.4723420594875684 0.33307501168306924
-0.49492849421833696 0.24606738195671365
-0.49492849421833696 0.18081165966194693
-0.5175149289491054 0.18081165966194693
-0.5626877984106425 0.07205212250400242
-0.5551589868337197 0.18081165966194693
-0.5325725521029512 0.15905975223035804
-0.5099861173721826 0.20256356709353585
-0.5024573057952598 0.15905975223035804
-0.5024573057952598 0.15905975223035804
-0.4798708710644912 0.20256356709353585
-0.4873996826414141 0.18081165966194693
-0.4873996826414141 0.09380402993559132
-0.5024573057952598 0.05030021507241352
-0.5175149289491054 0.11555593736718023
-0.5551589868337197 0.02854830764082462
-0.5626877984106425 0.05030021507241352
-0.5626877984106425 -0.05845932208553099
-0.5777454215644883 0.09380402993559132
-0.5626877984106425 0.09380402993559132
-0.5476301752567969 0.07205212250400242
-0.5702166099875654 0.20256356709353585
-0.540101363679874 0.24606738195671365
-0.5476301752567969 0.24606738195671365
-0.5099861173721826 0.20256356709353585
-0.5250437405260283 0.15905975223035804
-0.5626877984106425 0.09380402993559132
-0.5852742331414111 0.05030021507241352
-0.5928030447183339 0.006796400209235718
-0.6153894794491025 0.02854830764082462
-0.6229182910260254 0.02854830764082462
-0.6078606678721796 0.09380402993559132
-0.5928030447183339 0.11555593736718023
-0.5626877984106425 0.11555593736718023
-0.5702166099875654 0.18081165966194693
-0.5551589868337197 0.13730784479876915
-0.5551589868337197 0.13730784479876915
-0.5852742331414111 0.18081165966194693
-0.6153894794491025 0.09380402993559132
-0.637975914179871 0.006796400209235718
-0.637975914179871 -0.014955507222353184
-0.637975914179871 0.02854830764082462
-0.6304471026029482 -0.014955507222353184
-0.6153894794491025 0.02854830764082462
-0.5852742331414111 0.09380402993559132
-0.6003318562952568 0.13730784479876915
-0.5702166099875654 0.15905975223035804
-0.5626877984106425 0.07205212250400242
-0.5777454215644883 0.05030021507241352
-0.5852742331414111 0.05030021507241352
-0.5928030447183339 0.02854830764082462
-0.5852742331414111 0.02854830764082462
-0.6003318562952568 0.006796400209235718
-0.6304471026029482 0.11555593736718023
-0.6153894794491025 0.11555593736718023
-0.6229182910260254 0.09380402993559132
-0.6078606678721796 0.11555593736718023
-0.5852742331414111 0.07205212250400242
-0.5626877984106425 0.11555593736718023
-0.5325725521029512 0.05030021507241352
-0.5325725521029512 0.07205212250400242
-0.5928030447183339 0.18081165966194693
-0.5852742331414111 0.09380402993559132
-0.6003318562952568 0.13730784479876915
-0.6078606678721796 0.09380402993559132
-0.5551589868337197 0.11555593736718023
-0.5250437405260283 0.07205212250400242
-0.4723420594875684 0.15905975223035804
-0.44975562475679987 0.22431547452512474
-0.4346980016029542 0.28957119681989146
-0.3970539437183399 0.31132310425148035
-0.3895251321414171 0.39833073397783597
-0.4045827552952628 0.39833073397783597
-0.41964037844910845 0.31132310425148035
-0.41964037844910845 0.20256356709353585
-0.4271691900260313 0.13730784479876915
-0.41964037844910845 0.11555593736718023
-0.3895251321414171 0.11555593736718023
-0.38199632056449423 0.13730784479876915
-0.34435226267988 0.20256356709353585
-0.29165058164142005 0.20256356709353585
-0.27659295848757437 0.22431547452512474
-0.2615353353337287 0.15905975223035804
-0.27659295848757437 0.05030021507241352
-0.3142370163721886 -0.014955507222353184
-0.3292946395260343 0.006796400209235718
-0.3594098858337257 -0.05845932208553099
-0.41211156687218564 -0.0802112295171199
-0.442226813179877 0.07205212250400242
-0.44975562475679987 0.11555593736718023
-0.4045827552952628 0.09380402993559132
-0.36693869741064855 0.11555593736718023
-0.3292946395260343 0.11555593736718023
-0.3518810742568029 0.11555593736718023
-0.3594098858337257 0.13730784479876915
-0.3970539437183399 0.07205212250400242
-0.4346980016029542 0.02854830764082462
-0.46481324791064554 -0.03670741465394209
-0.5250437405260283 -0.16721885924347551
-0.5626877984106425 -0.16721885924347551
-0.6003318562952568 -0.2107226741066533
-0.6153894794491025 -0.25422648896983113
-0.637975914179871 -0.12371504438029769
-0.637975914179871 0.02854830764082462
-0.6078606678721796 0.18081165966194693
-0.6078606678721796 0.20256356709353585
-0.5626877984106425 0.18081165966194693
-0.540101363679874 0.09380402993559132
-0.5476301752567969 -0.03670741465394209
-0.5626877984106425 -0.0802112295171199
-0.5476301752567969 -0.1454669518118866
-0.5626877984106425 -0.1454669518118866
-0.5626877984106425 -0.1454669518118866
-0.5626877984106425 -0.10196313694870879
-0.5777454215644883 0.006796400209235718
-0.540101363679874 0.11555593736718023
-0.5626877984106425 0.11555593736718023
-0.5476301752567969 0.09380402993559132
-0.5250437405260283 0.02854830764082462
-0.4873996826414141 -0.16721885924347551
-0.4271691900260313 -0.3194822112645978
-0.3594098858337257 -0.6240089153068424
-0.2314200890260373 -0.8850318044859092
-0.0055557417183518965 -1.2330623233913318
0.30312553293548483 -1.5158371200019876
0.68709492335855 -1.9073714537705877
1.1463524295508436 -2.1901462503812437
1.66584042835852 -2.45116913956031
2.253087731358502 -2.733943936170966
2.840335034358484 -3.0167187327816216
3.427582337358466 -3.0819744550763883
3.932012713012297 -3.168982084802744
4.331039726589208 -3.0167187327816216
4.571961697050739 -2.7774477510341438
4.65477862439689 -2.472921046991899
4.534317639166125 -1.9291233612021765
4.135290625589214 -1.5375890274335764
3.337236598435392 -1.167806601096565
2.3735487165892675 -1.0372951565070316
1.4098608347431434 -0.950287526780676
0.4461729528970189 -0.7980241747595537
-0.5175149289491054 -0.6240089153068424
-1.3607418255644643 -0.34123411869618675
-1.1951079708721617 -0.1454669518118866
-0.8186673920260193 -0.05845932208553099
-0.44975562475679987 0.006796400209235718
-0.18624721956450022 -0.10196313694870879
-0.09590148064142606 -0.10196313694870879
-0.15613197325680883 -0.1889707666750644
-0.2615353353337287 -0.2107226741066533
-0.3970539437183399 -0.12371504438029769
-0.4723420594875684 -0.12371504438029769
-0.5024573057952598 -0.05845932208553099
-0.5175149289491054 0.05030021507241352
-0.442226813179877 0.18081165966194693
-0.4271691900260313 0.13730784479876915
-0.4346980016029542 0.13730784479876915
-0.4346980016029542 0.09380402993559132
-0.4572844363337227 0.05030021507241352
-0.442226813179877 0.07205212250400242
-0.4572844363337227 -0.014955507222353184
-0.4572844363337227 0.006796400209235718
-0.4271691900260313 -0.014955507222353184
-0.44975562475679987 -0.03670741465394209
-0.4346980016029542 0.05030021507241352
-0.3970539437183399 0.09380402993559132
-0.37446750898757136 0.22431547452512474
-0.3518810742568029 0.22431547452512474
-0.33682345110295714 0.24606738195671365
-0.33682345110295714 0.18081165966194693
-0.34435226267988 0.11555593736718023
-0.33682345110295714 0.006796400209235718
-0.3518810742568029 -0.05845932208553099
-0.33682345110295714 -0.0802112295171199
-0.3518810742568029 0.006796400209235718
-0.34435226267988 0.13730784479876915
-0.3142370163721886 0.22431547452512474
-0.29165058164142005 0.24606738195671365
-0.3142370163721886 0.28957119681989146
-0.26906414691065156 0.28957119681989146
-0.2540065237568058 0.24606738195671365
-0.24647771217988299 0.18081165966194693
-0.22389127744911444 0.11555593736718023
-0.2163624658721916 0.006796400209235718
-0.22389127744911444 0.07205212250400242
-0.20130484271834592 0.18081165966194693
-0.17871840798757738 0.22431547452512474
-0.15613197325680883 0.24606738195671365
-0.11095910379527175 0.2678192893883026
-0.08837266906450321 0.24606738195671365
-0.058257422756811825 0.31132310425148035
-0.04319979960296613 0.28957119681989146
-0.028142176449120437 0.35482691911465813
-0.028142176449120437 0.31132310425148035
-0.02061336487219759 0.31132310425148035
-0.0055557417183518965 0.20256356709353585
0.009501881435493797 0.13730784479876915
0.03961712774318518 0.18081165966194693
0.06973237405087657 0.18081165966194693
0.09984762035856795 0.28957119681989146
0.16007811297395072 0.39833073397783597
0.19772217085856497 0.5288421785673694
0.2353662287431792 0.5505940859989583
0.2654814750508706 0.5505940859989583
0.29559672135856196 0.5070902711357804
0.31065434451240764 0.44183454884101375
0.34076959082009906 0.4635864562726027
0.3633560255508676 0.42008264140942486
0.4010000834354818 0.5288421785673694
0.42358651816625037 0.4853383637041916
0.43111532974317324 0.6376017157253139
0.4612305760508646 0.6593536231569028
0.5214610686662474 0.6811055305884917
0.536518691820093 0.7028574380200806
0.6042779960123987 0.6593536231569028
0.6343932423200901 0.6376017157253139
0.6343932423200901 0.615849808293725
0.6268644307431672 0.5505940859989583
0.6268644307431672 0.5070902711357804
0.6343932423200901 0.4853383637041916
0.6118068075893215 0.4853383637041916
0.5967491844354759 0.42008264140942486
0.5816915612816301 0.4635864562726027
0.5816915612816301 0.4853383637041916
0.5666339381277845 0.5288421785673694
0.5515763149739388 0.5723459934305472
0.5515763149739388 0.5940979008621361
0.4988746339354788 0.5723459934305472
0.43864414132009605 0.4635864562726027
0.38594246028163615 0.31132310425148035
0.3181831560893305 0.20256356709353585
0.25795266347394774 0.20256356709353585
0.1901933592816421 0.18081165966194693
0.11490524351241366 0.15905975223035804
0.06220356247395373 0.11555593736718023
0.032088316166262336 0.05030021507241352
0.017030693012416644 0.07205212250400242
-0.028142176449120437 -0.03670741465394209
-0.058257422756811825 0.05030021507241352
-0.09590148064142606 0.05030021507241352
-0.12601672694911745 -0.014955507222353184
-0.15613197325680883 -0.014955507222353184
-0.17871840798757738 -0.0802112295171199
-0.2163624658721916 -0.12371504438029769
-0.23894890060296015 -0.2107226741066533
-0.2540065237568058 -0.25422648896983113
-0.2991793932183429 -0.1454669518118866
-0.2991793932183429 -0.10196313694870879
-0.29165058164142005 0.006796400209235718
-0.2540065237568058 0.02854830764082462
-0.2540065237568058 0.05030021507241352
-0.24647771217988299 0.05030021507241352
-0.24647771217988299 -0.03670741465394209
-0.26906414691065156 -0.1454669518118866
-0.28412177006449724 -0.23247458153824221
-0.29165058164142005 -0.25422648896983113
-0.3067082047952658 -0.23247458153824221
-0.28412177006449724 -0.1889707666750644
-0.28412177006449724 -0.12371504438029769
-0.26906414691065156 0.02854830764082462
-0.26906414691065156 -0.05845932208553099
-0.26906414691065156 -0.05845932208553099
-0.24647771217988299 -0.0802112295171199
-0.23894890060296015 -0.1454669518118866
-0.22389127744911444 -0.16721885924347551
-0.22389127744911444 -0.16721885924347551
-0.2163624658721916 -0.2107226741066533
-0.22389127744911444 -0.25422648896983113
-0.22389127744911444 -0.27597839640142
-0.22389127744911444 -0.36298602612777564
-0.2540065237568058 -0.34123411869618675
-0.24647771217988299 -0.2977303038330089
-0.2314200890260373 -0.1889707666750644
-0.20883365429526876 -0.2107226741066533
-0.18624721956450022 -0.05845932208553099
-0.18624721956450022 -0.12371504438029769
-0.20130484271834592 -0.0802112295171199
-0.19377603114142306 -0.1454669518118866
-0.22389127744911444 -0.23247458153824221
-0.23894890060296015 -0.27597839640142
-0.24647771217988299 -0.38473793355936453
-0.24647771217988299 -0.36298602612777564
-0.23894890060296015 -0.27597839640142
-0.23894890060296015 -0.23247458153824221
-0.2314200890260373 -0.2107226741066533
-0.2163624658721916 -0.16721885924347551
-0.2314200890260373 -0.2107226741066533
-0.20130484271834592 -0.23247458153824221
-0.20883365429526876 -0.2977303038330089
-0.18624721956450022 -0.38473793355936453
-0.2163624658721916 -0.36298602612777564
-0.23894890060296015 -0.4064898409909534
-0.23894890060296015 -0.38473793355936453
-0.2615353353337287 -0.4064898409909534
-0.27659295848757437 -0.5370012855804869
-0.26906414691065156 -0.5370012855804869
-0.26906414691065156 -0.4282417484225423
-0.27659295848757437 -0.2977303038330089
-0.26906414691065156 -0.16721885924347551
-0.2615353353337287 -0.1889707666750644
-0.28412177006449724 -0.16721885924347551
-0.26906414691065156 -0.2107226741066533
-0.28412177006449724 -0.2977303038330089
-0.29165058164142005 -0.44999365585413126
-0.3142370163721886 -0.49349747071730904
-0.32176582794911146 -0.49349747071730904
-0.33682345110295714 -0.44999365585413126
-0.33682345110295714 -0.4064898409909534
-0.3142370163721886 -0.27597839640142
-0.3142370163721886 -0.25422648896983113
-0.2991793932183429 -0.25422648896983113
-0.29165058164142005 -0.25422648896983113
-0.3142370163721886 -0.38473793355936453
-0.29165058164142005 -0.36298602612777564
-0.3067082047952658 -0.4064898409909534
-0.3142370163721886 -0.36298602612777564
-0.34435226267988 -0.36298602612777564
-0.3518810742568029 -0.3194822112645978
-0.3594098858337257 -0.4064898409909534
-0.3895251321414171 -0.47174556328572015
-0.3594098858337257 -0.5587531930120757
-0.34435226267988 -0.5370012855804869
-0.32176582794911146 -0.36298602612777564
-0.3067082047952658 -0.38473793355936453
-0.29165058164142005 -0.34123411869618675
-0.2991793932183429 -0.38473793355936453
-0.3142370163721886 -0.44999365585413126
-0.34435226267988 -0.44999365585413126
-0.3292946395260343 -0.5152493781488979
-0.36693869741064855 -0.47174556328572015
-0.38199632056449423 -0.4064898409909534
-0.3970539437183399 -0.34123411869618675
-0.37446750898757136 -0.3194822112645978
-0.36693869741064855 -0.2977303038330089
-0.3518810742568029 -0.23247458153824221
-0.3292946395260343 -0.23247458153824221
-0.28412177006449724 -0.25422648896983113
-0.27659295848757437 -0.27597839640142
-0.26906414691065156 -0.27597839640142
-0.2540065237568058 -0.27597839640142
-0.24647771217988299 -0.34123411869618675
-0.22389127744911444 -0.2977303038330089
-0.20883365429526876 -0.2107226741066533
-0.20130484271834592 -0.1889707666750644
-0.148603161679886 -0.1454669518118866
-0.14107435010296313 -0.12371504438029769
-0.11095910379527175 -0.014955507222353184
-0.1034302922183489 -0.03670741465394209
-0.11095910379527175 -0.1889707666750644
-0.1184879153721946 -0.16721885924347551
-0.15613197325680883 -0.1889707666750644
-0.148603161679886 -0.2107226741066533
-0.17118959641065454 -0.1454669518118866
-0.148603161679886 -0.25422648896983113
-0.14107435010296313 -0.25422648896983113
-0.1034302922183489 -0.3194822112645978
-0.05072861117988898 -0.2977303038330089
-0.0055557417183518965 -0.2977303038330089
0.009501881435493797 -0.25422648896983113
0.017030693012416644 -0.27597839640142
-0.0055557417183518965 -0.2107226741066533
-0.07331504591065752 -0.16721885924347551
-0.09590148064142606 -0.2107226741066533
-0.1034302922183489 -0.2977303038330089
-0.12601672694911745 -0.4282417484225423
-0.15613197325680883 -0.47174556328572015
-0.17871840798757738 -0.5587531930120757
-0.15613197325680883 -0.49349747071730904
-0.14107435010296313 -0.4064898409909534
-0.1184879153721946 -0.4282417484225423
-0.148603161679886 -0.36298602612777564
-0.19377603114142306 -0.25422648896983113
-0.23894890060296015 -0.27597839640142
-0.32176582794911146 -0.25422648896983113
-0.34435226267988 -0.34123411869618675
-0.3970539437183399 -0.4282417484225423
-0.4271691900260313 -0.49349747071730904
-0.41211156687218564 -0.5805051004436647
-0.41964037844910845 -0.5587531930120757
-0.3895251321414171 -0.6022570078752536
-0.37446750898757136 -0.5587531930120757
-0.37446750898757136 -0.47174556328572015
-0.3518810742568029 -0.4282417484225423
-0.32176582794911146 -0.38473793355936453
-0.33682345110295714 -0.4064898409909534
-0.3292946395260343 -0.4282417484225423
-0.3292946395260343 -0.44999365585413126
-0.32176582794911146 -0.38473793355936453
-0.3518810742568029 -0.36298602612777564
-0.36693869741064855 -0.4064898409909534
-0.34435226267988 -0.49349747071730904
-0.36693869741064855 -0.5805051004436647
-0.32176582794911146 -0.7545203598963759
-0.3142370163721886 -0.9937913416438539
-0.19377603114142306 -1.2548142308229207
-0.02061336487219759 -1.5375890274335764
0.25795266347394774 -1.9508752686337656
0.6494508654739358 -2.298905787539188
1.1463524295508436 -2.7774477510341438
1.7486573557046714 -3.212485899665922
2.3810775281661907 -3.669275955729289
3.051141758512324 -4.0390583820663
3.721205988858457 -4.2348255489506
4.323510915012285 -4.1260660117926555
4.76018198647381 -3.9520507523399444
5.016161580089187 -3.4952606962765778
5.046276826396879 -2.886207288192088
4.880642971704575 -2.298905787539188
4.4364430886661275 -1.8203638240442321
3.600745003627692 -1.5158371200019876
2.6370571217815675 -1.407077582844043
1.673369239935443 -1.3200699531176874
0.7096813580893185 -1.2548142308229207
-0.2540065237568058 -1.0372951565070316
-1.0520605509106276 -0.8850318044859092
-0.8563114499106336 -0.6457608227384314
-0.4723420594875684 -0.5152493781488979
-0.1034302922183489 -0.49349747071730904
0.12996286666625934 -0.47174556328572015
0.2052509824354878 -0.49349747071730904
0.1073764319354908 -0.47174556328572015
-0.04319979960296613 -0.44999365585413126
-0.17871840798757738 -0.4282417484225423
-0.3067082047952658 -0.4282417484225423
-0.3594098858337257 -0.36298602612777564
-0.36693869741064855 -0.38473793355936453
-0.3594098858337257 -0.3194822112645978
-0.34435226267988 -0.3194822112645978
-0.34435226267988 -0.25422648896983113
-0.3594098858337257 -0.23247458153824221
-0.34435226267988 -0.1889707666750644
-0.32176582794911146 -0.2107226741066533
-0.27659295848757437 -0.25422648896983113
-0.27659295848757437 -0.36298602612777564
-0.28412177006449724 -0.4282417484225423
-0.26906414691065156 -0.5370012855804869
-0.29165058164142005 -0.36298602612777564
-0.32176582794911146 -0.4282417484225423
-0.3292946395260343 -0.3194822112645978
-0.3142370163721886 -0.2977303038330089
-0.2991793932183429 -0.12371504438029769
-0.27659295848757437 -0.10196313694870879
-0.2540065237568058 -0.12371504438029769
-0.17871840798757738 -0.12371504438029769
-0.19377603114142306 -0.1889707666750644
-0.17118959641065454 -0.16721885924347551
-0.18624721956450022 -0.23247458153824221
-0.17871840798757738 -0.34123411869618675
-0.20883365429526876 -0.4064898409909534
-0.2163624658721916 -0.2977303038330089
-0.2163624658721916 -0.25422648896983113
-0.22389127744911444 -0.1889707666750644
-0.19377603114142306 -0.1889707666750644
-0.18624721956450022 -0.10196313694870879
-0.14107435010296313 -0.03670741465394209
-0.14107435010296313 -0.10196313694870879
-0.11095910379527175 -0.16721885924347551
-0.08837266906450321 -0.25422648896983113
-0.07331504591065752 -0.27597839640142
-0.06578623433373466 -0.2107226741066533
-0.05072861117988898 -0.23247458153824221
-0.04319979960296613 -0.25422648896983113
-0.028142176449120437 -0.10196313694870879
0.0019730698585709505 -0.05845932208553099
0.0019730698585709505 0.02854830764082462
0.017030693012416644 0.02854830764082462
0.06220356247395373 0.09380402993559132
0.09231880878164511 0.11555593736718023
0.09984762035856795 0.07205212250400242
0.11490524351241366 -0.014955507222353184
0.1676069245508736 -0.014955507222353184
0.22030860558933352 0.05030021507241352
0.2504238518970249 0.05030021507241352
0.28806790978163915 0.07205212250400242
0.3257119676662534 0.07205212250400242
0.37088483712779047 0.15905975223035804
0.4085288950124047 0.15905975223035804
0.48381701078163314 0.24606738195671365
0.5214610686662474 0.22431547452512474
0.536518691820093 0.22431547452512474
0.5666339381277845 0.2678192893883026
0.5741627497047073 0.2678192893883026
0.5816915612816301 0.13730784479876915
0.6042779960123987 0.20256356709353585
0.6042779960123987 0.18081165966194693
0.6343932423200901 0.11555593736718023
0.641922053897013 0.13730784479876915
0.6645084886277814 0.15905975223035804
0.6645084886277814 0.22431547452512474
0.6946237349354728 0.31132310425148035
0.6946237349354728 0.39833073397783597
0.7247389812431643 0.44183454884101375
0.7172101696662414 0.39833073397783597
0.7397966043970099 0.3765788265462471
0.7397966043970099 0.20256356709353585
0.6795661117816272 0.09380402993559132
0.6494508654739358 0.11555593736718023
0.5816915612816301 0.006796400209235718
0.5591051265508616 -0.05845932208553099
0.48381701078163314 -0.014955507222353184
0.43111532974317324 0.006796400209235718
0.38594246028163615 0.07205212250400242
0.3633560255508676 0.02854830764082462
0.3181831560893305 0.006796400209235718
0.2504238518970249 -0.014955507222353184
0.18266454770471927 -0.1454669518118866
0.15254930139702788 -0.2977303038330089
0.1073764319354908 -0.38473793355936453
0.06220356247395373 -0.5587531930120757
0.017030693012416644 -0.5152493781488979
-0.05072861117988898 -0.49349747071730904
-0.11095910379527175 -0.44999365585413126
-0.16366078483373167 -0.34123411869618675
-0.19377603114142306 -0.44999365585413126
-0.2163624658721916 -0.36298602612777564
-0.20883365429526876 -0.38473793355936453
-0.20130484271834592 -0.49349747071730904
-0.22389127744911444 -0.47174556328572015
-0.2314200890260373 -0.49349747071730904
-0.2615353353337287 -0.5587531930120757
-0.3067082047952658 -0.6022570078752536
-0.28412177006449724 -0.6457608227384314
-0.29165058164142005 -0.5370012855804869
-0.29165058164142005 -0.5152493781488979
-0.2615353353337287 -0.47174556328572015
-0.24647771217988299 -0.4064898409909534
-0.23894890060296015 -0.34123411869618675
-0.2163624658721916 -0.36298602612777564
-0.2540065237568058 -0.4064898409909534
-0.2540065237568058 -0.4064898409909534
-0.32176582794911146 -0.47174556328572015
-0.33682345110295714 -0.49349747071730904
-0.34435226267988 -0.5152493781488979
-0.33682345110295714 -0.5805051004436647
-0.32176582794911146 -0.6457608227384314
-0.3142370163721886 -0.5805051004436647
-0.2991793932183429 -0.47174556328572015
-0.27659295848757437 -0.36298602612777564
-0.2540065237568058 -0.2977303038330089
-0.23894890060296015 -0.3194822112645978
-0.24647771217988299 -0.34123411869618675
-0.22389127744911444 -0.4282417484225423
-0.2163624658721916 -0.5152493781488979
-0.23894890060296015 -0.6022570078752536
-0.23894890060296015 -0.6240089153068424
-0.2615353353337287 -0.6240089153068424
-0.29165058164142005 -0.5805051004436647
-0.29165058164142005 -0.36298602612777564
-0.27659295848757437 -0.34123411869618675
-0.28412177006449724 -0.27597839640142
-0.28412177006449724 -0.3194822112645978
-0.24647771217988299 -0.3194822112645978
-0.23894890060296015 -0.38473793355936453
-0.2615353353337287 -0.36298602612777564
-0.2615353353337287 -0.44999365585413126
-0.27659295848757437 -0.47174556328572015
-0.27659295848757437 -0.5587531930120757
-0.26906414691065156 -0.5370012855804869
-0.2540065237568058 -0.5805051004436647
-0.2615353353337287 -0.6457608227384314
-0.24647771217988299 -0.6022570078752536
-0.2615353353337287 -0.6457608227384314
-0.2615353353337287 -0.49349747071730904
-0.2615353353337287 -0.5152493781488979
-0.2615353353337287 -0.44999365585413126
-0.28412177006449724 -0.47174556328572015
-0.2991793932183429 -0.44999365585413126
-0.32176582794911146 -0.5152493781488979
-0.3518810742568029 -0.5152493781488979
-0.3518810742568029 -0.5587531930120757
-0.37446750898757136 -0.5370012855804869
-0.34435226267988 -0.5370012855804869
-0.3518810742568029 -0.44999365585413126
-0.3292946395260343 -0.47174556328572015
-0.33682345110295714 -0.44999365585413126
-0.32176582794911146 -0.44999365585413126
-0.3067082047952658 -0.47174556328572015
-0.3292946395260343 -0.44999365585413126
-0.3594098858337257 -0.47174556328572015
-0.38199632056449423 -0.38473793355936453
-0.4045827552952628 -0.49349747071730904
-0.41211156687218564 -0.44999365585413126
-0.41964037844910845 -0.44999365585413126
-0.41964037844910845 -0.49349747071730904
-0.4045827552952628 -0.5370012855804869
-0.4045827552952628 -0.5587531930120757
-0.36693869741064855 -0.5587531930120757
-0.32176582794911146 -0.5587531930120757
-0.2991793932183429 -0.5370012855804869
-0.33682345110295714 -0.5805051004436647
-0.3518810742568029 -0.6022570078752536
-0.3970539437183399 -0.6022570078752536
-0.3970539437183399 -0.6457608227384314
-0.3970539437183399 -0.6240089153068424
-0.4045827552952628 -0.6240089153068424
-0.3970539437183399 -0.5805051004436647
-0.41211156687218564 -0.6892646376016092
-0.41211156687218564 -0.6240089153068424
-0.4045827552952628 -0.6022570078752536
-0.41211156687218564 -0.6240089153068424
-0.41211156687218564 -0.5805051004436647
-0.3970539437183399 -0.6022570078752536
-0.41211156687218564 -0.5587531930120757
-0.37446750898757136 -0.5370012855804869
-0.38199632056449423 -0.5370012855804869
-0.38199632056449423 -0.6022570078752536
-0.4045827552952628 -0.6240089153068424
-0.3970539437183399 -0.7545203598963759
-0.3970539437183399 -0.6675127301700202
-0.3970539437183399 -0.6457608227384314
-0.36693869741064855 -0.49349747071730904
-0.32176582794911146 -0.44999365585413126
-0.33682345110295714 -0.34123411869618675
-0.3292946395260343 -0.3194822112645978
-0.3067082047952658 -0.38473793355936453
-0.2991793932183429 -0.4282417484225423
-0.27659295848757437 -0.4282417484225423
-0.2615353353337287 -0.36298602612777564
-0.24647771217988299 -0.4282417484225423
-0.22389127744911444 -0.4064898409909534
-0.2314200890260373 -0.38473793355936453
-0.20883365429526876 -0.44999365585413126
-0.22389127744911444 -0.5152493781488979
-0.2163624658721916 -0.47174556328572015
-0.2314200890260373 -0.5370012855804869
-0.20883365429526876 -0.5370012855804869
-0.16366078483373167 -0.5152493781488979
-0.15613197325680883 -0.5152493781488979
-0.14107435010296313 -0.6022570078752536
-0.148603161679886 -0.6240089153068424
-0.148603161679886 -0.6240089153068424
-0.18624721956450022 -0.5805051004436647
-0.15613197325680883 -0.5587531930120757
-0.14107435010296313 -0.5152493781488979
-0.12601672694911745 -0.44999365585413126
-0.11095910379527175 -0.44999365585413126
-0.12601672694911745 -0.5587531930120757
-0.1184879153721946 -0.6240089153068424
-0.17118959641065454 -0.7110165450331981
-0.19377603114142306 -0.8197760821911426
-0.22389127744911444 -0.7980241747595537
-0.26906414691065156 -0.8415279896227315
-0.27659295848757437 -0.8197760821911426
-0.34435226267988 -0.732768452464787
-0.3895251321414171 -0.6457608227384314
-0.3895251321414171 -0.6240089153068424
-0.4271691900260313 -0.5805051004436647
-0.4271691900260313 -0.5370012855804869
-0.46481324791064554 -0.6240089153068424
-0.4873996826414141 -0.6892646376016092
-0.49492849421833696 -0.7762722673279647
-0.49492849421833696 -0.7980241747595537
-0.4723420594875684 -0.8850318044859092
-0.4723420594875684 -0.7980241747595537
-0.4798708710644912 -0.7762722673279647
-0.4873996826414141 -0.6675127301700202
-0.4723420594875684 -0.6240089153068424
-0.442226813179877 -0.5587531930120757
-0.4572844363337227 -0.5370012855804869
-0.46481324791064554 -0.49349747071730904
-0.4572844363337227 -0.6022570078752536
-0.4723420594875684 -0.732768452464787
-0.49492849421833696 -0.7980241747595537
-0.49492849421833696 -0.9067837119174982
-0.49492849421833696 -1.0590470639386205
-0.41964037844910845 -1.2113104159597428
-0.3518810742568029 -1.363573767980865
-0.22389127744911444 -1.7333561943178766
0.032088316166262336 -2.1466424355180656
0.38594246028163615 -2.6034324915814326
0.8301423433200841 -3.0167187327816216
1.4023320231662204 -3.430004973981811
2.0272233840508167 -3.843291215182
2.6822299912431045 -4.321833178676956
3.3598230331661605 -4.561104160424434
3.9922432056276795 -4.669863697582378
4.49667358128151 -4.517600345561256
4.775239609627656 -4.191321734087422
4.880642971704575 -3.6475240482977
4.782768421204579 -3.0384706402132107
4.481615958127665 -2.4294172321287215
3.871782220396914 -1.9073714537705877
2.90809433855079 -1.6028447497283431
1.9444064567046655 -1.5158371200019876
0.980718574858541 -1.407077582844043
0.017030693012416644 -1.4288294902756318
-0.9466571888337078 -1.407077582844043
-1.3155689561029271 -1.2765661382545095
-1.0144164930260133 -1.167806601096565
-0.5777454215644883 -0.9937913416438539
-0.17118959641065454 -0.7980241747595537
0.04714593932010803 -0.732768452464787
0.09984762035856795 -0.7110165450331981
-0.028142176449120437 -0.6892646376016092
-0.17118959641065454 -0.6457608227384314
-0.3142370163721886 -0.6457608227384314
-0.41211156687218564 -0.6457608227384314
-0.4723420594875684 -0.6240089153068424
-0.49492849421833696 -0.5805051004436647
-0.4723420594875684 -0.6240089153068424
-0.4572844363337227 -0.6022570078752536
-0.4271691900260313 -0.6892646376016092
-0.4346980016029542 -0.732768452464787
-0.4572844363337227 -0.6457608227384314
-0.4572844363337227 -0.5152493781488979
-0.46481324791064554 -0.5370012855804869
-0.44975562475679987 -0.44999365585413126
-0.442226813179877 -0.44999365585413126
-0.4572844363337227 -0.49349747071730904
-0.41964037844910845 -0.5587531930120757
-0.3895251321414171 -0.6675127301700202
-0.3970539437183399 -0.8197760821911426
-0.41211156687218564 -0.7980241747595537
-0.4271691900260313 -0.6675127301700202
-0.4346980016029542 -0.6022570078752536
-0.442226813179877 -0.5805051004436647
-0.41211156687218564 -0.4282417484225423
-0.41211156687218564 -0.38473793355936453
-0.3895251321414171 -0.34123411869618675
-0.33682345110295714 -0.4282417484225423
-0.32176582794911146 -0.47174556328572015
-0.3142370163721886 -0.49349747071730904
-0.3292946395260343 -0.49349747071730904
-0.33682345110295714 -0.5152493781488979
-0.3594098858337257 -0.49349747071730904
-0.3594098858337257 -0.49349747071730904
-0.3594098858337257 -0.4064898409909534
-0.37446750898757136 -0.36298602612777564
-0.34435226267988 -0.2977303038330089
-0.3292946395260343 -0.27597839640142
-0.3142370163721886 -0.3194822112645978
-0.2991793932183429 -0.34123411869618675
-0.28412177006449724 -0.4282417484225423
-0.27659295848757437 -0.4282417484225423
-0.27659295848757437 -0.4282417484225423
-0.32176582794911146 -0.47174556328572015
-0.3292946395260343 -0.4064898409909534
-0.34435226267988 -0.36298602612777564
-0.3292946395260343 -0.38473793355936453
-0.28412177006449724 -0.36298602612777564
-0.26906414691065156 -0.36298602612777564
-0.22389127744911444 -0.3194822112645978
-0.16366078483373167 -0.1454669518118866
-0.14107435010296313 -0.0802112295171199
-0.13354553852604029 -0.014955507222353184
-0.11095910379527175 0.02854830764082462
-0.058257422756811825 -0.014955507222353184
-0.04319979960296613 -0.16721885924347551
0.0019730698585709505 -0.1889707666750644
0.02455950458933949 -0.2107226741066533
0.032088316166262336 -0.1889707666750644
0.08478999720472226 -0.03670741465394209
0.11490524351241366 0.11555593736718023
0.16007811297395072 0.18081165966194693
0.2052509824354878 0.24606738195671365
0.24289504032010203 0.22431547452512474
0.2730102866277934 0.11555593736718023
0.2805390982047163 0.11555593736718023
0.28806790978163915 0.05030021507241352
0.2805390982047163 0.07205212250400242
0.2805390982047163 0.09380402993559132
0.29559672135856196 0.18081165966194693
0.30312553293548483 0.18081165966194693
0.30312553293548483 0.09380402993559132
0.34076959082009906 0.11555593736718023
0.34076959082009906 0.15905975223035804
0.3482984023970219 0.07205212250400242
0.31065434451240764 0.07205212250400242
0.3181831560893305 0.07205212250400242
0.3257119676662534 0.006796400209235718
0.2730102866277934 -0.05845932208553099
0.22783741716625636 -0.1454669518118866
0.21277979401241065 -0.1889707666750644
0.15254930139702788 -0.34123411869618675
0.09984762035856795 -0.4282417484225423
0.032088316166262336 -0.44999365585413126
-0.0055557417183518965 -0.47174556328572015
-0.06578623433373466 -0.5152493781488979
-0.08837266906450321 -0.4282417484225423
-0.148603161679886 -0.44999365585413126
-0.19377603114142306 -0.38473793355936453
-0.2615353353337287 -0.4282417484225423
-0.3142370163721886 -0.49349747071730904
-0.38199632056449423 -0.5370012855804869
-0.4271691900260313 -0.6240089153068424
-0.4572844363337227 -0.6675127301700202
-0.5099861173721826 -0.6892646376016092
-0.5325725521029512 -0.6675127301700202
-0.540101363679874 -0.732768452464787
-0.5777454215644883 -0.6892646376016092
-0.5551589868337197 -0.6240089153068424
-0.5777454215644883 -0.6240089153068424
-0.6078606678721796 -0.6457608227384314
-0.6229182910260254 -0.6675127301700202
-0.6229182910260254 -0.7980241747595537
-0.6756199720644852 -0.8197760821911426
-0.7057352183721767 -0.8415279896227315
-0.7659657109875594 -0.732768452464787
-0.7584368994106365 -0.6892646376016092
-0.7584368994106365 -0.5587531930120757
-0.7433792762567909 -0.5587531930120757
-0.7132640299490995 -0.5370012855804869
-0.6906775952183309 -0.49349747071730904
-0.6680911604875625 -0.5805051004436647
-0.6530335373337167 -0.6240089153068424
-0.6229182910260254 -0.7980241747595537
-0.6605623489106396 -0.7762722673279647
-0.6756199720644852 -0.8197760821911426
-0.7283216531029452 -0.8415279896227315
-0.735850464679868 -0.7980241747595537
-0.735850464679868 -0.7762722673279647
-0.7584368994106365 -0.732768452464787
-0.7734945225644823 -0.6022570078752536
-0.7509080878337138 -0.5370012855804869
-0.7132640299490995 -0.44999365585413126
-0.6756199720644852 -0.5370012855804869
-0.6680911604875625 -0.6022570078752536
-0.6982064067952538 -0.732768452464787
-0.6680911604875625 -0.732768452464787
-0.6680911604875625 -0.7762722673279647
-0.6906775952183309 -0.7545203598963759
-0.6831487836414081 -0.7545203598963759
-0.6982064067952538 -0.732768452464787
-0.7207928415260223 -0.6457608227384314
-0.7207928415260223 -0.5370012855804869
-0.7207928415260223 -0.5152493781488979
-0.7057352183721767 -0.5152493781488979
-0.6831487836414081 -0.5152493781488979
-0.6906775952183309 -0.5805051004436647
-0.6831487836414081 -0.7110165450331981
-0.7057352183721767 -0.7762722673279647
-0.7207928415260223 -0.8197760821911426
-0.7283216531029452 -0.732768452464787
-0.7810233341414051 -0.7545203598963759
-0.7584368994106365 -0.6675127301700202
-0.7659657109875594 -0.5587531930120757
-0.7283216531029452 -0.6457608227384314
-0.7207928415260223 -0.5805051004436647
-0.6831487836414081 -0.6457608227384314
-0.6756199720644852 -0.6892646376016092
-0.6982064067952538 -0.7762722673279647
-0.7283216531029452 -0.8197760821911426
-0.7584368994106365 -0.8415279896227315
-0.7734945225644823 -0.8197760821911426
-0.7509080878337138 -0.8197760821911426
-0.7810233341414051 -0.8415279896227315
-0.788552145718328 -0.8415279896227315
-0.8261962036029422 -0.7545203598963759
-0.8036097688721736 -0.732768452464787
-0.7960809572952509 -0.6457608227384314
-0.7960809572952509 -0.6022570078752536
-0.7659657109875594 -0.6240089153068424
-0.7584368994106365 -0.6240089153068424
-0.7584368994106365 -0.7545203598963759
-0.7584368994106365 -0.8197760821911426
-0.788552145718328 -0.8850318044859092
-0.788552145718328 -0.8850318044859092
-0.7810233341414051 -0.8415279896227315
-0.8337250151798651 -0.7762722673279647
-0.8261962036029422 -0.6675127301700202
-0.8261962036029422 -0.6240089153068424
-0.8186673920260193 -0.6675127301700202
-0.7960809572952509 -0.7545203598963759
-0.788552145718328 -0.7762722673279647
-0.7659657109875594 -0.8415279896227315
-0.7584368994106365 -0.9067837119174982
-0.7584368994106365 -0.8850318044859092
-0.7584368994106365 -0.7980241747595537
-0.7810233341414051 -0.8632798970543204
-0.8036097688721736 -0.7762722673279647
-0.8337250151798651 -0.8197760821911426
-0.8412538267567878 -0.8632798970543204
-0.8412538267567878 -0.8197760821911426
-0.8186673920260193 -0.7980241747595537
-0.8186673920260193 -0.7110165450331981
-0.788552145718328 -0.6240089153068424
-0.7810233341414051 -0.6892646376016092
-0.7810233341414051 -0.7762722673279647
-0.8036097688721736 -0.7980241747595537
-0.8261962036029422 -0.8415279896227315
-0.8487826383337107 -0.8197760821911426
-0.8638402614875564 -0.7545203598963759
-0.8563114499106336 -0.732768452464787
-0.8261962036029422 -0.6457608227384314
-0.8111385804490965 -0.44999365585413126
-0.788552145718328 -0.38473793355936453
-0.7810233341414051 -0.4064898409909534
-0.7433792762567909 -0.5152493781488979
-0.7057352183721767 -0.5805051004436647
-0.6906775952183309 -0.6457608227384314
-0.6530335373337167 -0.7110165450331981
-0.6605623489106396 -0.7110165450331981
-0.6756199720644852 -0.6240089153068424
-0.7057352183721767 -0.5152493781488979
-0.735850464679868 -0.5805051004436647
-0.7433792762567909 -0.5587531930120757
-0.735850464679868 -0.47174556328572015
-0.7207928415260223 -0.49349747071730904
-0.7057352183721767 -0.49349747071730904
-0.6756199720644852 -0.5587531930120757
-0.637975914179871 -0.6022570078752536
-0.6078606678721796 -0.6240089153068424
-0.5777454215644883 -0.7110165450331981
-0.5551589868337197 -0.7545203598963759
-0.5702166099875654 -0.8415279896227315
-0.5777454215644883 -0.8415279896227315
-0.6078606678721796 -0.8415279896227315
-0.6153894794491025 -0.7980241747595537
-0.637975914179871 -0.6892646376016092
-0.6530335373337167 -0.5805051004436647
-0.6680911604875625 -0.44999365585413126
-0.6304471026029482 -0.4282417484225423
-0.6304471026029482 -0.5152493781488979
-0.6530335373337167 -0.6022570078752536
-0.6680911604875625 -0.7545203598963759
-0.6831487836414081 -0.9067837119174982
-0.6680911604875625 -1.1025508788017984
-0.6831487836414081 -1.0807989713702093
-0.7433792762567909 -0.9720394342122649
-0.7734945225644823 -0.8632798970543204
-0.7960809572952509 -0.7110165450331981
-0.8036097688721736 -0.6892646376016092
-0.8337250151798651 -0.6675127301700202
-0.8563114499106336 -0.6892646376016092
-0.8939555077952478 -0.7980241747595537
-0.9165419425260164 -0.9067837119174982
-0.9014843193721707 -0.950287526780676
-0.9090131309490935 -0.9937913416438539
-0.9014843193721707 -0.9937913416438539
-0.9014843193721707 -0.9720394342122649
-0.8939555077952478 -0.950287526780676
-0.9090131309490935 -0.9285356193490871
-0.8864266962183249 -0.8415279896227315
-0.8939555077952478 -0.7762722673279647
-0.8713690730644793 -0.7110165450331981
-0.8412538267567878 -0.5805051004436647
-0.8412538267567878 -0.6892646376016092
-0.8412538267567878 -0.5805051004436647
-0.8337250151798651 -0.6457608227384314
-0.8563114499106336 -0.732768452464787
-0.8864266962183249 -0.7980241747595537
-0.9014843193721707 -0.8197760821911426
-0.9014843193721707 -0.9937913416438539
-0.8563114499106336 -1.0372951565070316
-0.7810233341414051 -1.2330623233913318
-0.6455047257567939 -1.5375890274335764
-0.4045827552952628 -1.9726271760653544
-0.08837266906450321 -2.3206576949707767
0.28806790978163915 -2.6034324915814326
0.7924982854354699 -2.9297111030552663
1.3044574726662235 -3.2777416219606885
1.8390030946277456 -3.7345316780240556
2.396135151320036 -4.191321734087422
3.0134977006277097 -4.408840808403312
3.6158026267815373 -4.495848438129667
4.135290625589214 -4.060810289497889
4.466558334973819 -3.5605164185713445
4.534317639166125 -2.8209515658973214
4.172934683473828 -2.25540197267601
3.3221789752815463 -1.8856195463389989
2.358491093435422 -1.7986119166126433
1.3948032115892977 -1.7333561943178766
0.43111532974317324 -1.7116042868862875
-0.5325725521029512 -1.5375890274335764
-1.4962604339490755 -1.363573767980865
-1.4962604339490755 -1.146054693664976
-1.0897046087952418 -0.950287526780676
-0.7057352183721767 -0.6892646376016092
-0.44975562475679987 -0.6022570078752536
-0.3594098858337257 -0.5805051004436647
-0.41964037844910845 -0.5370012855804869
-0.5250437405260283 -0.5370012855804869
-0.6756199720644852 -0.6022570078752536
-0.788552145718328 -0.732768452464787
-0.8713690730644793 -0.8197760821911426
-0.9090131309490935 -0.7980241747595537
-0.9165419425260164 -0.7545203598963759
-0.9090131309490935 -0.7110165450331981
-0.9090131309490935 -0.6240089153068424
-0.9014843193721707 -0.5587531930120757
-0.8939555077952478 -0.44999365585413126
-0.8864266962183249 -0.38473793355936453
-0.8563114499106336 -0.4282417484225423
-0.8563114499106336 -0.5152493781488979
-0.8261962036029422 -0.5370012855804869
-0.8261962036029422 -0.6022570078752536
-0.8186673920260193 -0.6022570078752536
-0.8036097688721736 -0.5805051004436647
-0.8337250151798651 -0.6240089153068424
-0.8186673920260193 -0.6022570078752536
-0.8111385804490965 -0.6022570078752536
-0.8487826383337107 -0.6675127301700202
-0.8261962036029422 -0.6022570078752536
-0.8412538267567878 -0.6457608227384314
-0.8036097688721736 -0.6240089153068424
-0.8036097688721736 -0.5370012855804869
-0.788552145718328 -0.47174556328572015
-0.7584368994106365 -0.4282417484225423
-0.735850464679868 -0.49349747071730904
-0.7433792762567909 -0.49349747071730904
-0.7283216531029452 -0.49349747071730904
-0.7132640299490995 -0.5370012855804869
-0.735850464679868 -0.44999365585413126
-0.735850464679868 -0.44999365585413126
-0.7132640299490995 -0.4282417484225423
-0.6831487836414081 -0.4282417484225423
-0.6605623489106396 -0.34123411869618675
-0.6078606678721796 -0.2977303038330089
-0.6078606678721796 -0.36298602612777564
-0.5777454215644883 -0.4282417484225423
-0.5777454215644883 -0.4282417484225423
-0.5777454215644883 -0.34123411869618675
-0.5852742331414111 -0.3194822112645978
-0.5626877984106425 -0.3194822112645978
-0.5250437405260283 -0.34123411869618675
-0.5099861173721826 -0.3194822112645978
-0.4798708710644912 -0.34123411869618675
-0.4271691900260313 -0.34123411869618675
-0.3970539437183399 -0.2977303038330089
-0.32176582794911146 -0.25422648896983113
-0.2991793932183429 -0.23247458153824221
-0.3142370163721886 -0.2107226741066533
-0.2615353353337287 -0.12371504438029769
-0.24647771217988299 -0.1454669518118866
-0.22389127744911444 -0.16721885924347551
-0.17871840798757738 -0.0802112295171199
-0.17118959641065454 -0.0802112295171199
-0.12601672694911745 -0.014955507222353184
-0.08837266906450321 0.07205212250400242
-0.058257422756811825 0.11555593736718023
-0.013084553295274743 0.11555593736718023
0.03961712774318518 0.13730784479876915
0.06220356247395373 0.13730784479876915
0.03961712774318518 0.15905975223035804
0.06220356247395373 0.11555593736718023
0.054674750897030874 0.11555593736718023
0.08478999720472226 0.11555593736718023
0.09231880878164511 0.09380402993559132
0.07726118562779942 -0.014955507222353184
0.08478999720472226 -0.0802112295171199
0.08478999720472226 -0.05845932208553099
0.09984762035856795 -0.05845932208553099
0.08478999720472226 -0.0802112295171199
0.06973237405087657 -0.05845932208553099
0.032088316166262336 -0.10196313694870879
-0.013084553295274743 -0.0802112295171199
-0.058257422756811825 -0.0802112295171199
-0.1184879153721946 -0.16721885924347551
-0.17871840798757738 -0.2977303038330089
-0.2314200890260373 -0.3194822112645978
-0.27659295848757437 -0.5152493781488979
-0.34435226267988 -0.5587531930120757
-0.4045827552952628 -0.6240089153068424
-0.442226813179877 -0.5370012855804869
-0.5175149289491054 -0.47174556328572015
-0.540101363679874 -0.4282417484225423
-0.5852742331414111 -0.47174556328572015
-0.6003318562952568 -0.36298602612777564
-0.637975914179871 -0.5152493781488979
-0.6756199720644852 -0.6240089153068424
-0.735850464679868 -0.7762722673279647
-0.7584368994106365 -0.8850318044859092
-0.7734945225644823 -0.950287526780676
-0.8186673920260193 -0.7980241747595537
-0.8261962036029422 -0.8850318044859092
-0.8186673920260193 -0.7110165450331981
-0.7810233341414051 -0.6457608227384314
-0.8036097688721736 -0.5587531930120757
-0.8337250151798651 -0.5805051004436647
-0.8713690730644793 -0.6022570078752536
-0.8788978846414022 -0.732768452464787
-0.8713690730644793 -0.732768452464787
-0.9014843193721707 -0.8197760821911426
-0.9391283772567849 -0.8415279896227315
-0.9466571888337078 -0.8197760821911426
-0.9240707541029392 -0.7762722673279647
-0.9090131309490935 -0.6892646376016092
-0.8939555077952478 -0.6457608227384314
-0.8788978846414022 -0.6457608227384314
-0.8713690730644793 -0.6240089153068424
-0.8412538267567878 -0.6022570078752536
-0.8487826383337107 -0.6892646376016092
-0.8487826383337107 -0.6892646376016092
-0.8487826383337107 -0.7762722673279647
-0.8563114499106336 -0.732768452464787
-0.8412538267567878 -0.7545203598963759
-0.8638402614875564 -0.7762722673279647
-0.8713690730644793 -0.732768452464787
-0.8713690730644793 -0.6240089153068424
-0.8563114499106336 -0.5587531930120757
-0.8487826383337107 -0.6240089153068424
-0.8412538267567878 -0.5152493781488979
-0.8111385804490965 -0.6457608227384314
-0.8337250151798651 -0.7110165450331981
-0.8713690730644793 -0.8415279896227315
-0.8563114499106336 -0.8632798970543204
-0.8638402614875564 -0.8850318044859092
-0.8638402614875564 -0.7762722673279647
-0.8713690730644793 -0.7762722673279647
-0.8638402614875564 -0.7762722673279647
-0.8337250151798651 -0.6022570078752536
-0.8036097688721736 -0.6240089153068424
-0.8036097688721736 -0.6457608227384314
-0.8111385804490965 -0.5370012855804869
-0.8261962036029422 -0.6675127301700202
-0.8412538267567878 -0.732768452464787
-0.8563114499106336 -0.7980241747595537
-0.8638402614875564 -0.8197760821911426
-0.8864266962183249 -0.8197760821911426
-0.8864266962183249 -0.8415279896227315
-0.9165419425260164 -0.8632798970543204
-0.931599565679862 -0.8415279896227315
-0.9014843193721707 -0.7545203598963759
-0.8864266962183249 -0.6675127301700202
-0.8563114499106336 -0.6022570078752536
-0.8563114499106336 -0.49349747071730904
-0.8788978846414022 -0.5805051004436647
-0.8788978846414022 -0.6457608227384314
-0.8713690730644793 -0.7110165450331981
-0.8939555077952478 -0.7762722673279647
-0.9014843193721707 -0.9067837119174982
-0.8939555077952478 -0.9720394342122649
-0.9165419425260164 -0.9937913416438539
-0.9240707541029392 -0.9067837119174982
-0.9165419425260164 -0.8632798970543204
-0.9014843193721707 -0.7545203598963759
-0.9165419425260164 -0.6892646376016092
-0.8713690730644793 -0.6457608227384314
-0.8864266962183249 -0.6892646376016092
-0.8788978846414022 -0.7762722673279647
-0.8939555077952478 -0.8632798970543204
-0.931599565679862 -0.8197760821911426
-0.9466571888337078 -0.950287526780676
-0.9617148119875535 -0.9720394342122649
-0.9692436235644762 -0.8850318044859092
-0.9767724351413991 -0.9285356193490871
-0.9692436235644762 -0.7980241747595537
-0.9617148119875535 -0.7762722673279647
-0.9541860004106306 -0.7110165450331981
-0.931599565679862 -0.7110165450331981
-0.9165419425260164 -0.6892646376016092
-0.931599565679862 -0.7110165450331981
-0.9240707541029392 -0.6675127301700202
-0.931599565679862 -0.732768452464787
-0.9466571888337078 -0.7762722673279647
-0.931599565679862 -0.8850318044859092
-0.9391283772567849 -0.8850318044859092
-0.9541860004106306 -0.9067837119174982
-0.9466571888337078 -0.8632798970543204
-0.9466571888337078 -0.7980241747595537
-0.931599565679862 -0.7110165450331981
-0.9165419425260164 -0.732768452464787
-0.8939555077952478 -0.732768452464787
-0.8939555077952478 -0.7110165450331981
-0.931599565679862 -0.7545203598963759
-0.9391283772567849 -0.732768452464787
-0.9541860004106306 -0.7762722673279647
-0.9165419425260164 -0.6892646376016092
-0.8939555077952478 -0.6022570078752536
-0.8563114499106336 -0.6240089153068424
-0.8487826383337107 -0.5587531930120757
-0.8261962036029422 -0.5805051004436647
-0.7734945225644823 -0.5370012855804869
-0.7584368994106365 -0.4064898409909534
-0.7659657109875594 -0.38473793355936453
-0.7584368994106365 -0.36298602612777564
-0.7659657109875594 -0.44999365585413126
-0.8036097688721736 -0.5587531930120757
-0.8111385804490965 -0.7545203598963759
-0.8261962036029422 -0.8415279896227315
-0.8261962036029422 -0.7545203598963759
-0.7960809572952509 -0.7110165450331981
-0.7433792762567909 -0.6892646376016092
-0.6982064067952538 -0.6892646376016092
-0.6530335373337167 -0.6457608227384314
-0.6078606678721796 -0.6892646376016092
-0.6153894794491025 -0.7545203598963759
-0.6153894794491025 -0.7980241747595537
-0.6304471026029482 -0.7545203598963759
-0.6831487836414081 -0.7762722673279647
-0.6982064067952538 -0.732768452464787
-0.7057352183721767 -0.6675127301700202
-0.7283216531029452 -0.6675127301700202
-0.7283216531029452 -0.6022570078752536
-0.735850464679868 -0.6675127301700202
-0.7132640299490995 -0.6457608227384314
-0.7283216531029452 -0.732768452464787
-0.7283216531029452 -0.7545203598963759
-0.7584368994106365 -0.7762722673279647
-0.788552145718328 -0.8632798970543204
-0.8261962036029422 -0.8415279896227315
-0.8939555077952478 -0.8415279896227315
-0.9391283772567849 -0.950287526780676
-0.9692436235644762 -0.9285356193490871
-0.9993588698721677 -0.950287526780676
-1.0068876814490906 -0.9720394342122649
-0.9692436235644762 -0.950287526780676
-0.9767724351413991 -0.9285356193490871
-0.9391283772567849 -0.9067837119174982
-0.9165419425260164 -0.732768452464787
-0.931599565679862 -0.6892646376016092
-0.9165419425260164 -0.732768452464787
-0.931599565679862 -0.7980241747595537
-0.931599565679862 -0.9067837119174982
-0.9391283772567849 -0.9067837119174982
-0.931599565679862 -0.8632798970543204
-0.9541860004106306 -0.8197760821911426
-0.9692436235644762 -0.7762722673279647
-0.9466571888337078 -0.7545203598963759
-0.9165419425260164 -0.732768452464787
-0.8563114499106336 -0.8415279896227315
-0.7810233341414051 -0.9720394342122649
-0.7132640299490995 -1.2548142308229207
-0.5777454215644883 -1.581092842296754
-0.3970539437183399 -2.016130990928532
-0.07331504591065752 -2.45116913956031
0.3482984023970219 -2.8427034733289105
0.8753152127816212 -3.321245436823866
1.4173896463200661 -3.669275955729289
2.064867441935431 -3.9738026597715335
2.69728761439695 -4.169569826655834
3.292063728973855 -4.191321734087422
3.766378858319994 -4.0390583820663
4.105175379281523 -3.7562835854556442
4.218107552935365 -3.408253066550222
4.105175379281523 -2.973214917918444
3.6760331193969202 -2.6251843990130217
2.8779790922430983 -2.3206576949707767
1.914291210396974 -2.1466424355180656
0.9506033285508496 -2.103138620654888
-0.013084553295274743 -1.8856195463389989
-0.9767724351413991 -1.6463485645915208
-1.7522400275644523 -1.3418218605492762
-1.5640197381413812 -1.0807989713702093
-1.1725215361413932 -0.8632798970543204
-0.7734945225644823 -0.7762722673279647
-0.5250437405260283 -0.7110165450331981
-0.44975562475679987 -0.7545203598963759
-0.5175149289491054 -0.8197760821911426
-0.6455047257567939 -0.8632798970543204
-0.788552145718328 -0.8632798970543204
-0.8713690730644793 -0.8415279896227315
-0.9165419425260164 -0.8415279896227315
-0.9090131309490935 -0.7545203598963759
-0.8864266962183249 -0.6675127301700202
-0.8487826383337107 -0.6022570078752536
-0.8111385804490965 -0.6022570078752536
-0.8036097688721736 -0.6457608227384314
-0.8036097688721736 -0.6240089153068424
-0.8337250151798651 -0.6022570078752536
-0.8713690730644793 -0.6457608227384314
-0.8563114499106336 -0.6457608227384314
-0.8788978846414022 -0.6892646376016092
-0.8939555077952478 -0.6892646376016092
-0.8638402614875564 -0.732768452464787
-0.8638402614875564 -0.7110165450331981
-0.8487826383337107 -0.6240089153068424
-0.8186673920260193 -0.5370012855804869
-0.8036097688721736 -0.47174556328572015
-0.7734945225644823 -0.49349747071730904
-0.7584368994106365 -0.49349747071730904
-0.7509080878337138 -0.5587531930120757
-0.7283216531029452 -0.6240089153068424
-0.735850464679868 -0.6457608227384314
-0.7509080878337138 -0.6022570078752536
-0.735850464679868 -0.5805051004436647
-0.7659657109875594 -0.5370012855804869
-0.7659657109875594 -0.5370012855804869
-0.7659657109875594 -0.47174556328572015
-0.7509080878337138 -0.44999365585413126
-0.7207928415260223 -0.38473793355936453
-0.6605623489106396 -0.4282417484225423
-0.6455047257567939 -0.44999365585413126
-0.6153894794491025 -0.5152493781488979
-0.5928030447183339 -0.44999365585413126
-0.5777454215644883 -0.5370012855804869
-0.5777454215644883 -0.47174556328572015
-0.5852742331414111 -0.44999365585413126
-0.5928030447183339 -0.4282417484225423
-0.5702166099875654 -0.34123411869618675
-0.5250437405260283 -0.3194822112645978
-0.5024573057952598 -0.2977303038330089
-0.46481324791064554 -0.27597839640142
-0.4271691900260313 -0.27597839640142
-0.3970539437183399 -0.3194822112645978
-0.38199632056449423 -0.2977303038330089
-0.38199632056449423 -0.25422648896983113
-0.38199632056449423 -0.25422648896983113
-0.37446750898757136 -0.16721885924347551
-0.37446750898757136 -0.23247458153824221
-0.32176582794911146 -0.2107226741066533
-0.3142370163721886 -0.12371504438029769
-0.26906414691065156 0.006796400209235718
-0.17118959641065454 0.006796400209235718
-0.1184879153721946 0.15905975223035804
-0.08837266906450321 0.20256356709353585
-0.08084385748758037 0.13730784479876915
0.0019730698585709505 0.09380402993559132
0.0019730698585709505 0.07205212250400242
-0.0055557417183518965 0.09380402993559132
-0.013084553295274743 0.05030021507241352
-0.0055557417183518965 0.15905975223035804
0.0019730698585709505 0.15905975223035804
0.02455950458933949 0.18081165966194693
0.04714593932010803 0.22431547452512474
0.054674750897030874 0.20256356709353585
0.06973237405087657 0.15905975223035804
0.07726118562779942 0.20256356709353585
0.11490524351241366 0.11555593736718023
0.12996286666625934 0.09380402993559132
0.12996286666625934 0.07205212250400242
0.09231880878164511 0.006796400209235718
0.06220356247395373 -0.0802112295171199
0.032088316166262336 -0.16721885924347551
-0.013084553295274743 -0.16721885924347551
-0.058257422756811825 -0.12371504438029769
-0.09590148064142606 -0.1454669518118866
-0.14107435010296313 -0.10196313694870879
-0.22389127744911444 -0.1454669518118866
-0.2615353353337287 -0.1454669518118866
-0.3142370163721886 -0.36298602612777564
-0.3970539437183399 -0.5152493781488979
-0.4723420594875684 -0.5805051004436647
-0.4798708710644912 -0.7762722673279647
-0.5024573057952598 -0.7545203598963759
-0.5024573057952598 -0.7110165450331981
-0.5626877984106425 -0.7762722673279647
-0.5928030447183339 -0.6675127301700202
-0.6229182910260254 -0.6892646376016092
-0.6680911604875625 -0.7110165450331981
-0.6982064067952538 -0.6892646376016092
-0.7207928415260223 -0.6675127301700202
-0.7283216531029452 -0.6457608227384314
-0.735850464679868 -0.8197760821911426
-0.735850464679868 -0.8632798970543204
-0.7584368994106365 -0.9285356193490871
-0.7810233341414051 -0.9720394342122649
-0.8036097688721736 -1.0372951565070316
-0.8261962036029422 -0.9937913416438539
-0.8337250151798651 -0.9937913416438539
-0.8412538267567878 -0.7980241747595537
-0.8337250151798651 -0.7980241747595537
-0.8186673920260193 -0.7545203598963759
-0.7960809572952509 -0.7110165450331981
-0.8261962036029422 -0.7545203598963759
-0.8186673920260193 -0.7762722673279647
-0.8261962036029422 -0.8197760821911426
-0.8111385804490965 -0.9067837119174982
-0.8337250151798651 -0.7980241747595537
-0.8412538267567878 -0.8415279896227315
-0.8713690730644793 -0.7980241747595537
-0.8713690730644793 -0.7762722673279647
-0.8261962036029422 -0.6675127301700202
-0.788552145718328 -0.6022570078752536
-0.7584368994106365 -0.5805051004436647
-0.7433792762567909 -0.6457608227384314
-0.7207928415260223 -0.6240089153068424
-0.7207928415260223 -0.7110165450331981
-0.7433792762567909 -0.7980241747595537
-0.7584368994106365 -0.7980241747595537
-0.7734945225644823 -0.8197760821911426
-0.7659657109875594 -0.8197760821911426
-0.7659657109875594 -0.7980241747595537
-0.788552145718328 -0.732768452464787
-0.7734945225644823 -0.6675127301700202
-0.7207928415260223 -0.6892646376016092
-0.6982064067952538 -0.6457608227384314
-0.6756199720644852 -0.6457608227384314
-0.6906775952183309 -0.7545203598963759
-0.6906775952183309 -0.732768452464787
-0.7132640299490995 -0.8850318044859092
-0.7283216531029452 -0.7980241747595537
-0.7734945225644823 -0.8632798970543204
-0.7734945225644823 -0.8415279896227315
-0.7810233341414051 -0.7762722673279647
-0.788552145718328 -0.7762722673279647
-0.788552145718328 -0.7110165450331981
-0.7584368994106365 -0.7110165450331981
-0.7283216531029452 -0.6022570078752536
-0.7057352183721767 -0.6457608227384314
-0.6982064067952538 -0.5805051004436647
-0.7132640299490995 -0.6892646376016092
-0.7283216531029452 -0.7545203598963759
-0.7433792762567909 -0.6675127301700202
-0.7584368994106365 -0.7110165450331981
-0.7433792762567909 -0.7110165450331981
-0.7509080878337138 -0.6892646376016092
-0.7659657109875594 -0.7545203598963759
-0.7509080878337138 -0.732768452464787
-0.7509080878337138 -0.732768452464787
-0.7659657109875594 -0.6892646376016092
-0.7584368994106365 -0.7110165450331981
-0.735850464679868 -0.8197760821911426
-0.7659657109875594 -0.7980241747595537
-0.7433792762567909 -0.7762722673279647
-0.7810233341414051 -0.7545203598963759
-0.7810233341414051 -0.6892646376016092
-0.8261962036029422 -0.732768452464787
-0.8487826383337107 -0.8197760821911426
-0.8563114499106336 -0.8632798970543204
-0.8713690730644793 -0.8415279896227315
-0.8337250151798651 -0.8415279896227315
-0.8036097688721736 -0.7545203598963759
-0.7734945225644823 -0.6457608227384314
-0.788552145718328 -0.6892646376016092
-0.7810233341414051 -0.6892646376016092
-0.7734945225644823 -0.7545203598963759
-0.8111385804490965 -0.7545203598963759
-0.8111385804490965 -0.8632798970543204
-0.8036097688721736 -0.8415279896227315
-0.8111385804490965 -0.8632798970543204
-0.8111385804490965 -0.8415279896227315
-0.8337250151798651 -0.7980241747595537
-0.8111385804490965 -0.7110165450331981
-0.8036097688721736 -0.5587531930120757
-0.788552145718328 -0.6022570078752536
-0.788552145718328 -0.6022570078752536
-0.7734945225644823 -0.7110165450331981
-0.7659657109875594 -0.7110165450331981
-0.7584368994106365 -0.7980241747595537
-0.7810233341414051 -0.7980241747595537
-0.788552145718328 -0.732768452464787
-0.7734945225644823 -0.7545203598963759
-0.8036097688721736 -0.6892646376016092
-0.8412538267567878 -0.5587531930120757
-0.8111385804490965 -0.49349747071730904
-0.7960809572952509 -0.38473793355936453
-0.7433792762567909 -0.34123411869618675
-0.7207928415260223 -0.36298602612777564
-0.6982064067952538 -0.34123411869618675
-0.6982064067952538 -0.47174556328572015
-0.6530335373337167 -0.49349747071730904
-0.6530335373337167 -0.5152493781488979
-0.6605623489106396 -0.5805051004436647
-0.7057352183721767 -0.6675127301700202
-0.6906775952183309 -0.6675127301700202
-0.6756199720644852 -0.6022570078752536
-0.6530335373337167 -0.5370012855804869
-0.6304471026029482 -0.47174556328572015
-0.6003318562952568 -0.4282417484225423
-0.5777454215644883 -0.47174556328572015
-0.540101363679874 -0.5370012855804869
-0.5099861173721826 -0.6457608227384314
-0.4798708710644912 -0.732768452464787
-0.49492849421833696 -0.7110165450331981
-0.540101363679874 -0.732768452464787
-0.5551589868337197 -0.6892646376016092
-0.5852742331414111 -0.6457608227384314
-0.5852742331414111 -0.5152493781488979
-0.5626877984106425 -0.4064898409909534
-0.5702166099875654 -0.4064898409909534
-0.5551589868337197 -0.4282417484225423
-0.5852742331414111 -0.5587531930120757
-0.5928030447183339 -0.7110165450331981
-0.6078606678721796 -0.8632798970543204
-0.637975914179871 -0.9067837119174982
-0.6982064067952538 -0.9285356193490871
-0.7057352183721767 -0.8632798970543204
-0.7283216531029452 -0.8850318044859092
-0.7659657109875594 -0.8197760821911426
-0.788552145718328 -0.7980241747595537
-0.7960809572952509 -0.732768452464787
-0.8036097688721736 -0.7545203598963759
-0.8036097688721736 -0.8415279896227315
-0.7734945225644823 -0.8197760821911426
-0.7734945225644823 -0.8850318044859092
-0.7960809572952509 -0.9285356193490871
-0.8412538267567878 -0.9720394342122649
-0.8337250151798651 -0.9285356193490871
-0.8337250151798651 -0.950287526780676
-0.8563114499106336 -0.9937913416438539
-0.8638402614875564 -0.8850318044859092
-0.8487826383337107 -0.8415279896227315
-0.8111385804490965 -0.7980241747595537
-0.8111385804490965 -0.6675127301700202
-0.7734945225644823 -0.6022570078752536
-0.7734945225644823 -0.5152493781488979
-0.7810233341414051 -0.5370012855804869
-0.7659657109875594 -0.6457608227384314
-0.7659657109875594 -0.7545203598963759
-0.7584368994106365 -0.8415279896227315
-0.7132640299490995 -0.9937913416438539
-0.637975914179871 -1.167806601096565
-0.5175149289491054 -1.363573767980865
-0.33682345110295714 -1.6681004720231098
-0.07331504591065752 -1.9073714537705877
0.21277979401241065 -2.277153880107599
0.589220372858553 -2.538176769286666
0.9506033285508496 -2.8427034733289105
1.3646879652816062 -3.190733992234333
1.8314742830508226 -3.604020233434522
2.3283758471277305 -3.8867950300451777
2.817748599627716 -4.0390583820663
3.2318332363584723 -3.9520507523399444
3.555572134166155 -3.691027863160878
3.6685043078199975 -3.190733992234333
3.4652263952430804 -2.6469363064446103
2.8779790922430983 -2.277153880107599
1.959464079858511 -2.081386713223299
0.9957761980123867 -1.842115731475821
0.032088316166262336 -1.624596657159932
-0.931599565679862 -1.4940852125703985
-1.5866061728721497 -1.3200699531176874
-1.5489621149875354 -1.1025508788017984
-1.2703960866413901 -1.0807989713702093
-0.9014843193721707 -0.9285356193490871
-0.5928030447183339 -0.8415279896227315
-0.41211156687218564 -0.7980241747595537
-0.36693869741064855 -0.6240089153068424
-0.4346980016029542 -0.5587531930120757
-0.5325725521029512 -0.49349747071730904
-0.6153894794491025 -0.49349747071730904
-0.6906775952183309 -0.5152493781488979
-0.7207928415260223 -0.5370012855804869
-0.7283216531029452 -0.5805051004436647
-0.7509080878337138 -0.5152493781488979
-0.7433792762567909 -0.5587531930120757
-0.7509080878337138 -0.5370012855804869
-0.7433792762567909 -0.4282417484225423
-0.7509080878337138 -0.4282417484225423
-0.7433792762567909 -0.4064898409909534
-0.7509080878337138 -0.2977303038330089
-0.7132640299490995 -0.2977303038330089
-0.7132640299490995 -0.2977303038330089
-0.6906775952183309 -0.38473793355936453
-0.7057352183721767 -0.4064898409909534
-0.7057352183721767 -0.5152493781488979
-0.735850464679868 -0.5152493781488979
-0.7207928415260223 -0.5152493781488979
-0.7283216531029452 -0.44999365585413126
-0.7283216531029452 -0.34123411869618675
-0.7207928415260223 -0.2977303038330089
-0.6982064067952538 -0.23247458153824221
-0.6605623489106396 -0.1454669518118866
-0.6455047257567939 -0.16721885924347551
-0.6304471026029482 -0.16721885924347551
-0.6078606678721796 -0.27597839640142
-0.6003318562952568 -0.36298602612777564
-0.6003318562952568 -0.4282417484225423
-0.6304471026029482 -0.4282417484225423
-0.6229182910260254 -0.49349747071730904
-0.6605623489106396 -0.4282417484225423
-0.6530335373337167 -0.36298602612777564
-0.6455047257567939 -0.27597839640142
-0.6304471026029482 -0.16721885924347551
-0.6003318562952568 -0.1454669518118866
-0.5777454215644883 -0.12371504438029769
-0.5250437405260283 -0.0802112295171199
-0.4798708710644912 -0.05845932208553099
-0.4572844363337227 -0.03670741465394209
-0.4346980016029542 -0.16721885924347551
-0.4271691900260313 -0.27597839640142
-0.4572844363337227 -0.25422648896983113
-0.4572844363337227 -0.23247458153824221
-0.4572844363337227 -0.1454669518118866
-0.41964037844910845 -0.0802112295171199
-0.4045827552952628 0.006796400209235718
-0.3895251321414171 0.07205212250400242
-0.36693869741064855 0.02854830764082462
-0.3292946395260343 0.05030021507241352
-0.3067082047952658 0.07205212250400242
-0.2991793932183429 0.07205212250400242
-0.2615353353337287 0.15905975223035804
-0.2615353353337287 0.22431547452512474
-0.22389127744911444 0.22431547452512474
-0.17871840798757738 0.2678192893883026
-0.15613197325680883 0.2678192893883026
-0.14107435010296313 0.20256356709353585
-0.08084385748758037 0.24606738195671365
-0.035670988026043286 0.35482691911465813
-0.013084553295274743 0.35482691911465813
0.009501881435493797 0.42008264140942486
0.02455950458933949 0.44183454884101375
0.02455950458933949 0.4635864562726027
0.03961712774318518 0.4635864562726027
0.04714593932010803 0.44183454884101375
0.03961712774318518 0.35482691911465813
0.054674750897030874 0.33307501168306924
0.04714593932010803 0.31132310425148035
0.06220356247395373 0.31132310425148035
0.06973237405087657 0.4635864562726027
0.08478999720472226 0.5070902711357804
0.11490524351241366 0.4853383637041916
0.1224340550893365 0.5505940859989583
0.1676069245508736 0.5505940859989583
0.14502048982010504 0.44183454884101375
0.1374916782431822 0.42008264140942486
0.1224340550893365 0.2678192893883026
0.06973237405087657 0.22431547452512474
0.03961712774318518 0.09380402993559132
-0.028142176449120437 0.18081165966194693
-0.09590148064142606 0.18081165966194693
-0.12601672694911745 0.15905975223035804
-0.18624721956450022 0.13730784479876915
-0.19377603114142306 0.05030021507241352
-0.22389127744911444 0.11555593736718023
-0.29165058164142005 0.006796400209235718
-0.2991793932183429 -0.0802112295171199
-0.34435226267988 -0.2107226741066533
-0.38199632056449423 -0.38473793355936453
-0.4346980016029542 -0.4282417484225423
-0.4723420594875684 -0.5370012855804869
-0.5175149289491054 -0.49349747071730904
-0.5702166099875654 -0.5370012855804869
-0.5852742331414111 -0.47174556328572015
-0.6229182910260254 -0.38473793355936453
-0.637975914179871 -0.44999365585413126
-0.637975914179871 -0.49349747071730904
-0.6530335373337167 -0.49349747071730904
-0.6680911604875625 -0.5370012855804869
-0.6680911604875625 -0.47174556328572015
-0.7057352183721767 -0.5370012855804869
-0.7283216531029452 -0.5152493781488979
-0.7132640299490995 -0.5805051004436647
-0.735850464679868 -0.5587531930120757
-0.7433792762567909 -0.5805051004436647
-0.735850464679868 -0.47174556328572015
-0.7433792762567909 -0.47174556328572015
-0.7132640299490995 -0.44999365585413126
-0.7057352183721767 -0.36298602612777564
-0.6906775952183309 -0.38473793355936453
-0.7057352183721767 -0.34123411869618675
-0.7132640299490995 -0.4064898409909534
-0.7132640299490995 -0.4282417484225423
-0.7509080878337138 -0.4282417484225423
-0.7057352183721767 -0.5370012855804869
-0.7283216531029452 -0.6240089153068424
-0.7283216531029452 -0.6022570078752536
-0.7283216531029452 -0.5587531930120757
-0.7207928415260223 -0.44999365585413126
-0.7057352183721767 -0.3194822112645978
-0.6831487836414081 -0.1889707666750644
-0.6831487836414081 -0.1889707666750644
-0.6831487836414081 -0.23247458153824221
-0.6680911604875625 -0.2977303038330089
-0.6906775952183309 -0.4064898409909534
-0.7132640299490995 -0.5370012855804869
-0.7132640299490995 -0.6022570078752536
-0.7283216531029452 -0.6240089153068424
-0.7057352183721767 -0.6240089153068424
-0.6605623489106396 -0.5370012855804869
-0.6680911604875625 -0.44999365585413126
-0.6756199720644852 -0.38473793355936453
-0.6605623489106396 -0.34123411869618675
-0.6680911604875625 -0.2977303038330089
-0.6605623489106396 -0.27597839640142
-0.6680911604875625 -0.4064898409909534
-0.6680911604875625 -0.4282417484225423
-0.6756199720644852 -0.49349747071730904
-0.6455047257567939 -0.44999365585413126
-0.6680911604875625 -0.4282417484225423
-0.6680911604875625 -0.34123411869618675
-0.6605623489106396 -0.38473793355936453
-0.6605623489106396 -0.34123411869618675
-0.6530335373337167 -0.2977303038330089
-0.6229182910260254 -0.3194822112645978
-0.6153894794491025 -0.2977303038330089
-0.6229182910260254 -0.25422648896983113
-0.637975914179871 -0.2107226741066533
-0.6530335373337167 -0.25422648896983113
-0.6680911604875625 -0.2977303038330089
-0.6906775952183309 -0.38473793355936453
-0.7207928415260223 -0.44999365585413126
-0.7283216531029452 -0.47174556328572015
-0.7132640299490995 -0.4282417484225423
-0.7057352183721767 -0.38473793355936453
-0.6756199720644852 -0.3194822112645978
-0.6756199720644852 -0.25422648896983113
-0.6304471026029482 -0.2977303038330089
-0.6304471026029482 -0.3194822112645978
-0.6455047257567939 -0.23247458153824221
-0.6680911604875625 -0.2977303038330089
-0.6756199720644852 -0.3194822112645978
-0.7057352183721767 -0.4064898409909534
-0.7132640299490995 -0.4064898409909534
-0.7057352183721767 -0.4282417484225423
-0.6982064067952538 -0.36298602612777564
-0.6982064067952538 -0.4064898409909534
-0.6906775952183309 -0.36298602612777564
-0.6605623489106396 -0.34123411869618675
-0.6605623489106396 -0.34123411869618675
-0.6605623489106396 -0.34123411869618675
-0.6530335373337167 -0.4064898409909534
-0.6756199720644852 -0.38473793355936453
-0.6680911604875625 -0.36298602612777564
-0.6680911604875625 -0.4064898409909534
-0.6906775952183309 -0.36298602612777564
-0.6982064067952538 -0.3194822112645978
-0.6831487836414081 -0.27597839640142
-0.6756199720644852 -0.2107226741066533
-0.6756199720644852 -0.16721885924347551
-0.6756199720644852 -0.12371504438029769
-0.6530335373337167 -0.16721885924347551
-0.6455047257567939 -0.1889707666750644
-0.6831487836414081 -0.3194822112645978
-0.6906775952183309 -0.23247458153824221
-0.7057352183721767 -0.2977303038330089
-0.7283216531029452 -0.3194822112645978
-0.6906775952183309 -0.34123411869618675
-0.6982064067952538 -0.34123411869618675
-0.6756199720644852 -0.4064898409909534
-0.6530335373337167 -0.23247458153824221
-0.6530335373337167 -0.0802112295171199
-0.637975914179871 0.02854830764082462
-0.6153894794491025 -0.014955507222353184
-0.6229182910260254 -0.03670741465394209
-0.6003318562952568 -0.10196313694870879
-0.5702166099875654 -0.10196313694870879
-0.5852742331414111 -0.03670741465394209
-0.5476301752567969 0.02854830764082462
-0.5325725521029512 0.02854830764082462
-0.5476301752567969 0.05030021507241352
-0.540101363679874 -0.10196313694870879
-0.5325725521029512 -0.0802112295171199
-0.5175149289491054 -0.0802112295171199
-0.4873996826414141 0.02854830764082462
-0.4572844363337227 0.09380402993559132
-0.4346980016029542 0.09380402993559132
-0.3970539437183399 0.006796400209235718
-0.4045827552952628 -0.0802112295171199
-0.4045827552952628 -0.12371504438029769
-0.3594098858337257 -0.25422648896983113
-0.3970539437183399 -0.27597839640142
-0.41211156687218564 -0.25422648896983113
-0.4346980016029542 -0.12371504438029769
-0.46481324791064554 -0.05845932208553099
-0.4798708710644912 0.02854830764082462
-0.46481324791064554 -0.014955507222353184
-0.46481324791064554 -0.014955507222353184
-0.46481324791064554 -0.03670741465394209
-0.4572844363337227 -0.2107226741066533
-0.4798708710644912 -0.2977303038330089
-0.5024573057952598 -0.36298602612777564
-0.5250437405260283 -0.2107226741066533
-0.5777454215644883 -0.2107226741066533
-0.6003318562952568 -0.1889707666750644
-0.6304471026029482 -0.12371504438029769
-0.637975914179871 -0.1454669518118866
-0.6605623489106396 -0.16721885924347551
-0.6756199720644852 -0.1889707666750644
-0.6756199720644852 -0.1889707666750644
-0.6831487836414081 -0.2107226741066533
-0.6756199720644852 -0.16721885924347551
-0.6831487836414081 -0.1454669518118866
-0.6906775952183309 -0.23247458153824221
-0.6982064067952538 -0.23247458153824221
-0.6680911604875625 -0.3194822112645978
-0.6680911604875625 -0.2977303038330089
-0.6304471026029482 -0.23247458153824221
-0.6153894794491025 -0.1454669518118866
-0.6078606678721796 -0.0802112295171199
-0.6003318562952568 0.02854830764082462
-0.6003318562952568 0.13730784479876915
-0.6078606678721796 0.07205212250400242
-0.6153894794491025 -0.03670741465394209
-0.5928030447183339 -0.23247458153824221
-0.5626877984106425 -0.4282417484225423
-0.49492849421833696 -0.6892646376016092
-0.4045827552952628 -0.950287526780676
-0.2314200890260373 -1.2113104159597428
-0.0055557417183518965 -1.4505813977072208
0.30312553293548483 -1.7768600091810542
0.6494508654739358 -2.05963480579171
1.0183626327431552 -2.4076653246971325
1.424918457896989 -2.886207288192088
1.8691183409354368 -3.190733992234333
2.350962281858499 -3.3647492516870443
2.74998929543541 -3.3647492516870443
3.043612946935401 -3.147230177371155
3.1716027437430894 -2.712192028739377
2.990911265896941 -2.2336500652444213
2.456365643935419 -1.8638676389074098
1.6131387473200602 -1.4940852125703985
0.6494508654739358 -1.2548142308229207
-0.3142370163721886 -1.0807989713702093
-1.1499351014106245 -0.9285356193490871
-1.4887316223721527 -0.7545203598963759
-1.420972318179847 -0.6675127301700202
-1.127348666679856 -0.5370012855804869
-0.7810233341414051 -0.44999365585413126
-0.5024573057952598 -0.4064898409909534
-0.37446750898757136 -0.2107226741066533
-0.34435226267988 -0.23247458153824221
-0.41211156687218564 -0.1889707666750644
-0.5024573057952598 -0.05845932208553099
-0.5626877984106425 -0.03670741465394209
-0.5928030447183339 0.006796400209235718
-0.6229182910260254 0.11555593736718023
-0.5702166099875654 0.09380402993559132
-0.5702166099875654 0.15905975223035804
-0.5626877984106425 0.15905975223035804
-0.5702166099875654 0.09380402993559132
-0.5852742331414111 0.05030021507241352
-0.6078606678721796 0.11555593736718023
-0.6304471026029482 0.09380402993559132
-0.6229182910260254 0.09380402993559132
-0.6153894794491025 0.11555593736718023
-0.6003318562952568 0.18081165966194693
-0.5928030447183339 0.18081165966194693
-0.5626877984106425 0.22431547452512474
-0.540101363679874 0.05030021507241352
-0.4798708710644912 0.11555593736718023
-0.4723420594875684 0.09380402993559132
-0.5024573057952598 0.07205212250400242
-0.5325725521029512 0.05030021507241352
-0.5250437405260283 0.11555593736718023
-0.5099861173721826 0.09380402993559132
-0.49492849421833696 0.09380402993559132
-0.49492849421833696 0.11555593736718023
-0.46481324791064554 0.20256356709353585
-0.4271691900260313 0.22431547452512474
-0.41964037844910845 0.18081165966194693
-0.41211156687218564 0.28957119681989146
-0.38199632056449423 0.28957119681989146
-0.3895251321414171 0.24606738195671365
-0.3895251321414171 0.28957119681989146
-0.3895251321414171 0.31132310425148035
-0.36693869741064855 0.39833073397783597
-0.3895251321414171 0.3765788265462471
-0.3970539437183399 0.33307501168306924
-0.3970539437183399 0.33307501168306924
-0.33682345110295714 0.35482691911465813
-0.3067082047952658 0.39833073397783597
-0.2540065237568058 0.44183454884101375
-0.2314200890260373 0.4853383637041916
-0.19377603114142306 0.5288421785673694
-0.19377603114142306 0.5505940859989583
-0.20883365429526876 0.5940979008621361
-0.20883365429526876 0.5940979008621361
-0.19377603114142306 0.4853383637041916
-0.16366078483373167 0.42008264140942486
-0.13354553852604029 0.4635864562726027
-0.13354553852604029 0.5070902711357804
-0.08837266906450321 0.615849808293725
-0.035670988026043286 0.7246093454516696
0.032088316166262336 0.8768726974727918
0.06220356247395373 0.8768726974727918
0.08478999720472226 0.9421284197675586
0.1073764319354908 0.8116169751780251
0.09231880878164511 0.7028574380200806
0.1224340550893365 0.7463612528832584
0.12996286666625934 0.7898650677464362
0.1676069245508736 0.8986246049043807
0.1901933592816421 0.9638803271991474
0.2504238518970249 1.072639864357092
0.2805390982047163 1.1596474940834476
0.3257119676662534 1.1596474940834476
0.34076959082009906 1.0943917717886809
0.35582721397394473 1.0943917717886809
0.35582721397394473 1.050887956925503
0.3784136487047133 0.9856322346307363
0.3633560255508676 0.8768726974727918
0.34076959082009906 0.8986246049043807
0.30312553293548483 0.9203765123359696
0.2654814750508706 0.8986246049043807
0.2504238518970249 0.8768726974727918
0.2654814750508706 0.8986246049043807
0.28806790978163915 0.9638803271991474
0.25795266347394774 0.9421284197675586
0.2504238518970249 0.9421284197675586
0.22030860558933352 0.7898650677464362
0.18266454770471927 0.6376017157253139
0.1374916782431822 0.5288421785673694
0.07726118562779942 0.5070902711357804
0.032088316166262336 0.28957119681989146
-0.058257422756811825 0.22431547452512474
-0.13354553852604029 0.22431547452512474
-0.18624721956450022 0.24606738195671365
-0.2163624658721916 0.24606738195671365
-0.24647771217988299 0.28957119681989146
-0.2540065237568058 0.24606738195671365
-0.29165058164142005 0.2678192893883026
-0.2991793932183429 0.13730784479876915
-0.33682345110295714 0.13730784479876915
-0.3594098858337257 0.05030021507241352
-0.3895251321414171 -0.014955507222353184
-0.41964037844910845 0.006796400209235718
-0.4346980016029542 0.006796400209235718
-0.46481324791064554 0.02854830764082462
-0.4723420594875684 0.05030021507241352
-0.4798708710644912 0.09380402993559132
-0.4873996826414141 0.05030021507241352
-0.4723420594875684 0.13730784479876915
-0.46481324791064554 0.20256356709353585
-0.46481324791064554 0.15905975223035804
-0.4723420594875684 0.20256356709353585
-0.49492849421833696 0.13730784479876915
-0.49492849421833696 0.07205212250400242
-0.5024573057952598 0.05030021507241352
-0.5250437405260283 -0.03670741465394209
-0.540101363679874 -0.014955507222353184
-0.5702166099875654 0.006796400209235718
-0.5476301752567969 0.006796400209235718
-0.5250437405260283 0.11555593736718023
-0.5099861173721826 0.13730784479876915
-0.4873996826414141 0.09380402993559132
-0.44975562475679987 0.07205212250400242
-0.4346980016029542 0.07205212250400242
-0.4346980016029542 0.02854830764082462
-0.4572844363337227 0.006796400209235718
-0.4873996826414141 -0.014955507222353184
-0.5250437405260283 0.006796400209235718
-0.5325725521029512 0.07205212250400242
-0.5250437405260283 0.02854830764082462
-0.49492849421833696 0.11555593736718023
-0.49492849421833696 0.15905975223035804
-0.46481324791064554 0.20256356709353585
-0.4572844363337227 0.2678192893883026
-0.4572844363337227 0.20256356709353585
-0.46481324791064554 0.15905975223035804
-0.442226813179877 0.07205212250400242
-0.442226813179877 0.05030021507241352
-0.4271691900260313 0.09380402993559132
-0.46481324791064554 0.05030021507241352
-0.4723420594875684 0.09380402993559132
-0.46481324791064554 0.20256356709353585
-0.46481324791064554 0.2678192893883026
-0.4572844363337227 0.31132310425148035
-0.4798708710644912 0.3765788265462471
-0.4723420594875684 0.39833073397783597
-0.41964037844910845 0.3765788265462471
-0.41964037844910845 0.33307501168306924
-0.4271691900260313 0.24606738195671365
-0.44975562475679987 0.15905975223035804
-0.46481324791064554 0.13730784479876915
-0.5099861173721826 0.05030021507241352
-0.49492849421833696 0.006796400209235718
-0.4873996826414141 -0.014955507222353184
-0.4723420594875684 0.05030021507241352
-0.44975562475679987 0.09380402993559132
-0.46481324791064554 0.22431547452512474
-0.41964037844910845 0.24606738195671365
-0.41211156687218564 0.24606738195671365
-0.41964037844910845 0.22431547452512474
-0.4346980016029542 0.18081165966194693
-0.4572844363337227 0.07205212250400242
-0.4572844363337227 -0.014955507222353184
-0.4572844363337227 0.02854830764082462
-0.4723420594875684 0.02854830764082462
-0.46481324791064554 0.09380402993559132
-0.4723420594875684 0.07205212250400242
-0.44975562475679987 0.18081165966194693
-0.4271691900260313 0.11555593736718023
-0.41964037844910845 0.11555593736718023
-0.41211156687218564 0.07205212250400242
-0.4045827552952628 0.18081165966194693
-0.4045827552952628 0.07205212250400242
-0.41964037844910845 0.07205212250400242
-0.4346980016029542 -0.03670741465394209
-0.4572844363337227 0.07205212250400242
-0.4723420594875684 0.006796400209235718
-0.4723420594875684 0.07205212250400242
-0.44975562475679987 0.20256356709353585
-0.4572844363337227 0.28957119681989146
-0.44975562475679987 0.3765788265462471
-0.4346980016029542 0.3765788265462471
-0.3970539437183399 0.31132310425148035
-0.3895251321414171 0.20256356709353585
-0.3970539437183399 0.09380402993559132
-0.4045827552952628 -0.03670741465394209
-0.38199632056449423 -0.16721885924347551
-0.3970539437183399 -0.2107226741066533
-0.3895251321414171 -0.0802112295171199
-0.4045827552952628 -0.014955507222353184
-0.4045827552952628 0.09380402993559132
-0.4045827552952628 0.15905975223035804
-0.4271691900260313 0.20256356709353585
-0.41964037844910845 0.15905975223035804
-0.41211156687218564 0.09380402993559132
-0.4346980016029542 0.02854830764082462
-0.41964037844910845 0.07205212250400242
-0.38199632056449423 0.05030021507241352
-0.36693869741064855 0.15905975223035804
-0.3518810742568029 0.18081165966194693
-0.37446750898757136 0.15905975223035804
-0.3518810742568029 0.28957119681989146
-0.3067082047952658 0.2678192893883026
-0.2163624658721916 0.35482691911465813
-0.18624721956450022 0.4635864562726027
-0.14107435010296313 0.5070902711357804
-0.11095910379527175 0.4853383637041916
-0.1184879153721946 0.4635864562726027
-0.14107435010296313 0.35482691911465813
-0.15613197325680883 0.28957119681989146
-0.16366078483373167 0.18081165966194693
-0.20883365429526876 0.20256356709353585
-0.20883365429526876 0.22431547452512474
-0.16366078483373167 0.35482691911465813
-0.1184879153721946 0.42008264140942486
-0.08084385748758037 0.39833073397783597
-0.013084553295274743 0.42008264140942486
0.017030693012416644 0.4853383637041916
0.032088316166262336 0.42008264140942486
0.017030693012416644 0.4635864562726027
-0.02061336487219759 0.3765788265462471
-0.028142176449120437 0.24606738195671365
-0.06578623433373466 0.24606738195671365
-0.08837266906450321 0.20256356709353585
-0.09590148064142606 0.15905975223035804
-0.11095910379527175 0.07205212250400242
-0.12601672694911745 0.09380402993559132
-0.12601672694911745 0.11555593736718023
-0.13354553852604029 0.09380402993559132
-0.11095910379527175 0.20256356709353585
-0.11095910379527175 0.18081165966194693
-0.14107435010296313 0.13730784479876915
-0.20130484271834592 0.13730784479876915
-0.24647771217988299 0.02854830764082462
-0.3067082047952658 0.05030021507241352
-0.3292946395260343 0.05030021507241352
-0.38199632056449423 0.006796400209235718
-0.38199632056449423 0.02854830764082462
-0.38199632056449423 0.05030021507241352
-0.34435226267988 0.15905975223035804
-0.32176582794911146 0.24606738195671365
-0.2991793932183429 0.24606738195671365
-0.3067082047952658 0.24606738195671365
-0.32176582794911146 0.07205212250400242
-0.32176582794911146 0.006796400209235718
-0.3292946395260343 0.006796400209235718
-0.33682345110295714 -0.0802112295171199
-0.33682345110295714 0.11555593736718023
-0.3067082047952658 0.09380402993559132
-0.29165058164142005 0.2678192893883026
-0.26906414691065156 0.42008264140942486
-0.2615353353337287 0.5288421785673694
-0.2314200890260373 0.4635864562726027
-0.23894890060296015 0.44183454884101375
-0.2163624658721916 0.28957119681989146
-0.15613197325680883 -0.12371504438029769
-0.05072861117988898 -0.4064898409909534
0.09231880878164511 -0.8415279896227315
0.37088483712779047 -1.2330623233913318
0.7096813580893185 -1.624596657159932
1.1312948063969979 -2.1901462503812437
1.575494689435446 -2.516424861855077
2.0874538766661996 -2.951463010486855
2.6144706870507988 -3.2994935293922776
3.1716027437430894 -3.234237807097511
3.62333143835846 -3.1254782699395665
3.93954152458922 -2.8644553807604995
4.105175379281523 -2.516424861855077
3.9696567708969113 -2.1683943429496546
3.5028704531276946 -1.9073714537705877
2.6596435565123357 -1.5158371200019876
1.6959556746662114 -1.2765661382545095
0.7322677928200871 -0.9285356193490871
-0.2314200890260373 -0.6240089153068424
-1.029474116179859 -0.27597839640142
-1.074646985641396 0.006796400209235718
-0.8036097688721736 0.20256356709353585
-0.3970539437183399 0.28957119681989146
-0.07331504591065752 0.42008264140942486
0.11490524351241366 0.3765788265462471
0.1224340550893365 0.3765788265462471
0.0019730698585709505 0.2678192893883026
-0.1184879153721946 0.22431547452512474
-0.2163624658721916 0.20256356709353585
-0.28412177006449724 0.2678192893883026
-0.2991793932183429 0.35482691911465813
-0.2991793932183429 0.5288421785673694
-0.29165058164142005 0.615849808293725
-0.26906414691065156 0.6376017157253139
-0.22389127744911444 0.6376017157253139
-0.20883365429526876 0.5070902711357804
-0.22389127744911444 0.44183454884101375
-0.22389127744911444 0.35482691911465813
-0.2314200890260373 0.35482691911465813
-0.24647771217988299 0.39833073397783597
-0.24647771217988299 0.33307501168306924
-0.2540065237568058 0.4853383637041916
-0.2314200890260373 0.44183454884101375
-0.22389127744911444 0.4635864562726027
-0.19377603114142306 0.615849808293725
-0.16366078483373167 0.5940979008621361
-0.14107435010296313 0.6376017157253139
-0.12601672694911745 0.5940979008621361
-0.1184879153721946 0.6376017157253139
-0.13354553852604029 0.615849808293725
-0.13354553852604029 0.5940979008621361
-0.13354553852604029 0.5070902711357804
-0.14107435010296313 0.5940979008621361
-0.12601672694911745 0.615849808293725
-0.11095910379527175 0.6376017157253139
-0.09590148064142606 0.6593536231569028
-0.06578623433373466 0.7463612528832584
-0.028142176449120437 0.7463612528832584
-0.0055557417183518965 0.7681131603148473
0.0019730698585709505 0.8333688826096141
0.04714593932010803 0.7898650677464362
0.02455950458933949 0.8116169751780251
0.032088316166262336 0.7681131603148473
0.03961712774318518 0.8768726974727918
0.06220356247395373 0.9421284197675586
0.06220356247395373 0.8333688826096141
0.06220356247395373 0.8986246049043807
0.09231880878164511 0.8986246049043807
0.12996286666625934 0.9203765123359696
0.17513573612779643 0.9421284197675586
0.19772217085856497 0.9856322346307363
0.2353662287431792 1.0943917717886809
0.2805390982047163 1.1161436792202697
0.30312553293548483 1.1161436792202697
0.29559672135856196 1.2031513089466253
0.3181831560893305 1.1378955866518587
0.3257119676662534 1.2249032163782143
0.3784136487047133 1.2466551238098031
0.38594246028163615 1.290158938672981
0.4461729528970189 1.3336627535361587
0.4988746339354788 1.4641741981256922
0.5214610686662474 1.485926105557281
0.5515763149739388 1.5729337352836368
0.6193356191662444 1.5511818278520477
0.641922053897013 1.5294299204204589
0.6645084886277814 1.3989184758309254
0.6720373002047043 1.3771665683993366
0.6795661117816272 1.3989184758309254
0.6494508654739358 1.3771665683993366
0.641922053897013 1.4206703832625145
0.6118068075893215 1.4206703832625145
0.5816915612816301 1.3554146609677478
0.6118068075893215 1.3554146609677478
0.589220372858553 1.3119108461045699
0.6118068075893215 1.3554146609677478
0.6118068075893215 1.268407031241392
0.5741627497047073 1.2466551238098031
0.5440475033970159 1.2031513089466253
0.5214610686662474 1.0291360494939141
0.46875938762778746 0.8986246049043807
0.39347127185855896 0.8333688826096141
0.3257119676662534 0.7246093454516696
0.2805390982047163 0.7463612528832584
0.22783741716625636 0.7028574380200806
0.18266454770471927 0.615849808293725
0.1224340550893365 0.5940979008621361
0.1073764319354908 0.5723459934305472
0.07726118562779942 0.5723459934305472
0.04714593932010803 0.5288421785673694
0.017030693012416644 0.4853383637041916
0.0019730698585709505 0.4635864562726027
-0.028142176449120437 0.35482691911465813
-0.058257422756811825 0.22431547452512474
-0.08837266906450321 0.28957119681989146
-0.11095910379527175 0.31132310425148035
-0.11095910379527175 0.42008264140942486
-0.1034302922183489 0.4635864562726027
-0.1034302922183489 0.5288421785673694
-0.08837266906450321 0.5940979008621361
-0.07331504591065752 0.4853383637041916
-0.1034302922183489 0.4635864562726027
-0.09590148064142606 0.4635864562726027
-0.1034302922183489 0.39833073397783597
-0.1184879153721946 0.35482691911465813
-0.14107435010296313 0.35482691911465813
-0.148603161679886 0.39833073397783597
-0.16366078483373167 0.42008264140942486
-0.17871840798757738 0.4853383637041916
-0.17871840798757738 0.5505940859989583
-0.148603161679886 0.5723459934305472
-0.148603161679886 0.5940979008621361
-0.09590148064142606 0.5723459934305472
-0.09590148064142606 0.4853383637041916
-0.08837266906450321 0.39833073397783597
-0.11095910379527175 0.31132310425148035
-0.1184879153721946 0.28957119681989146
-0.15613197325680883 0.28957119681989146
-0.16366078483373167 0.33307501168306924
-0.18624721956450022 0.42008264140942486
-0.148603161679886 0.42008264140942486
-0.11095910379527175 0.44183454884101375
-0.12601672694911745 0.42008264140942486
-0.11095910379527175 0.5505940859989583
-0.1034302922183489 0.5505940859989583
-0.11095910379527175 0.4635864562726027
-0.1034302922183489 0.4635864562726027
-0.1034302922183489 0.42008264140942486
-0.12601672694911745 0.3765788265462471
-0.12601672694911745 0.31132310425148035
-0.1034302922183489 0.39833073397783597
-0.08837266906450321 0.3765788265462471
-0.08837266906450321 0.4635864562726027
-0.08837266906450321 0.5288421785673694
-0.11095910379527175 0.5940979008621361
-0.08837266906450321 0.7246093454516696
-0.08837266906450321 0.6376017157253139
-0.09590148064142606 0.6376017157253139
-0.09590148064142606 0.5288421785673694
-0.12601672694911745 0.5288421785673694
-0.13354553852604029 0.4635864562726027
-0.148603161679886 0.42008264140942486
-0.13354553852604029 0.33307501168306924
-0.12601672694911745 0.2678192893883026
-0.12601672694911745 0.2678192893883026
-0.1184879153721946 0.3765788265462471
-0.1034302922183489 0.4853383637041916
-0.11095910379527175 0.5505940859989583
-0.12601672694911745 0.615849808293725
-0.13354553852604029 0.4635864562726027
-0.14107435010296313 0.5070902711357804
-0.15613197325680883 0.35482691911465813
-0.15613197325680883 0.2678192893883026
-0.17118959641065454 0.2678192893883026
-0.17118959641065454 0.2678192893883026
-0.17118959641065454 0.28957119681989146
-0.18624721956450022 0.3765788265462471
-0.15613197325680883 0.5288421785673694
-0.15613197325680883 0.5723459934305472
-0.148603161679886 0.6376017157253139
-0.12601672694911745 0.5505940859989583
-0.14107435010296313 0.44183454884101375
-0.15613197325680883 0.35482691911465813
-0.16366078483373167 0.3765788265462471
-0.148603161679886 0.33307501168306924
-0.17871840798757738 0.3765788265462471
-0.19377603114142306 0.42008264140942486
-0.2163624658721916 0.4635864562726027
-0.20130484271834592 0.5070902711357804
-0.19377603114142306 0.5505940859989583
-0.19377603114142306 0.5940979008621361
-0.17118959641065454 0.6593536231569028
-0.17871840798757738 0.7463612528832584
-0.17871840798757738 0.5940979008621361
-0.19377603114142306 0.5940979008621361
-0.18624721956450022 0.5070902711357804
-0.19377603114142306 0.42008264140942486
-0.20883365429526876 0.35482691911465813
-0.20130484271834592 0.31132310425148035
-0.17118959641065454 0.3765788265462471
-0.148603161679886 0.33307501168306924
-0.17118959641065454 0.39833073397783597
-0.14107435010296313 0.35482691911465813
-0.13354553852604029 0.4853383637041916
-0.13354553852604029 0.4635864562726027
-0.14107435010296313 0.39833073397783597
-0.1184879153721946 0.42008264140942486
-0.13354553852604029 0.44183454884101375
-0.1184879153721946 0.44183454884101375
-0.1184879153721946 0.4635864562726027
-0.1034302922183489 0.4635864562726027
-0.09590148064142606 0.5723459934305472
-0.06578623433373466 0.6593536231569028
-0.02061336487219759 0.6811055305884917
0.02455950458933949 0.8116169751780251
0.04714593932010803 0.8768726974727918
0.08478999720472226 0.7246093454516696
0.04714593932010803 0.6376017157253139
0.06220356247395373 0.5940979008621361
0.06220356247395373 0.5723459934305472
0.032088316166262336 0.5288421785673694
0.017030693012416644 0.6376017157253139
0.017030693012416644 0.7028574380200806
0.032088316166262336 0.6593536231569028
0.06220356247395373 0.6376017157253139
0.1073764319354908 0.6376017157253139
0.12996286666625934 0.4853383637041916
0.1224340550893365 0.4635864562726027
0.1224340550893365 0.4853383637041916
0.1224340550893365 0.5288421785673694
0.1073764319354908 0.6376017157253139
0.07726118562779942 0.6376017157253139
0.06973237405087657 0.615849808293725
0.08478999720472226 0.6376017157253139
0.06973237405087657 0.5288421785673694
0.06220356247395373 0.4853383637041916
0.054674750897030874 0.4635864562726027
0.03961712774318518 0.39833073397783597
0.02455950458933949 0.39833073397783597
-0.0055557417183518965 0.3765788265462471
-0.05072861117988898 0.33307501168306924
-0.06578623433373466 0.35482691911465813
-0.1184879153721946 0.31132310425148035
-0.17871840798757738 0.31132310425148035
-0.22389127744911444 0.24606738195671365
-0.27659295848757437 0.15905975223035804
-0.2991793932183429 0.20256356709353585
-0.3067082047952658 0.31132310425148035
-0.2991793932183429 0.3765788265462471
-0.27659295848757437 0.44183454884101375
-0.23894890060296015 0.44183454884101375
-0.23894890060296015 0.44183454884101375
-0.23894890060296015 0.42008264140942486
-0.2163624658721916 0.4635864562726027
-0.22389127744911444 0.31132310425148035
-0.24647771217988299 0.28957119681989146
-0.2615353353337287 0.24606738195671365
-0.27659295848757437 0.24606738195671365
-0.27659295848757437 0.31132310425148035
-0.28412177006449724 0.42008264140942486
-0.28412177006449724 0.4853383637041916
-0.27659295848757437 0.5505940859989583
-0.24647771217988299 0.4853383637041916
-0.2163624658721916 0.3765788265462471
-0.148603161679886 0.13730784479876915
-0.02061336487219759 -0.16721885924347551
0.15254930139702788 -0.6022570078752536
0.4010000834354818 -1.0807989713702093
0.7548542275508556 -1.5375890274335764
1.1614100527046893 -1.9726271760653544
1.6583116167815972 -2.3859134172655434
2.1928572387431196 -2.733943936170966
2.7876333533200244 -2.994966825350033
3.3522942215892377 -3.0819744550763883
3.8567245972430686 -2.973214917918444
4.225636364512288 -2.733943936170966
4.4364430886661275 -2.4946729544234882
4.44397190024305 -2.103138620654888
4.225636364512288 -1.7768600091810542
3.6910907425507657 -1.6028447497283431
2.90809433855079 -1.2548142308229207
1.9444064567046655 -0.9937913416438539
0.980718574858541 -0.732768452464787
0.017030693012416644 -0.47174556328572015
-0.7659657109875594 -0.16721885924347551
-0.9692436235644762 0.07205212250400242
-0.8111385804490965 0.24606738195671365
-0.49492849421833696 0.39833073397783597
-0.13354553852604029 0.5070902711357804
0.06220356247395373 0.4853383637041916
0.16007811297395072 0.44183454884101375
0.08478999720472226 0.39833073397783597
-0.02061336487219759 0.35482691911465813
-0.15613197325680883 0.33307501168306924
-0.23894890060296015 0.31132310425148035
-0.26906414691065156 0.42008264140942486
-0.2615353353337287 0.5070902711357804
-0.26906414691065156 0.5288421785673694
-0.2314200890260373 0.5723459934305472
-0.19377603114142306 0.6811055305884917
-0.20130484271834592 0.6811055305884917
-0.20130484271834592 0.6811055305884917
-0.20130484271834592 0.7028574380200806
-0.2314200890260373 0.6811055305884917
-0.2540065237568058 0.5723459934305472
-0.2314200890260373 0.5505940859989583
-0.23894890060296015 0.615849808293725
-0.22389127744911444 0.6811055305884917
-0.2163624658721916 0.7898650677464362
-0.22389127744911444 0.7681131603148473
-0.19377603114142306 0.7898650677464362
-0.17871840798757738 0.7898650677464362
-0.12601672694911745 0.7463612528832584
-0.1184879153721946 0.7681131603148473
-0.09590148064142606 0.8551207900412029
-0.09590148064142606 0.8116169751780251
-0.1034302922183489 0.8768726974727918
-0.1184879153721946 0.8116169751780251
-0.11095910379527175 0.8116169751780251
-0.12601672694911745 0.7028574380200806
-0.1034302922183489 0.6811055305884917
-0.07331504591065752 0.6811055305884917
-0.08837266906450321 0.6811055305884917
-0.04319979960296613 0.8333688826096141
-0.05072861117988898 0.8333688826096141
-0.04319979960296613 0.8551207900412029
-0.035670988026043286 0.8986246049043807
-0.028142176449120437 0.9203765123359696
-0.04319979960296613 0.8116169751780251
-0.028142176449120437 0.8333688826096141
-0.02061336487219759 0.8986246049043807
0.02455950458933949 0.8768726974727918
0.02455950458933949 1.050887956925503
0.032088316166262336 1.0291360494939141
0.06973237405087657 1.072639864357092
0.1224340550893365 1.1378955866518587
0.1901933592816421 1.0073841420623253
0.21277979401241065 1.0943917717886809
0.22030860558933352 1.050887956925503
0.21277979401241065 1.050887956925503
0.19772217085856497 1.1378955866518587
0.2052509824354878 1.268407031241392
0.2052509824354878 1.3119108461045699
0.2353662287431792 1.3554146609677478
0.29559672135856196 1.4424222906941033
0.3257119676662534 1.485926105557281
0.3332407792431762 1.50767801298887
0.38594246028163615 1.3989184758309254
0.43111532974317324 1.4206703832625145
0.47628819920471027 1.4206703832625145
0.5139322570893246 1.4641741981256922
0.5289898802431702 1.50767801298887
0.5214610686662474 1.50767801298887
0.5214610686662474 1.485926105557281
0.5289898802431702 1.50767801298887
0.5440475033970159 1.5294299204204589
0.5440475033970159 1.5946856427152256
0.5816915612816301 1.5946856427152256
0.589220372858553 1.6381894575784035
0.6268644307431672 1.746948994736348
0.6569796770508586 1.746948994736348
0.6645084886277814 1.6381894575784035
0.6720373002047043 1.5511818278520477
0.6343932423200901 1.4641741981256922
0.6042779960123987 1.3989184758309254
0.5967491844354759 1.4206703832625145
0.5816915612816301 1.3771665683993366
0.5666339381277845 1.3119108461045699
0.5591051265508616 1.3554146609677478
0.5214610686662474 1.3554146609677478
0.47628819920471027 1.3554146609677478
0.4537017644739417 1.3119108461045699
0.43864414132009605 1.268407031241392
0.4010000834354818 1.2031513089466253
0.37088483712779047 1.072639864357092
0.3181831560893305 0.9638803271991474
0.25795266347394774 0.8116169751780251
0.21277979401241065 0.7681131603148473
0.1676069245508736 0.6376017157253139
0.14502048982010504 0.615849808293725
0.09984762035856795 0.615849808293725
0.07726118562779942 0.7028574380200806
0.054674750897030874 0.7246093454516696
0.04714593932010803 0.7463612528832584
0.02455950458933949 0.7898650677464362
0.0019730698585709505 0.7028574380200806
-0.02061336487219759 0.5723459934305472
-0.058257422756811825 0.42008264140942486
-0.07331504591065752 0.42008264140942486
-0.11095910379527175 0.44183454884101375
-0.14107435010296313 0.44183454884101375
-0.17118959641065454 0.5070902711357804
-0.17118959641065454 0.615849808293725
-0.148603161679886 0.6593536231569028
-0.12601672694911745 0.7028574380200806
-0.09590148064142606 0.6376017157253139
-0.11095910379527175 0.7028574380200806
-0.08837266906450321 0.7028574380200806
-0.11095910379527175 0.7463612528832584
-0.08837266906450321 0.7681131603148473
-0.1184879153721946 0.7463612528832584
-0.16366078483373167 0.5940979008621361
-0.17871840798757738 0.4635864562726027
-0.19377603114142306 0.44183454884101375
-0.17118959641065454 0.42008264140942486
-0.148603161679886 0.44183454884101375
-0.1184879153721946 0.5288421785673694
-0.11095910379527175 0.6593536231569028
-0.08084385748758037 0.7028574380200806
-0.08084385748758037 0.6376017157253139
-0.07331504591065752 0.5940979008621361
-0.07331504591065752 0.5288421785673694
-0.08837266906450321 0.5505940859989583
-0.11095910379527175 0.5070902711357804
-0.12601672694911745 0.5070902711357804
-0.11095910379527175 0.5505940859989583
-0.1184879153721946 0.615849808293725
-0.1034302922183489 0.6593536231569028
-0.1184879153721946 0.615849808293725
-0.12601672694911745 0.6811055305884917
-0.08837266906450321 0.6811055305884917
-0.09590148064142606 0.6811055305884917
-0.1034302922183489 0.7028574380200806
-0.1034302922183489 0.6593536231569028
-0.11095910379527175 0.6376017157253139
-0.1034302922183489 0.5723459934305472
-0.07331504591065752 0.5288421785673694
-0.08084385748758037 0.5070902711357804
-0.07331504591065752 0.44183454884101375
-0.058257422756811825 0.5288421785673694
-0.06578623433373466 0.5505940859989583
-0.08837266906450321 0.615849808293725
-0.09590148064142606 0.6811055305884917
-0.13354553852604029 0.5940979008621361
-0.16366078483373167 0.5940979008621361
-0.16366078483373167 0.5070902711357804
-0.148603161679886 0.5288421785673694
-0.15613197325680883 0.44183454884101375
-0.14107435010296313 0.4853383637041916
-0.16366078483373167 0.44183454884101375
-0.148603161679886 0.5723459934305472
-0.13354553852604029 0.5940979008621361
-0.1184879153721946 0.6593536231569028
-0.11095910379527175 0.6376017157253139
-0.1184879153721946 0.5723459934305472
-0.1184879153721946 0.4853383637041916
-0.13354553852604029 0.4853383637041916
-0.15613197325680883 0.39833073397783597
-0.148603161679886 0.35482691911465813
-0.17871840798757738 0.44183454884101375
-0.17871840798757738 0.44183454884101375
-0.19377603114142306 0.5288421785673694
-0.20130484271834592 0.5723459934305472
-0.18624721956450022 0.5723459934305472
-0.16366078483373167 0.5288421785673694
-0.148603161679886 0.5070902711357804
-0.12601672694911745 0.42008264140942486
-0.13354553852604029 0.42008264140942486
-0.13354553852604029 0.4635864562726027
-0.15613197325680883 0.5288421785673694
-0.18624721956450022 0.4635864562726027
-0.20130484271834592 0.5505940859989583
-0.20883365429526876 0.5288421785673694
-0.20883365429526876 0.4635864562726027
-0.20883365429526876 0.4853383637041916
-0.22389127744911444 0.615849808293725
-0.22389127744911444 0.7028574380200806
-0.20883365429526876 0.6811055305884917
-0.20130484271834592 0.7246093454516696
-0.20883365429526876 0.615849808293725
-0.18624721956450022 0.5288421785673694
-0.17871840798757738 0.4635864562726027
-0.16366078483373167 0.3765788265462471
-0.19377603114142306 0.3765788265462471
-0.22389127744911444 0.4635864562726027
-0.2163624658721916 0.4853383637041916
-0.20883365429526876 0.5940979008621361
-0.22389127744911444 0.6593536231569028
-0.20130484271834592 0.7028574380200806
-0.19377603114142306 0.8116169751780251
-0.17118959641065454 0.9203765123359696
-0.16366078483373167 0.8986246049043807
-0.14107435010296313 0.8986246049043807
-0.14107435010296313 0.8116169751780251
-0.11095910379527175 0.7898650677464362
-0.1034302922183489 0.7463612528832584
-0.07331504591065752 0.7463612528832584
-0.028142176449120437 0.7898650677464362
-0.028142176449120437 0.8986246049043807
-0.013084553295274743 1.0291360494939141
-0.0055557417183518965 1.0073841420623253
0.017030693012416644 1.0943917717886809
0.017030693012416644 1.1161436792202697
-0.028142176449120437 1.0943917717886809
-0.013084553295274743 0.9638803271991474
-0.028142176449120437 0.8768726974727918
-0.035670988026043286 0.7463612528832584
0.009501881435493797 0.7028574380200806
0.02455950458933949 0.6811055305884917
0.04714593932010803 0.7681131603148473
0.06973237405087657 0.9421284197675586
0.06973237405087657 1.050887956925503
0.08478999720472226 1.2031513089466253
0.06220356247395373 1.2249032163782143
0.09231880878164511 1.1596474940834476
0.07726118562779942 1.0073841420623253
0.054674750897030874 0.8116169751780251
0.017030693012416644 0.7246093454516696
0.0019730698585709505 0.5723459934305472
-0.035670988026043286 0.5288421785673694
-0.058257422756811825 0.5723459934305472
-0.11095910379527175 0.6376017157253139
-0.09590148064142606 0.7463612528832584
-0.13354553852604029 0.8333688826096141
-0.16366078483373167 0.8333688826096141
-0.17118959641065454 0.8333688826096141
-0.17871840798757738 0.8768726974727918
-0.22389127744911444 0.8551207900412029
-0.22389127744911444 0.7463612528832584
-0.2615353353337287 0.6593536231569028
-0.29165058164142005 0.615849808293725
-0.3292946395260343 0.6593536231569028
-0.3518810742568029 0.5940979008621361
-0.3142370163721886 0.6811055305884917
-0.3142370163721886 0.7246093454516696
-0.32176582794911146 0.8551207900412029
-0.29165058164142005 0.8768726974727918
-0.28412177006449724 0.9421284197675586
-0.2540065237568058 1.0073841420623253
-0.2314200890260373 0.9638803271991474
-0.20883365429526876 0.9421284197675586
-0.2163624658721916 0.8333688826096141
-0.22389127744911444 0.7463612528832584
-0.24647771217988299 0.7028574380200806
-0.23894890060296015 0.7028574380200806
-0.2314200890260373 0.5723459934305472
-0.17118959641065454 0.39833073397783597
-0.035670988026043286 0.09380402993559132
0.18266454770471927 -0.36298602612777564
0.48381701078163314 -0.6457608227384314
0.8979016475123897 -1.0155432490754428
1.3421015305508377 -1.2983180456860985
1.816416659896977 -1.7116042868862875
2.3283758471277305 -2.05963480579171
2.8328062227815614 -2.4294172321287215
3.329707786858469 -2.6034324915814326
3.743792423589226 -2.733943936170966
4.029887263512294 -2.733943936170966
4.203049929781519 -2.3424096024023657
4.225636364512288 -1.842115731475821
3.9545991477430653 -1.385325675412454
3.299592540550778 -0.8850318044859092
2.3359046587046532 -0.5370012855804869
1.3722167768585292 -0.2977303038330089
0.4085288950124047 -0.10196313694870879
-0.5551589868337197 0.11555593736718023
-1.1951079708721617 0.33307501168306924
-1.0370029277567818 0.5070902711357804
-0.6680911604875625 0.5723459934305472
-0.2540065237568058 0.6811055305884917
0.03961712774318518 0.7246093454516696
0.19772217085856497 0.7681131603148473
0.18266454770471927 0.7681131603148473
0.07726118562779942 0.8333688826096141
-0.035670988026043286 0.7463612528832584
-0.13354553852604029 0.7463612528832584
-0.19377603114142306 0.8116169751780251
-0.22389127744911444 0.7898650677464362
-0.22389127744911444 0.8551207900412029
-0.23894890060296015 0.8116169751780251
-0.2163624658721916 0.7898650677464362
-0.24647771217988299 0.8116169751780251
-0.24647771217988299 0.8333688826096141
-0.2314200890260373 0.8333688826096141
-0.22389127744911444 0.9203765123359696
-0.19377603114142306 1.0291360494939141
-0.19377603114142306 1.0291360494939141
-0.148603161679886 0.9638803271991474
-0.1184879153721946 0.9856322346307363
-0.12601672694911745 0.9638803271991474
-0.148603161679886 0.9421284197675586
-0.148603161679886 0.8986246049043807
-0.16366078483373167 0.8768726974727918
-0.15613197325680883 0.8551207900412029
-0.13354553852604029 0.9421284197675586
-0.14107435010296313 1.072639864357092
-0.13354553852604029 1.1596474940834476
-0.08837266906450321 1.268407031241392
-0.07331504591065752 1.2466551238098031
-0.058257422756811825 1.1596474940834476
-0.06578623433373466 1.072639864357092
-0.09590148064142606 1.050887956925503
-0.09590148064142606 1.0073841420623253
-0.07331504591065752 1.0291360494939141
-0.058257422756811825 1.050887956925503
-0.035670988026043286 1.1378955866518587
-0.028142176449120437 1.072639864357092
-0.028142176449120437 1.1813994015150364
0.0019730698585709505 1.3554146609677478
0.02455950458933949 1.3771665683993366
0.06220356247395373 1.2466551238098031
0.06973237405087657 1.268407031241392
0.08478999720472226 1.2031513089466253
0.08478999720472226 1.2031513089466253
0.09984762035856795 1.1378955866518587
0.09984762035856795 1.2249032163782143
0.1073764319354908 1.1596474940834476
0.12996286666625934 1.1813994015150364
0.14502048982010504 1.2466551238098031
0.2052509824354878 1.2466551238098031
0.21277979401241065 1.268407031241392
0.2353662287431792 1.3989184758309254
0.2504238518970249 1.3989184758309254
0.2805390982047163 1.4424222906941033
0.31065434451240764 1.3989184758309254
0.34076959082009906 1.3989184758309254
0.3633560255508676 1.3771665683993366
0.3784136487047133 1.4206703832625145
0.42358651816625037 1.485926105557281
0.4085288950124047 1.5294299204204589
0.4085288950124047 1.5729337352836368
0.43864414132009605 1.6381894575784035
0.4537017644739417 1.6816932724415812
0.491345822358556 1.70344517987317
0.5289898802431702 1.7687009021679367
0.5591051265508616 1.746948994736348
0.5741627497047073 1.8122047170311146
0.5741627497047073 1.7904528095995258
0.5816915612816301 1.7687009021679367
0.5591051265508616 1.725197087304759
0.5515763149739388 1.725197087304759
0.5515763149739388 1.6164375501468145
0.5440475033970159 1.5294299204204589
0.5816915612816301 1.5511818278520477
0.6042779960123987 1.5511818278520477
0.5741627497047073 1.5946856427152256
0.5816915612816301 1.5729337352836368
0.589220372858553 1.5511818278520477
0.5591051265508616 1.5294299204204589
0.5214610686662474 1.3771665683993366
0.48381701078163314 1.2466551238098031
0.43111532974317324 1.050887956925503
0.3784136487047133 1.1378955866518587
0.3181831560893305 1.0943917717886809
0.2654814750508706 1.050887956925503
0.21277979401241065 1.072639864357092
0.2052509824354878 1.050887956925503
0.17513573612779643 1.1161436792202697
0.15254930139702788 0.9856322346307363
0.14502048982010504 0.8768726974727918
0.11490524351241366 0.7681131603148473
0.06220356247395373 0.6593536231569028
0.009501881435493797 0.5723459934305472
-0.035670988026043286 0.5288421785673694
-0.06578623433373466 0.5288421785673694
-0.1034302922183489 0.5288421785673694
-0.1184879153721946 0.5070902711357804
-0.08837266906450321 0.6593536231569028
-0.08837266906450321 0.7463612528832584
-0.058257422756811825 0.8333688826096141
-0.06578623433373466 0.8333688826096141
-0.058257422756811825 0.8551207900412029
-0.058257422756811825 0.8333688826096141
-0.12601672694911745 0.6811055305884917
-0.148603161679886 0.6376017157253139
-0.16366078483373167 0.5505940859989583
-0.18624721956450022 0.6376017157253139
-0.16366078483373167 0.5940979008621361
-0.148603161679886 0.6593536231569028
-0.12601672694911745 0.7463612528832584
-0.1034302922183489 0.7681131603148473
-0.08084385748758037 0.7898650677464362
-0.07331504591065752 0.8333688826096141
-0.06578623433373466 0.8116169751780251
-0.06578623433373466 0.6593536231569028
-0.07331504591065752 0.6811055305884917
-0.08084385748758037 0.6593536231569028
-0.09590148064142606 0.5723459934305472
-0.1184879153721946 0.5940979008621361
-0.1184879153721946 0.5723459934305472
-0.12601672694911745 0.6376017157253139
-0.1184879153721946 0.6811055305884917
-0.1034302922183489 0.7681131603148473
-0.1034302922183489 0.8333688826096141
-0.08084385748758037 0.8116169751780251
-0.06578623433373466 0.7898650677464362
-0.06578623433373466 0.7681131603148473
-0.04319979960296613 0.7463612528832584
-0.058257422756811825 0.6376017157253139
-0.05072861117988898 0.6376017157253139
-0.06578623433373466 0.6593536231569028
-0.09590148064142606 0.7028574380200806
-0.08837266906450321 0.7681131603148473
-0.08837266906450321 0.7463612528832584
-0.09590148064142606 0.7898650677464362
-0.09590148064142606 0.7246093454516696
-0.06578623433373466 0.7898650677464362
-0.06578623433373466 0.7898650677464362
-0.07331504591065752 0.8116169751780251
-0.06578623433373466 0.7463612528832584
-0.11095910379527175 0.7463612528832584
-0.13354553852604029 0.6811055305884917
-0.15613197325680883 0.6593536231569028
-0.16366078483373167 0.6376017157253139
-0.15613197325680883 0.6376017157253139
-0.15613197325680883 0.6593536231569028
-0.14107435010296313 0.7246093454516696
-0.12601672694911745 0.7463612528832584
-0.1184879153721946 0.8116169751780251
-0.11095910379527175 0.7898650677464362
-0.1184879153721946 0.8116169751780251
-0.12601672694911745 0.7681131603148473
-0.148603161679886 0.7681131603148473
-0.15613197325680883 0.6811055305884917
-0.17118959641065454 0.615849808293725
-0.17871840798757738 0.5505940859989583
-0.18624721956450022 0.5288421785673694
-0.19377603114142306 0.615849808293725
-0.20883365429526876 0.6376017157253139
-0.19377603114142306 0.7246093454516696
-0.148603161679886 0.7898650677464362
-0.16366078483373167 0.8116169751780251
-0.15613197325680883 0.7246093454516696
-0.17871840798757738 0.5505940859989583
-0.19377603114142306 0.5723459934305472
-0.19377603114142306 0.4635864562726027
-0.17871840798757738 0.5288421785673694
-0.18624721956450022 0.5940979008621361
-0.19377603114142306 0.7028574380200806
-0.19377603114142306 0.7463612528832584
-0.19377603114142306 0.7898650677464362
-0.19377603114142306 0.7463612528832584
-0.17118959641065454 0.7246093454516696
-0.16366078483373167 0.6811055305884917
-0.16366078483373167 0.6593536231569028
-0.17118959641065454 0.615849808293725
-0.2163624658721916 0.615849808293725
-0.23894890060296015 0.615849808293725
-0.24647771217988299 0.6811055305884917
-0.24647771217988299 0.5940979008621361
-0.23894890060296015 0.5505940859989583
-0.20883365429526876 0.5070902711357804
-0.19377603114142306 0.5070902711357804
-0.17118959641065454 0.5070902711357804
-0.17871840798757738 0.5723459934305472
-0.17871840798757738 0.5288421785673694
-0.20130484271834592 0.6376017157253139
-0.20883365429526876 0.5723459934305472
-0.24647771217988299 0.5940979008621361
-0.2615353353337287 0.5505940859989583
-0.26906414691065156 0.615849808293725
-0.29165058164142005 0.615849808293725
-0.27659295848757437 0.6811055305884917
-0.27659295848757437 0.8116169751780251
-0.23894890060296015 0.7463612528832584
-0.22389127744911444 0.6811055305884917
-0.19377603114142306 0.6811055305884917
-0.19377603114142306 0.6811055305884917
-0.17118959641065454 0.6811055305884917
-0.148603161679886 0.6811055305884917
-0.17118959641065454 0.7246093454516696
-0.148603161679886 0.6811055305884917
-0.12601672694911745 0.7246093454516696
-0.11095910379527175 0.7898650677464362
-0.09590148064142606 0.8116169751780251
-0.07331504591065752 0.7463612528832584
-0.05072861117988898 0.7898650677464362
-0.058257422756811825 0.8116169751780251
-0.028142176449120437 0.9203765123359696
-0.028142176449120437 0.9421284197675586
-0.02061336487219759 0.8768726974727918
-0.013084553295274743 0.9638803271991474
0.009501881435493797 0.7463612528832584
0.03961712774318518 0.7028574380200806
0.06973237405087657 0.615849808293725
0.09231880878164511 0.6593536231569028
0.08478999720472226 0.6593536231569028
0.07726118562779942 0.7028574380200806
0.06220356247395373 0.8116169751780251
0.054674750897030874 0.7681131603148473
0.06973237405087657 0.8116169751780251
0.07726118562779942 0.7898650677464362
0.06973237405087657 0.7246093454516696
0.03961712774318518 0.5940979008621361
0.009501881435493797 0.5288421785673694
-0.035670988026043286 0.42008264140942486
-0.07331504591065752 0.44183454884101375
-0.11095910379527175 0.44183454884101375
-0.14107435010296313 0.4853383637041916
-0.16366078483373167 0.4635864562726027
-0.17871840798757738 0.5505940859989583
-0.18624721956450022 0.5288421785673694
-0.2163624658721916 0.5070902711357804
-0.2314200890260373 0.5288421785673694
-0.2540065237568058 0.4853383637041916
-0.28412177006449724 0.5070902711357804
-0.3067082047952658 0.5070902711357804
-0.32176582794911146 0.5288421785673694
-0.3142370163721886 0.5505940859989583
-0.29165058164142005 0.5288421785673694
-0.29165058164142005 0.4635864562726027
-0.2991793932183429 0.42008264140942486
-0.3067082047952658 0.42008264140942486
-0.27659295848757437 0.4853383637041916
-0.23894890060296015 0.5288421785673694
-0.2314200890260373 0.615849808293725
-0.23894890060296015 0.6811055305884917
-0.24647771217988299 0.6811055305884917
-0.26906414691065156 0.6376017157253139
-0.28412177006449724 0.6593536231569028
-0.3142370163721886 0.615849808293725
-0.3292946395260343 0.4853383637041916
-0.29165058164142005 0.3765788265462471
-0.2163624658721916 0.22431547452512474
-0.08084385748758037 0.02854830764082462
0.09984762035856795 -0.2977303038330089
0.3784136487047133 -0.6892646376016092
0.7247389812431643 -1.0590470639386205
1.168938864281612 -1.4288294902756318
1.6583116167815972 -1.842115731475821
2.2003860503200423 -2.037882898360121
2.7274028607046414 -2.472921046991899
3.2544196710892406 -2.6686882138761994
3.721205988858457 -2.8209515658973214
4.075060132973831 -2.733943936170966
4.300924480281516 -2.3859134172655434
4.323510915012285 -1.8856195463389989
4.04494488666614 -1.3418218605492762
3.389938279473852 -0.950287526780676
2.4262503976277277 -0.6892646376016092
1.4625625157816031 -0.44999365585413126
0.4988746339354788 -0.3194822112645978
-0.46481324791064554 -0.23247458153824221
-1.232752028756776 0.02854830764082462
-1.029474116179859 0.15905975223035804
-0.6304471026029482 0.3765788265462471
-0.22389127744911444 0.5723459934305472
0.07726118562779942 0.7246093454516696
0.1901933592816421 0.7463612528832584
0.1374916782431822 0.6593536231569028
0.04714593932010803 0.615849808293725
-0.11095910379527175 0.4853383637041916
-0.20883365429526876 0.42008264140942486
-0.26906414691065156 0.4853383637041916
-0.24647771217988299 0.5070902711357804
-0.2314200890260373 0.615849808293725
-0.20883365429526876 0.6376017157253139
-0.20883365429526876 0.7898650677464362
-0.20883365429526876 0.7246093454516696
-0.22389127744911444 0.7463612528832584
-0.2540065237568058 0.7463612528832584
-0.2314200890260373 0.7898650677464362
-0.2163624658721916 0.8551207900412029
-0.19377603114142306 0.8116169751780251
-0.18624721956450022 0.8333688826096141
-0.19377603114142306 0.7028574380200806
-0.20883365429526876 0.6811055305884917
-0.2540065237568058 0.6593536231569028
-0.24647771217988299 0.6376017157253139
-0.2540065237568058 0.7463612528832584
-0.2540065237568058 0.8116169751780251
-0.22389127744911444 0.8768726974727918
-0.2163624658721916 0.8333688826096141
-0.17118959641065454 0.8116169751780251
-0.13354553852604029 0.8986246049043807
-0.13354553852604029 0.8551207900412029
-0.1034302922183489 0.8116169751780251
-0.11095910379527175 0.7681131603148473
-0.09590148064142606 0.7681131603148473
-0.09590148064142606 0.7898650677464362
-0.1034302922183489 0.8986246049043807
-0.1184879153721946 0.9421284197675586
-0.12601672694911745 1.0073841420623253
-0.08837266906450321 1.0291360494939141
-0.06578623433373466 1.0291360494939141
-0.028142176449120437 1.050887956925503
-0.0055557417183518965 1.050887956925503
0.02455950458933949 1.072639864357092
0.032088316166262336 0.9638803271991474
0.017030693012416644 0.8986246049043807
0.03961712774318518 0.9421284197675586
0.08478999720472226 0.8768726974727918
0.07726118562779942 0.9638803271991474
0.09984762035856795 0.9203765123359696
0.1073764319354908 0.9856322346307363
0.14502048982010504 1.050887956925503
0.17513573612779643 1.1596474940834476
0.19772217085856497 1.290158938672981
0.22783741716625636 1.3554146609677478
0.22030860558933352 1.3336627535361587
0.2504238518970249 1.290158938672981
0.2654814750508706 1.268407031241392
0.2805390982047163 1.2249032163782143
0.29559672135856196 1.2031513089466253
0.3257119676662534 1.2031513089466253
0.28806790978163915 1.268407031241392
0.3181831560893305 1.3336627535361587
0.37088483712779047 1.485926105557281
0.4160577065893275 1.5729337352836368
0.4537017644739417 1.5511818278520477
0.4988746339354788 1.5729337352836368
0.5214610686662474 1.5294299204204589
0.5440475033970159 1.5294299204204589
0.536518691820093 1.50767801298887
0.5440475033970159 1.5511818278520477
0.5440475033970159 1.50767801298887
0.5515763149739388 1.5511818278520477
0.5289898802431702 1.5511818278520477
0.5440475033970159 1.5946856427152256
0.5214610686662474 1.5729337352836368
0.5591051265508616 1.485926105557281
0.5440475033970159 1.4424222906941033
0.6118068075893215 1.485926105557281
0.5967491844354759 1.5294299204204589
0.5515763149739388 1.4424222906941033
0.5289898802431702 1.3554146609677478
0.5064034455124017 1.2249032163782143
0.46875938762778746 1.1161436792202697
0.4612305760508646 1.050887956925503
0.43864414132009605 0.9856322346307363
0.4085288950124047 1.0073841420623253
0.3784136487047133 1.0073841420623253
0.34076959082009906 1.0073841420623253
0.28806790978163915 0.9421284197675586
0.2504238518970249 0.9421284197675586
0.2052509824354878 0.9421284197675586
0.1676069245508736 0.8986246049043807
0.14502048982010504 0.8768726974727918
0.11490524351241366 0.8333688826096141
0.07726118562779942 0.6811055305884917
0.02455950458933949 0.7028574380200806
0.0019730698585709505 0.6811055305884917
-0.028142176449120437 0.6811055305884917
-0.04319979960296613 0.6593536231569028
-0.06578623433373466 0.6593536231569028
-0.07331504591065752 0.8116169751780251
-0.08837266906450321 0.7681131603148473
-0.11095910379527175 0.6811055305884917
-0.13354553852604029 0.7246093454516696
-0.14107435010296313 0.6376017157253139
-0.148603161679886 0.5940979008621361
-0.15613197325680883 0.5505940859989583
-0.18624721956450022 0.5505940859989583
-0.18624721956450022 0.5070902711357804
-0.18624721956450022 0.4635864562726027
-0.17871840798757738 0.6593536231569028
-0.17871840798757738 0.6376017157253139
-0.15613197325680883 0.7681131603148473
-0.12601672694911745 0.8333688826096141
-0.12601672694911745 0.8116169751780251
-0.09590148064142606 0.7463612528832584
-0.1184879153721946 0.5940979008621361
-0.1184879153721946 0.5288421785673694
-0.148603161679886 0.5070902711357804
-0.15613197325680883 0.39833073397783597
-0.17118959641065454 0.39833073397783597
-0.15613197325680883 0.5070902711357804
-0.15613197325680883 0.5723459934305472
-0.09590148064142606 0.6376017157253139
-0.08837266906450321 0.7898650677464362
-0.06578623433373466 0.7246093454516696
-0.06578623433373466 0.7028574380200806
-0.08837266906450321 0.6811055305884917
-0.08084385748758037 0.6376017157253139
-0.09590148064142606 0.6376017157253139
-0.1034302922183489 0.615849808293725
-0.1034302922183489 0.615849808293725
-0.15613197325680883 0.6593536231569028
-0.14107435010296313 0.6376017157253139
-0.1184879153721946 0.6811055305884917
-0.1034302922183489 0.7246093454516696
-0.07331504591065752 0.7681131603148473
-0.02061336487219759 0.8333688826096141
-0.035670988026043286 0.7463612528832584
-0.07331504591065752 0.615849808293725
-0.1184879153721946 0.5723459934305472
-0.148603161679886 0.5505940859989583
-0.16366078483373167 0.615849808293725
-0.16366078483373167 0.5288421785673694
-0.17118959641065454 0.5940979008621361
-0.17871840798757738 0.615849808293725
-0.148603161679886 0.6593536231569028
-0.17118959641065454 0.6376017157253139
-0.148603161679886 0.6811055305884917
-0.15613197325680883 0.615849808293725
-0.16366078483373167 0.6811055305884917
-0.19377603114142306 0.5723459934305472
-0.16366078483373167 0.4853383637041916
-0.17871840798757738 0.4635864562726027
-0.2163624658721916 0.39833073397783597
-0.20883365429526876 0.39833073397783597
-0.2163624658721916 0.42008264140942486
-0.20883365429526876 0.5505940859989583
-0.20130484271834592 0.6811055305884917
-0.19377603114142306 0.8333688826096141
-0.19377603114142306 0.8333688826096141
-0.18624721956450022 0.8116169751780251
-0.18624721956450022 0.7898650677464362
-0.18624721956450022 0.7246093454516696
-0.20130484271834592 0.7028574380200806
-0.2163624658721916 0.5723459934305472
-0.2163624658721916 0.5070902711357804
-0.24647771217988299 0.5070902711357804
-0.24647771217988299 0.5505940859989583
-0.24647771217988299 0.5288421785673694
-0.2163624658721916 0.5723459934305472
-0.20883365429526876 0.5940979008621361
-0.20883365429526876 0.615849808293725
-0.20130484271834592 0.6593536231569028
-0.2163624658721916 0.6811055305884917
-0.20883365429526876 0.6593536231569028
-0.2314200890260373 0.5940979008621361
-0.23894890060296015 0.5940979008621361
-0.24647771217988299 0.5070902711357804
-0.26906414691065156 0.4635864562726027
-0.2615353353337287 0.5505940859989583
-0.2615353353337287 0.5723459934305472
-0.23894890060296015 0.7246093454516696
-0.2163624658721916 0.7681131603148473
-0.22389127744911444 0.7463612528832584
-0.2163624658721916 0.8116169751780251
-0.2314200890260373 0.7898650677464362
-0.2163624658721916 0.7028574380200806
-0.2163624658721916 0.7028574380200806
-0.20883365429526876 0.615849808293725
-0.20130484271834592 0.5070902711357804
-0.16366078483373167 0.44183454884101375
-0.13354553852604029 0.42008264140942486
-0.08084385748758037 0.4635864562726027
-0.02061336487219759 0.4853383637041916
-0.013084553295274743 0.5723459934305472
-0.013084553295274743 0.5940979008621361
-0.0055557417183518965 0.6593536231569028
0.0019730698585709505 0.6811055305884917
-0.013084553295274743 0.7028574380200806
0.02455950458933949 0.7463612528832584
0.04714593932010803 0.8116169751780251
0.06973237405087657 0.8986246049043807
0.1073764319354908 0.8333688826096141
0.1374916782431822 0.8551207900412029
0.16007811297395072 0.8768726974727918
0.19772217085856497 0.8551207900412029
0.1901933592816421 0.8551207900412029
0.1901933592816421 0.9421284197675586
0.22030860558933352 1.050887956925503
0.1901933592816421 1.0291360494939141
0.17513573612779643 0.9203765123359696
0.16007811297395072 0.8551207900412029
0.15254930139702788 0.7463612528832584
0.2052509824354878 0.7463612528832584
0.22783741716625636 0.6811055305884917
0.25795266347394774 0.7463612528832584
0.29559672135856196 0.6376017157253139
0.31065434451240764 0.7463612528832584
0.31065434451240764 0.8551207900412029
0.30312553293548483 0.8116169751780251
0.31065434451240764 0.8986246049043807
0.2805390982047163 0.9856322346307363
0.2654814750508706 0.9421284197675586
0.24289504032010203 0.8986246049043807
0.19772217085856497 0.8333688826096141
0.16007811297395072 0.7681131603148473
0.1374916782431822 0.6811055305884917
0.09231880878164511 0.615849808293725
0.06220356247395373 0.5723459934305472
0.06220356247395373 0.615849808293725
0.054674750897030874 0.5940979008621361
0.032088316166262336 0.6811055305884917
0.017030693012416644 0.7463612528832584
-0.028142176449120437 0.7246093454516696
-0.06578623433373466 0.7898650677464362
-0.08837266906450321 0.7463612528832584
-0.148603161679886 0.6593536231569028
-0.16366078483373167 0.6376017157253139
-0.17871840798757738 0.5723459934305472
-0.19377603114142306 0.6376017157253139
-0.16366078483373167 0.6593536231569028
-0.148603161679886 0.7681131603148473
-0.11095910379527175 0.7898650677464362
-0.1184879153721946 0.8551207900412029
-0.11095910379527175 0.8333688826096141
-0.16366078483373167 0.7246093454516696
-0.16366078483373167 0.6593536231569028
-0.15613197325680883 0.6811055305884917
-0.17118959641065454 0.6811055305884917
-0.15613197325680883 0.7898650677464362
-0.16366078483373167 0.9203765123359696
-0.16366078483373167 0.8768726974727918
-0.16366078483373167 0.7681131603148473
-0.13354553852604029 0.7028574380200806
-0.058257422756811825 0.5288421785673694
0.06220356247395373 0.2678192893883026
0.2805390982047163 0.006796400209235718
0.536518691820093 -0.4064898409909534
0.8979016475123897 -0.7762722673279647
1.3421015305508377 -1.1025508788017984
1.7938302251662084 -1.363573767980865
2.253087731358502 -1.624596657159932
2.74998929543541 -1.9073714537705877
3.292063728973855 -2.2118981578128323
3.7964941046276857 -2.298905787539188
4.225636364512288 -2.1901462503812437
4.526788827589201 -2.05963480579171
4.677365059127659 -1.581092842296754
4.669836247550736 -1.1243027862333872
4.398799030781514 -0.6675127301700202
3.788965293050763 -0.3194822112645978
2.8252774112046386 -0.12371504438029769
1.861589529358514 -0.05845932208553099
0.8979016475123897 -0.12371504438029769
-0.06578623433373466 -0.05845932208553099
-1.029474116179859 0.13730784479876915
-1.0219453046029363 0.42008264140942486
-0.7057352183721767 0.7028574380200806
-0.2615353353337287 0.8333688826096141
0.07726118562779942 0.8986246049043807
0.25795266347394774 0.8986246049043807
0.2654814750508706 0.8551207900412029
0.1676069245508736 0.7898650677464362
0.009501881435493797 0.8333688826096141
-0.12601672694911745 0.8333688826096141
-0.2540065237568058 0.8551207900412029
-0.2615353353337287 0.8986246049043807
-0.29165058164142005 0.9638803271991474
-0.27659295848757437 0.9203765123359696
-0.2314200890260373 0.9421284197675586
-0.2314200890260373 1.0073841420623253
-0.20883365429526876 1.0073841420623253
-0.17871840798757738 1.0073841420623253
-0.17871840798757738 1.050887956925503
-0.20130484271834592 1.0073841420623253
-0.20883365429526876 0.9638803271991474
-0.20130484271834592 0.9638803271991474
-0.20130484271834592 0.9421284197675586
-0.19377603114142306 0.9203765123359696
-0.19377603114142306 0.9421284197675586
-0.22389127744911444 0.9856322346307363
-0.20130484271834592 1.0073841420623253
-0.16366078483373167 1.0943917717886809
-0.148603161679886 1.1596474940834476
-0.1034302922183489 1.2031513089466253
-0.08837266906450321 1.2466551238098031
-0.08837266906450321 1.1813994015150364
-0.08084385748758037 1.1378955866518587
-0.09590148064142606 1.1161436792202697
-0.12601672694911745 1.1161436792202697
-0.11095910379527175 1.1813994015150364
-0.11095910379527175 1.1378955866518587
-0.09590148064142606 1.1813994015150364
-0.028142176449120437 1.268407031241392
-0.0055557417183518965 1.268407031241392
-0.02061336487219759 1.2249032163782143
0.03961712774318518 1.2466551238098031
0.04714593932010803 1.2249032163782143
0.054674750897030874 1.2031513089466253
0.06220356247395373 1.268407031241392
0.054674750897030874 1.3554146609677478
0.06973237405087657 1.3336627535361587
0.09231880878164511 1.290158938672981
0.1073764319354908 1.290158938672981
0.1224340550893365 1.3336627535361587
0.12996286666625934 1.4206703832625145
0.17513573612779643 1.50767801298887
0.21277979401241065 1.5946856427152256
0.2353662287431792 1.6599413650099923
0.28806790978163915 1.5729337352836368
0.28806790978163915 1.50767801298887
0.3181831560893305 1.4424222906941033
0.3332407792431762 1.4206703832625145
0.3482984023970219 1.485926105557281
0.37088483712779047 1.4641741981256922
0.42358651816625037 1.5946856427152256
0.4537017644739417 1.5511818278520477
0.4988746339354788 1.5511818278520477
0.5289898802431702 1.5294299204204589
0.5440475033970159 1.6164375501468145
0.589220372858553 1.725197087304759
0.6042779960123987 1.746948994736348
0.6268644307431672 1.8122047170311146
0.5967491844354759 1.70344517987317
0.6193356191662444 1.70344517987317
0.6118068075893215 1.6599413650099923
0.6193356191662444 1.5946856427152256
0.5967491844354759 1.6164375501468145
0.5967491844354759 1.70344517987317
0.6118068075893215 1.7687009021679367
0.6042779960123987 1.8774604393258814
0.5967491844354759 1.8992123467574702
0.6118068075893215 1.9209642541890593
0.6343932423200901 1.8122047170311146
0.6118068075893215 1.70344517987317
0.5515763149739388 1.6164375501468145
0.5214610686662474 1.485926105557281
0.47628819920471027 1.4424222906941033
0.43111532974317324 1.3554146609677478
0.37088483712779047 1.4206703832625145
0.31065434451240764 1.3771665683993366
0.2805390982047163 1.3119108461045699
0.25795266347394774 1.3771665683993366
0.1901933592816421 1.3119108461045699
0.1676069245508736 1.3771665683993366
0.1224340550893365 1.290158938672981
0.07726118562779942 1.268407031241392
0.032088316166262336 1.2466551238098031
-0.013084553295274743 1.1161436792202697
-0.04319979960296613 1.0073841420623253
-0.1034302922183489 0.9856322346307363
-0.15613197325680883 1.0073841420623253
-0.20130484271834592 1.0291360494939141
-0.22389127744911444 1.050887956925503
-0.22389127744911444 1.0943917717886809
-0.20883365429526876 1.1161436792202697
-0.2163624658721916 1.1596474940834476
-0.2314200890260373 1.2031513089466253
-0.2314200890260373 1.2249032163782143
-0.23894890060296015 1.1596474940834476
-0.23894890060296015 1.1378955866518587
-0.23894890060296015 1.072639864357092
-0.24647771217988299 1.0291360494939141
-0.2615353353337287 1.0073841420623253
-0.26906414691065156 1.072639864357092
-0.2540065237568058 1.0943917717886809
-0.24647771217988299 1.050887956925503
-0.24647771217988299 1.1161436792202697
-0.22389127744911444 1.0943917717886809
-0.23894890060296015 1.1813994015150364
-0.23894890060296015 1.1378955866518587
-0.23894890060296015 1.0943917717886809
-0.23894890060296015 1.1161436792202697
-0.26906414691065156 1.0073841420623253
-0.26906414691065156 1.0943917717886809
-0.2615353353337287 1.072639864357092
-0.2540065237568058 1.1596474940834476
-0.2163624658721916 1.1596474940834476
-0.17871840798757738 1.2249032163782143
-0.17871840798757738 1.2031513089466253
-0.17871840798757738 1.2466551238098031
-0.17871840798757738 1.1813994015150364
-0.18624721956450022 1.1596474940834476
-0.2163624658721916 1.1596474940834476
-0.20883365429526876 1.1378955866518587
-0.2163624658721916 1.050887956925503
-0.22389127744911444 1.0073841420623253
-0.23894890060296015 1.1161436792202697
-0.23894890060296015 1.1378955866518587
-0.2314200890260373 1.1378955866518587
-0.2314200890260373 1.2031513089466253
-0.22389127744911444 1.3336627535361587
-0.22389127744911444 1.3336627535361587
-0.24647771217988299 1.268407031241392
-0.24647771217988299 1.2249032163782143
-0.2314200890260373 1.2031513089466253
-0.20130484271834592 1.1813994015150364
-0.23894890060296015 1.2031513089466253
-0.24647771217988299 1.290158938672981
-0.2540065237568058 1.3119108461045699
-0.26906414691065156 1.268407031241392
-0.26906414691065156 1.1813994015150364
-0.2615353353337287 1.0943917717886809
-0.27659295848757437 0.9638803271991474
-0.27659295848757437 1.0073841420623253
-0.28412177006449724 1.1161436792202697
-0.3067082047952658 1.2031513089466253
-0.3067082047952658 1.2031513089466253
-0.3067082047952658 1.1378955866518587
-0.3067082047952658 1.0291360494939141
-0.3067082047952658 0.9856322346307363
-0.33682345110295714 1.0291360494939141
-0.32176582794911146 1.072639864357092
-0.32176582794911146 1.1813994015150364
-0.32176582794911146 1.1596474940834476
-0.3292946395260343 1.2466551238098031
-0.34435226267988 1.290158938672981
-0.32176582794911146 1.1813994015150364
-0.3518810742568029 1.1378955866518587
-0.3594098858337257 1.0943917717886809
-0.36693869741064855 1.0291360494939141
-0.38199632056449423 1.0073841420623253
-0.41211156687218564 1.0291360494939141
-0.4045827552952628 1.0291360494939141
-0.41964037844910845 1.1161436792202697
-0.3970539437183399 1.1596474940834476
-0.37446750898757136 1.1161436792202697
-0.36693869741064855 1.2031513089466253
-0.36693869741064855 1.1161436792202697
-0.3594098858337257 1.1596474940834476
-0.3594098858337257 1.072639864357092
-0.3594098858337257 1.0943917717886809
-0.36693869741064855 1.050887956925503
-0.3895251321414171 1.0943917717886809
-0.4045827552952628 1.1596474940834476
-0.4271691900260313 1.2031513089466253
-0.4346980016029542 1.2031513089466253
-0.4271691900260313 1.2249032163782143
-0.4045827552952628 1.2466551238098031
-0.3970539437183399 1.1161436792202697
-0.37446750898757136 1.0943917717886809
-0.3518810742568029 1.0073841420623253
-0.3292946395260343 0.9856322346307363
-0.34435226267988 0.9203765123359696
-0.37446750898757136 0.8768726974727918
-0.41211156687218564 0.8986246049043807
-0.4271691900260313 0.9638803271991474
-0.44975562475679987 0.9421284197675586
-0.442226813179877 1.0943917717886809
-0.41964037844910845 1.0943917717886809
-0.4045827552952628 1.2031513089466253
-0.3970539437183399 1.2466551238098031
-0.37446750898757136 1.3119108461045699
-0.36693869741064855 1.3336627535361587
-0.3142370163721886 1.3336627535361587
-0.2991793932183429 1.2249032163782143
-0.28412177006449724 1.2031513089466253
-0.2615353353337287 1.1813994015150364
-0.2314200890260373 1.1813994015150364
-0.24647771217988299 1.1161436792202697
-0.24647771217988299 1.2249032163782143
-0.2615353353337287 1.268407031241392
-0.2314200890260373 1.3336627535361587
-0.2163624658721916 1.3554146609677478
-0.20883365429526876 1.290158938672981
-0.22389127744911444 1.4206703832625145
-0.2163624658721916 1.4424222906941033
-0.22389127744911444 1.3554146609677478
-0.2163624658721916 1.268407031241392
-0.19377603114142306 1.1813994015150364
-0.15613197325680883 1.0073841420623253
-0.11095910379527175 0.9638803271991474
-0.11095910379527175 0.9421284197675586
-0.11095910379527175 0.9856322346307363
-0.11095910379527175 1.050887956925503
-0.13354553852604029 1.2031513089466253
-0.13354553852604029 1.268407031241392
-0.14107435010296313 1.3336627535361587
-0.17118959641065454 1.290158938672981
-0.18624721956450022 1.1596474940834476
-0.22389127744911444 1.050887956925503
-0.26906414691065156 0.9638803271991474
-0.28412177006449724 0.8986246049043807
-0.32176582794911146 0.9856322346307363
-0.34435226267988 1.050887956925503
-0.34435226267988 1.1813994015150364
-0.3292946395260343 1.1813994015150364
-0.3292946395260343 1.2466551238098031
-0.3518810742568029 1.268407031241392
-0.3594098858337257 1.1813994015150364
-0.3895251321414171 1.1378955866518587
-0.41964037844910845 1.050887956925503
-0.46481324791064554 1.0943917717886809
-0.4723420594875684 0.9856322346307363
-0.49492849421833696 0.9421284197675586
-0.4798708710644912 0.9638803271991474
-0.4798708710644912 0.9856322346307363
-0.4723420594875684 1.0073841420623253
-0.46481324791064554 1.0943917717886809
-0.44975562475679987 1.1813994015150364
-0.44975562475679987 1.1378955866518587
-0.4045827552952628 1.1813994015150364
-0.4045827552952628 1.2249032163782143
-0.41211156687218564 1.1596474940834476
-0.4271691900260313 1.1378955866518587
-0.44975562475679987 1.1596474940834476
-0.442226813179877 1.1596474940834476
-0.41964037844910845 1.050887956925503
-0.34435226267988 1.0073841420623253
-0.2540065237568058 0.9638803271991474
-0.09590148064142606 0.8333688826096141
0.09231880878164511 0.615849808293725
0.3257119676662534 0.24606738195671365
0.641922053897013 -0.12371504438029769
0.980718574858541 -0.47174556328572015
1.3872744000123747 -0.7980241747595537
1.8540607177815913 -1.0807989713702093
2.3735487165892675 -1.4940852125703985
2.885507903820021 -1.5375890274335764
3.3522942215892377 -1.4288294902756318
3.6910907425507657 -1.146054693664976
3.8040229162046084 -0.6240089153068424
3.578158568896923 -0.1454669518118866
2.90809433855079 0.18081165966194693
1.9444064567046655 0.28957119681989146
0.980718574858541 0.2678192893883026
0.017030693012416644 0.20256356709353585
-0.9466571888337078 0.18081165966194693
-1.571548549718304 0.28957119681989146
-1.420972318179847 0.44183454884101375
-1.0595893624875505 0.7028574380200806
-0.6680911604875625 0.8333688826096141
-0.3970539437183399 1.0291360494939141
-0.2314200890260373 1.1378955866518587
-0.17118959641065454 1.1596474940834476
-0.20130484271834592 1.1596474940834476
-0.2540065237568058 1.072639864357092
-0.33682345110295714 1.050887956925503
-0.36693869741064855 1.0291360494939141
-0.41211156687218564 1.050887956925503
-0.44975562475679987 1.050887956925503
-0.46481324791064554 1.0073841420623253
-0.4723420594875684 1.0943917717886809
-0.46481324791064554 1.072639864357092
-0.4723420594875684 1.072639864357092
-0.442226813179877 1.2249032163782143
-0.442226813179877 1.1596474940834476
-0.41964037844910845 1.2466551238098031
-0.4045827552952628 1.2031513089466253
-0.38199632056449423 1.2249032163782143
-0.3594098858337257 1.2031513089466253
-0.3594098858337257 1.1161436792202697
-0.3518810742568029 1.1378955866518587
-0.36693869741064855 1.0291360494939141
-0.36693869741064855 1.0943917717886809
-0.38199632056449423 1.1161436792202697
-0.3594098858337257 1.1378955866518587
-0.3594098858337257 1.2249032163782143
-0.3142370163721886 1.290158938672981
-0.2991793932183429 1.3119108461045699
-0.2615353353337287 1.3554146609677478
-0.23894890060296015 1.3119108461045699
-0.2314200890260373 1.3336627535361587
-0.22389127744911444 1.268407031241392
-0.22389127744911444 1.290158938672981
-0.23894890060296015 1.1161436792202697
-0.22389127744911444 1.1813994015150364
-0.24647771217988299 1.1378955866518587
-0.22389127744911444 1.1378955866518587
-0.19377603114142306 1.290158938672981
-0.17871840798757738 1.3119108461045699
-0.148603161679886 1.3771665683993366
-0.12601672694911745 1.3989184758309254
-0.1034302922183489 1.290158938672981
-0.058257422756811825 1.2031513089466253
-0.05072861117988898 1.2031513089466253
-0.04319979960296613 1.1161436792202697
-0.04319979960296613 1.1813994015150364
-0.05072861117988898 1.2031513089466253
-0.04319979960296613 1.2249032163782143
-0.013084553295274743 1.290158938672981
0.02455950458933949 1.4206703832625145
0.06973237405087657 1.485926105557281
0.09231880878164511 1.4641741981256922
0.15254930139702788 1.50767801298887
0.16007811297395072 1.485926105557281
0.17513573612779643 1.5511818278520477
0.18266454770471927 1.50767801298887
0.22030860558933352 1.4424222906941033
0.2353662287431792 1.3989184758309254
0.25795266347394774 1.4206703832625145
0.28806790978163915 1.50767801298887
0.3257119676662534 1.5946856427152256
0.34076959082009906 1.70344517987317
0.3482984023970219 1.7687009021679367
0.38594246028163615 1.8122047170311146
0.4010000834354818 1.8122047170311146
0.43864414132009605 1.7904528095995258
0.4537017644739417 1.6599413650099923
0.48381701078163314 1.5946856427152256
0.48381701078163314 1.5294299204204589
0.491345822358556 1.5511818278520477
0.4988746339354788 1.5946856427152256
0.47628819920471027 1.70344517987317
0.4537017644739417 1.70344517987317
0.4988746339354788 1.7904528095995258
0.47628819920471027 1.6816932724415812
0.491345822358556 1.6381894575784035
0.46875938762778746 1.6381894575784035
0.43864414132009605 1.6599413650099923
0.42358651816625037 1.5946856427152256
0.39347127185855896 1.485926105557281
0.3784136487047133 1.485926105557281
0.3633560255508676 1.4424222906941033
0.3332407792431762 1.3771665683993366
0.2805390982047163 1.3554146609677478
0.25795266347394774 1.3771665683993366
0.22030860558933352 1.3989184758309254
0.18266454770471927 1.3119108461045699
0.15254930139702788 1.268407031241392
0.15254930139702788 1.2466551238098031
0.14502048982010504 1.1378955866518587
0.09984762035856795 1.072639864357092
0.03961712774318518 1.1161436792202697
0.0019730698585709505 1.0943917717886809
-0.058257422756811825 1.0073841420623253
-0.11095910379527175 1.050887956925503
-0.12601672694911745 1.1161436792202697
-0.12601672694911745 1.1813994015150364
-0.13354553852604029 1.1596474940834476
-0.1184879153721946 1.1378955866518587
-0.11095910379527175 1.1161436792202697
-0.1184879153721946 1.1596474940834476
-0.13354553852604029 1.050887956925503
-0.1184879153721946 1.0943917717886809
-0.13354553852604029 1.072639864357092
-0.148603161679886 1.0291360494939141
-0.148603161679886 0.9638803271991474
-0.16366078483373167 0.9638803271991474
-0.17871840798757738 1.0073841420623253
-0.17871840798757738 1.0291360494939141
-0.18624721956450022 1.1378955866518587
-0.16366078483373167 1.0943917717886809
-0.148603161679886 1.1378955866518587
-0.13354553852604029 1.1813994015150364
-0.09590148064142606 1.0291360494939141
-0.07331504591065752 0.9203765123359696
-0.07331504591065752 0.9421284197675586
-0.08084385748758037 0.8768726974727918
-0.11095910379527175 0.8333688826096141
-0.11095910379527175 0.8116169751780251
-0.1184879153721946 0.9421284197675586
-0.1184879153721946 1.0291360494939141
-0.08837266906450321 1.0073841420623253
-0.08084385748758037 1.0073841420623253
-0.07331504591065752 0.9638803271991474
-0.04319979960296613 0.9203765123359696
-0.05072861117988898 0.8986246049043807
-0.058257422756811825 0.8986246049043807
-0.1184879153721946 0.8986246049043807
-0.12601672694911745 0.9203765123359696
-0.12601672694911745 0.8551207900412029
-0.08837266906450321 0.9203765123359696
-0.07331504591065752 0.9856322346307363
-0.05072861117988898 0.9856322346307363
-0.02061336487219759 0.9856322346307363
-0.028142176449120437 0.9856322346307363
-0.028142176449120437 0.9856322346307363
-0.028142176449120437 0.9638803271991474
-0.028142176449120437 0.8986246049043807
-0.04319979960296613 0.8551207900412029
-0.058257422756811825 0.8551207900412029
-0.06578623433373466 0.7898650677464362
-0.06578623433373466 0.8551207900412029
-0.05072861117988898 0.9203765123359696
-0.08084385748758037 0.8986246049043807
-0.09590148064142606 0.9203765123359696
-0.08837266906450321 0.9421284197675586
-0.08084385748758037 1.0291360494939141
-0.058257422756811825 1.0073841420623253
-0.058257422756811825 1.072639864357092
-0.058257422756811825 1.072639864357092
-0.05072861117988898 1.050887956925503
-0.06578623433373466 0.9421284197675586
-0.07331504591065752 0.8333688826096141
-0.1034302922183489 0.7246093454516696
-0.11095910379527175 0.7028574380200806
-0.13354553852604029 0.7681131603148473
-0.14107435010296313 0.7028574380200806
-0.1184879153721946 0.7028574380200806
-0.1184879153721946 0.7898650677464362
-0.12601672694911745 0.7898650677464362
-0.1184879153721946 0.7898650677464362
-0.1184879153721946 0.7898650677464362
-0.12601672694911745 0.7898650677464362
-0.12601672694911745 0.7028574380200806
-0.11095910379527175 0.7028574380200806
-0.12601672694911745 0.6593536231569028
-0.12601672694911745 0.7681131603148473
-0.14107435010296313 0.7463612528832584
-0.14107435010296313 0.7681131603148473
-0.17118959641065454 0.8333688826096141
-0.148603161679886 0.8768726974727918
-0.13354553852604029 0.8551207900412029
-0.1184879153721946 0.8116169751780251
-0.09590148064142606 0.8333688826096141
-0.12601672694911745 0.7246093454516696
-0.14107435010296313 0.7463612528832584
-0.14107435010296313 0.7246093454516696
-0.15613197325680883 0.6811055305884917
-0.15613197325680883 0.7463612528832584
-0.16366078483373167 0.7463612528832584
-0.19377603114142306 0.7898650677464362
-0.17118959641065454 0.8551207900412029
-0.148603161679886 0.8333688826096141
-0.14107435010296313 0.9203765123359696
-0.15613197325680883 0.9421284197675586
-0.12601672694911745 0.8768726974727918
-0.13354553852604029 0.7898650677464362
-0.13354553852604029 0.7246093454516696
-0.13354553852604029 0.5505940859989583
-0.12601672694911745 0.5723459934305472
-0.1184879153721946 0.5723459934305472
-0.11095910379527175 0.615849808293725
-0.13354553852604029 0.6593536231569028
-0.13354553852604029 0.7898650677464362
-0.13354553852604029 0.7463612528832584
-0.058257422756811825 0.8551207900412029
-0.028142176449120437 0.8768726974727918
0.017030693012416644 0.9421284197675586
0.03961712774318518 0.9421284197675586
0.06220356247395373 0.9203765123359696
0.054674750897030874 0.9203765123359696
0.032088316166262336 0.8768726974727918
0.032088316166262336 0.8551207900412029
0.009501881435493797 0.7463612528832584
0.009501881435493797 0.7681131603148473
0.017030693012416644 0.7463612528832584
0.054674750897030874 0.7681131603148473
0.09984762035856795 0.7681131603148473
0.16007811297395072 0.8768726974727918
0.18266454770471927 0.8333688826096141
0.1901933592816421 0.8333688826096141
0.1901933592816421 0.8333688826096141
0.1676069245508736 0.7246093454516696
0.14502048982010504 0.6376017157253139
0.12996286666625934 0.5723459934305472
0.1224340550893365 0.5505940859989583
0.07726118562779942 0.5505940859989583
0.07726118562779942 0.5940979008621361
0.06973237405087657 0.7028574380200806
0.08478999720472226 0.7246093454516696
0.09231880878164511 0.8116169751780251
0.07726118562779942 0.7681131603148473
0.06973237405087657 0.7246093454516696
0.03961712774318518 0.615849808293725
0.0019730698585709505 0.4635864562726027
-0.06578623433373466 0.4853383637041916
-0.13354553852604029 0.4853383637041916
-0.148603161679886 0.5070902711357804
-0.17871840798757738 0.615849808293725
-0.2314200890260373 0.7681131603148473
-0.24647771217988299 0.8116169751780251
-0.2540065237568058 0.8333688826096141
-0.22389127744911444 0.8333688826096141
-0.20130484271834592 0.7028574380200806
-0.17118959641065454 0.5940979008621361
-0.16366078483373167 0.5723459934305472
-0.16366078483373167 0.5288421785673694
-0.17871840798757738 0.35482691911465813
-0.18624721956450022 0.3765788265462471
-0.19377603114142306 0.39833073397783597
-0.20883365429526876 0.39833073397783597
-0.19377603114142306 0.3765788265462471
-0.20130484271834592 0.5723459934305472
-0.20883365429526876 0.6376017157253139
-0.18624721956450022 0.7463612528832584
-0.17871840798757738 0.7246093454516696
-0.18624721956450022 0.7028574380200806
-0.16366078483373167 0.7246093454516696
-0.18624721956450022 0.5940979008621361
-0.18624721956450022 0.35482691911465813
-0.1184879153721946 0.15905975223035804
-0.02061336487219759 -0.12371504438029769
0.16007811297395072 -0.3194822112645978
0.4537017644739417 -0.5370012855804869
0.7774406622816241 -0.7980241747595537
1.1538812411277666 -1.0590470639386205
1.5905523125892915 -1.2983180456860985
2.057338630358508 -1.6898523794546987
2.524124948127725 -1.9726271760653544
3.005968889050787 -2.25540197267601
3.5254568878584633 -2.4076653246971325
4.007300828781525 -2.298905787539188
4.3460973497430535 -1.9726271760653544
4.481615958127665 -1.5593409348651652
4.3762125960507445 -0.9937913416438539
3.9094262782815283 -0.5805051004436647
3.073728193243092 -0.34123411869618675
2.110040311396968 -0.25422648896983113
1.1463524295508436 -0.27597839640142
0.18266454770471927 -0.25422648896983113
-0.7810233341414051 -0.16721885924347551
-1.2402808403336987 0.07205212250400242
-1.0671181740644733 0.15905975223035804
-0.7057352183721767 0.24606738195671365
-0.3142370163721886 0.28957119681989146
-0.035670988026043286 0.28957119681989146
0.12996286666625934 0.31132310425148035
0.15254930139702788 0.39833073397783597
0.11490524351241366 0.39833073397783597
0.017030693012416644 0.4853383637041916
-0.035670988026043286 0.4853383637041916
-0.08084385748758037 0.42008264140942486
-0.13354553852604029 0.5288421785673694
-0.14107435010296313 0.4853383637041916
-0.17871840798757738 0.5723459934305472
-0.20130484271834592 0.5505940859989583
-0.18624721956450022 0.44183454884101375
-0.18624721956450022 0.4853383637041916
-0.20883365429526876 0.4635864562726027
-0.20883365429526876 0.5070902711357804
-0.22389127744911444 0.4853383637041916
-0.20883365429526876 0.5940979008621361
-0.17118959641065454 0.7028574380200806
-0.16366078483373167 0.6593536231569028
-0.15613197325680883 0.7028574380200806
-0.15613197325680883 0.6593536231569028
-0.148603161679886 0.5940979008621361
-0.18624721956450022 0.5723459934305472
-0.17118959641065454 0.5288421785673694
-0.17118959641065454 0.5288421785673694
-0.19377603114142306 0.5288421785673694
-0.17118959641065454 0.5288421785673694
-0.15613197325680883 0.5723459934305472
-0.15613197325680883 0.6593536231569028
-0.12601672694911745 0.6376017157253139
-0.11095910379527175 0.7028574380200806
-0.13354553852604029 0.7028574380200806
-0.11095910379527175 0.6811055305884917
-0.14107435010296313 0.6593536231569028
-0.12601672694911745 0.6593536231569028
-0.14107435010296313 0.6811055305884917
-0.14107435010296313 0.5940979008621361
-0.15613197325680883 0.5723459934305472
-0.15613197325680883 0.5723459934305472
-0.1184879153721946 0.615849808293725
-0.08837266906450321 0.6593536231569028
-0.07331504591065752 0.7246093454516696
-0.028142176449120437 0.7246093454516696
0.009501881435493797 0.6811055305884917
-0.0055557417183518965 0.7028574380200806
0.017030693012416644 0.7463612528832584
0.032088316166262336 0.6811055305884917
0.04714593932010803 0.7463612528832584
0.06973237405087657 0.7463612528832584
0.08478999720472226 0.7028574380200806
0.11490524351241366 0.7246093454516696
0.11490524351241366 0.6593536231569028
0.1374916782431822 0.8333688826096141
0.18266454770471927 0.8551207900412029
0.22783741716625636 0.7898650677464362
0.25795266347394774 0.8333688826096141
0.25795266347394774 0.8333688826096141
0.2805390982047163 0.8116169751780251
0.30312553293548483 0.7898650677464362
0.3257119676662534 0.8333688826096141
0.35582721397394473 0.7681131603148473
0.38594246028163615 0.7681131603148473
0.4160577065893275 0.7898650677464362
0.47628819920471027 0.7681131603148473
0.5139322570893246 0.8768726974727918
0.5591051265508616 0.9856322346307363
0.589220372858553 0.9421284197675586
0.5967491844354759 1.0291360494939141
0.5816915612816301 1.0073841420623253
0.5816915612816301 0.9421284197675586
0.5967491844354759 0.9421284197675586
0.6118068075893215 0.8768726974727918
0.6494508654739358 0.8333688826096141
0.6720373002047043 0.7681131603148473
0.6645084886277814 0.8116169751780251
0.6645084886277814 0.8768726974727918
0.6569796770508586 0.8551207900412029
0.6343932423200901 0.9856322346307363
0.6268644307431672 0.9856322346307363
0.6494508654739358 0.8551207900412029
0.5967491844354759 0.7463612528832584
0.6042779960123987 0.6811055305884917
0.5816915612816301 0.7028574380200806
0.5440475033970159 0.6376017157253139
0.5139322570893246 0.6376017157253139
0.4461729528970189 0.5940979008621361
0.39347127185855896 0.5070902711357804
0.3633560255508676 0.5070902711357804
0.3257119676662534 0.5940979008621361
0.29559672135856196 0.5288421785673694
0.25795266347394774 0.5070902711357804
0.1901933592816421 0.44183454884101375
0.14502048982010504 0.33307501168306924
0.07726118562779942 0.18081165966194693
0.04714593932010803 0.18081165966194693
0.0019730698585709505 0.15905975223035804
-0.035670988026043286 0.18081165966194693
-0.028142176449120437 0.18081165966194693
-0.05072861117988898 0.15905975223035804
-0.04319979960296613 0.13730784479876915
-0.06578623433373466 0.11555593736718023
-0.08084385748758037 0.13730784479876915
-0.11095910379527175 0.13730784479876915
-0.1184879153721946 0.15905975223035804
-0.14107435010296313 0.20256356709353585
-0.14107435010296313 0.15905975223035804
-0.15613197325680883 0.02854830764082462
-0.16366078483373167 -0.03670741465394209
-0.17871840798757738 -0.0802112295171199
-0.18624721956450022 -0.1889707666750644
-0.16366078483373167 -0.0802112295171199
-0.12601672694911745 0.006796400209235718
-0.1034302922183489 0.006796400209235718
-0.08837266906450321 0.05030021507241352
-0.09590148064142606 0.07205212250400242
-0.08084385748758037 0.07205212250400242
-0.09590148064142606 -0.014955507222353184
-0.11095910379527175 -0.03670741465394209
-0.12601672694911745 -0.014955507222353184
-0.13354553852604029 0.02854830764082462
-0.15613197325680883 0.11555593736718023
-0.15613197325680883 0.09380402993559132
-0.12601672694911745 0.09380402993559132
-0.11095910379527175 0.05030021507241352
-0.11095910379527175 0.07205212250400242
-0.09590148064142606 0.07205212250400242
-0.06578623433373466 0.07205212250400242
-0.06578623433373466 0.05030021507241352
-0.08084385748758037 0.006796400209235718
-0.09590148064142606 0.02854830764082462
-0.08837266906450321 -0.014955507222353184
-0.08837266906450321 -0.014955507222353184
-0.08837266906450321 -0.03670741465394209
-0.07331504591065752 0.02854830764082462
-0.04319979960296613 0.006796400209235718
-0.028142176449120437 0.13730784479876915
-0.0055557417183518965 0.18081165966194693
-0.0055557417183518965 0.22431547452512474
0.0019730698585709505 0.18081165966194693
-0.013084553295274743 0.13730784479876915
-0.035670988026043286 0.02854830764082462
-0.04319979960296613 -0.05845932208553099
-0.04319979960296613 -0.12371504438029769
-0.07331504591065752 -0.0802112295171199
-0.08837266906450321 -0.10196313694870879
-0.08084385748758037 -0.03670741465394209
-0.06578623433373466 0.02854830764082462
-0.058257422756811825 0.07205212250400242
-0.06578623433373466 0.13730784479876915
-0.028142176449120437 0.13730784479876915
-0.028142176449120437 0.05030021507241352
-0.02061336487219759 0.006796400209235718
-0.05072861117988898 -0.0802112295171199
-0.035670988026043286 -0.16721885924347551
-0.08084385748758037 -0.1454669518118866
-0.1034302922183489 -0.1454669518118866
-0.1184879153721946 -0.12371504438029769
-0.15613197325680883 -0.014955507222353184
-0.16366078483373167 -0.03670741465394209
-0.15613197325680883 -0.05845932208553099
-0.12601672694911745 -0.12371504438029769
-0.1034302922183489 -0.12371504438029769
-0.1034302922183489 -0.2107226741066533
-0.09590148064142606 -0.1454669518118866
-0.1034302922183489 -0.16721885924347551
-0.12601672694911745 -0.1454669518118866
-0.13354553852604029 -0.25422648896983113
-0.13354553852604029 -0.23247458153824221
-0.14107435010296313 -0.25422648896983113
-0.12601672694911745 -0.2107226741066533
-0.12601672694911745 -0.23247458153824221
-0.1184879153721946 -0.0802112295171199
-0.1034302922183489 -0.0802112295171199
-0.11095910379527175 -0.014955507222353184
-0.09590148064142606 -0.10196313694870879
-0.1034302922183489 -0.05845932208553099
-0.12601672694911745 -0.1454669518118866
-0.148603161679886 -0.1889707666750644
-0.17871840798757738 -0.1889707666750644
-0.20883365429526876 -0.16721885924347551
-0.2163624658721916 -0.1454669518118866
-0.20130484271834592 -0.25422648896983113
-0.15613197325680883 -0.1889707666750644
-0.13354553852604029 -0.25422648896983113
-0.13354553852604029 -0.16721885924347551
-0.1034302922183489 -0.16721885924347551
-0.07331504591065752 -0.2107226741066533
-0.08084385748758037 -0.1889707666750644
-0.13354553852604029 -0.25422648896983113
-0.15613197325680883 -0.2107226741066533
-0.16366078483373167 -0.34123411869618675
-0.17871840798757738 -0.36298602612777564
-0.16366078483373167 -0.27597839640142
-0.16366078483373167 -0.27597839640142
-0.148603161679886 -0.23247458153824221
-0.14107435010296313 -0.0802112295171199
-0.1184879153721946 -0.0802112295171199
-0.12601672694911745 -0.03670741465394209
-0.09590148064142606 -0.0802112295171199
-0.04319979960296613 0.05030021507241352
-0.035670988026043286 0.006796400209235718
-0.028142176449120437 -0.10196313694870879
-0.035670988026043286 -0.1889707666750644
-0.02061336487219759 -0.25422648896983113
0.009501881435493797 -0.34123411869618675
0.02455950458933949 -0.2107226741066533
0.04714593932010803 -0.05845932208553099
0.07726118562779942 -0.03670741465394209
0.06220356247395373 -0.014955507222353184
0.08478999720472226 -0.05845932208553099
0.08478999720472226 -0.05845932208553099
0.06973237405087657 -0.12371504438029769
0.06220356247395373 -0.23247458153824221
0.09231880878164511 -0.36298602612777564
0.11490524351241366 -0.4282417484225423
0.14502048982010504 -0.47174556328572015
0.18266454770471927 -0.38473793355936453
0.22030860558933352 -0.3194822112645978
0.22783741716625636 -0.3194822112645978
0.2353662287431792 -0.25422648896983113
0.19772217085856497 -0.16721885924347551
0.17513573612779643 -0.05845932208553099
0.18266454770471927 -0.12371504438029769
0.17513573612779643 -0.16721885924347551
0.16007811297395072 -0.2107226741066533
0.1374916782431822 -0.27597839640142
0.1224340550893365 -0.38473793355936453
0.08478999720472226 -0.2977303038330089
0.054674750897030874 -0.36298602612777564
0.02455950458933949 -0.4064898409909534
-0.035670988026043286 -0.27597839640142
-0.028142176449120437 -0.3194822112645978
-0.07331504591065752 -0.3194822112645978
-0.08084385748758037 -0.27597839640142
-0.1034302922183489 -0.27597839640142
-0.13354553852604029 -0.34123411869618675
-0.16366078483373167 -0.34123411869618675
-0.20883365429526876 -0.34123411869618675
-0.20883365429526876 -0.36298602612777564
-0.20130484271834592 -0.44999365585413126
-0.2163624658721916 -0.49349747071730904
-0.20130484271834592 -0.5805051004436647
-0.2163624658721916 -0.6675127301700202
-0.2163624658721916 -0.6022570078752536
-0.2163624658721916 -0.44999365585413126
-0.20883365429526876 -0.4282417484225423
-0.19377603114142306 -0.4064898409909534
-0.18624721956450022 -0.25422648896983113
-0.15613197325680883 -0.38473793355936453
-0.14107435010296313 -0.38473793355936453
-0.14107435010296313 -0.49349747071730904
-0.15613197325680883 -0.5152493781488979
-0.15613197325680883 -0.7110165450331981
-0.13354553852604029 -0.7980241747595537
-0.08837266906450321 -0.9720394342122649
0.08478999720472226 -1.189558508528154
0.29559672135856196 -1.4940852125703985
0.6193356191662444 -1.7986119166126433
1.0484778790508467 -2.081386713223299
1.5303218199739088 -2.4294172321287215
2.0498098187815854 -2.712192028739377
2.546711382858493 -2.973214917918444
3.0586705700892467 -3.234237807097511
3.5480433225892316 -3.4735087888449887
3.9922432056276795 -3.5170126037081664
4.421385465512282 -3.321245436823866
4.662307435973813 -3.0167187327816216
4.737595551743041 -2.4294172321287215
4.594548131781507 -1.9291233612021765
4.0825889445507535 -1.4940852125703985
3.179131555320012 -1.2113104159597428
2.215443673473888 -1.1243027862333872
1.2517557916277635 -1.1243027862333872
0.28806790978163915 -1.0590470639386205
-0.6756199720644852 -1.0372951565070316
-1.1122910435260103 -0.9937913416438539
-0.7810233341414051 -0.8632798970543204
-0.32176582794911146 -0.6457608227384314
0.054674750897030874 -0.5152493781488979
0.2730102866277934 -0.38473793355936453
0.29559672135856196 -0.34123411869618675
0.19772217085856497 -0.34123411869618675
0.04714593932010803 -0.47174556328572015
-0.06578623433373466 -0.49349747071730904
-0.16366078483373167 -0.49349747071730904
-0.22389127744911444 -0.5805051004436647
-0.20130484271834592 -0.5587531930120757
-0.20130484271834592 -0.5587531930120757
-0.17118959641065454 -0.44999365585413126
-0.16366078483373167 -0.4282417484225423
-0.17871840798757738 -0.47174556328572015
-0.19377603114142306 -0.4282417484225423
-0.16366078483373167 -0.36298602612777564
-0.12601672694911745 -0.25422648896983113
-0.11095910379527175 -0.27597839640142
-0.1034302922183489 -0.2107226741066533
-0.1034302922183489 -0.27597839640142
-0.11095910379527175 -0.25422648896983113
-0.13354553852604029 -0.34123411869618675
-0.14107435010296313 -0.4064898409909534
-0.13354553852604029 -0.4282417484225423
-0.148603161679886 -0.44999365585413126
-0.148603161679886 -0.4282417484225423
-0.12601672694911745 -0.4064898409909534
-0.1034302922183489 -0.3194822112645978
-0.09590148064142606 -0.27597839640142
-0.058257422756811825 -0.2107226741066533
-0.035670988026043286 -0.25422648896983113
-0.013084553295274743 -0.25422648896983113
-0.013084553295274743 -0.34123411869618675
-0.013084553295274743 -0.47174556328572015
-0.02061336487219759 -0.44999365585413126
-0.028142176449120437 -0.5152493781488979
-0.0055557417183518965 -0.4064898409909534
0.0019730698585709505 -0.27597839640142
0.02455950458933949 -0.1889707666750644
0.032088316166262336 -0.2107226741066533
0.054674750897030874 -0.1889707666750644
0.08478999720472226 -0.27597839640142
0.1073764319354908 -0.36298602612777564
0.12996286666625934 -0.34123411869618675
0.1073764319354908 -0.36298602612777564
0.09984762035856795 -0.4064898409909534
0.14502048982010504 -0.2977303038330089
0.1676069245508736 -0.2107226741066533
0.18266454770471927 -0.16721885924347551
0.22030860558933352 -0.0802112295171199
0.24289504032010203 -0.05845932208553099
0.2805390982047163 -0.05845932208553099
0.3332407792431762 -0.014955507222353184
0.37088483712779047 0.07205212250400242
0.38594246028163615 0.02854830764082462
0.4010000834354818 0.02854830764082462
0.4085288950124047 -0.12371504438029769
0.42358651816625037 -0.1454669518118866
0.43864414132009605 -0.12371504438029769
0.47628819920471027 -0.03670741465394209
0.491345822358556 -0.03670741465394209
0.5139322570893246 0.02854830764082462
0.5816915612816301 0.07205212250400242
0.6569796770508586 0.11555593736718023
0.7247389812431643 0.07205212250400242
0.7548542275508556 0.11555593736718023
0.7623830391277785 0.07205212250400242
0.784969473858547 -0.014955507222353184
0.8075559085893156 0.02854830764082462
0.8075559085893156 0.05030021507241352
0.8000270970123927 0.05030021507241352
0.784969473858547 0.07205212250400242
0.7924982854354699 0.05030021507241352
0.784969473858547 0.11555593736718023
0.8000270970123927 0.11555593736718023
0.8000270970123927 0.15905975223035804
0.7924982854354699 0.22431547452512474
0.8226135317431612 0.13730784479876915
0.8301423433200841 0.11555593736718023
0.784969473858547 0.02854830764082462
0.784969473858547 -0.05845932208553099
0.7397966043970099 -0.16721885924347551
0.68709492335855 -0.16721885924347551
0.6494508654739358 -0.16721885924347551
0.6042779960123987 -0.34123411869618675
0.5440475033970159 -0.34123411869618675
0.47628819920471027 -0.2977303038330089
0.4461729528970189 -0.34123411869618675
0.3784136487047133 -0.3194822112645978
0.35582721397394473 -0.2977303038330089
0.2730102866277934 -0.3194822112645978
0.21277979401241065 -0.25422648896983113
0.15254930139702788 -0.36298602612777564
0.09231880878164511 -0.47174556328572015
0.032088316166262336 -0.47174556328572015
-0.0055557417183518965 -0.6022570078752536
0.0019730698585709505 -0.6675127301700202
-0.028142176449120437 -0.7545203598963759
-0.028142176449120437 -0.6675127301700202
-0.058257422756811825 -0.6457608227384314
-0.07331504591065752 -0.5370012855804869
-0.058257422756811825 -0.5805051004436647
-0.1034302922183489 -0.6022570078752536
-0.14107435010296313 -0.6457608227384314
-0.17871840798757738 -0.732768452464787
-0.19377603114142306 -0.7545203598963759
-0.2314200890260373 -0.7110165450331981
-0.2615353353337287 -0.6892646376016092
-0.2540065237568058 -0.6457608227384314
-0.2615353353337287 -0.5587531930120757
-0.23894890060296015 -0.49349747071730904
-0.23894890060296015 -0.5370012855804869
-0.2540065237568058 -0.6022570078752536
-0.20883365429526876 -0.6240089153068424
-0.20130484271834592 -0.6457608227384314
-0.20130484271834592 -0.6022570078752536
-0.19377603114142306 -0.6240089153068424
-0.2163624658721916 -0.6892646376016092
-0.2314200890260373 -0.732768452464787
-0.23894890060296015 -0.732768452464787
-0.26906414691065156 -0.732768452464787
-0.26906414691065156 -0.7110165450331981
-0.26906414691065156 -0.6240089153068424
-0.2314200890260373 -0.5587531930120757
-0.20130484271834592 -0.5370012855804869
-0.17871840798757738 -0.5370012855804869
-0.17118959641065454 -0.5805051004436647
-0.18624721956450022 -0.6240089153068424
-0.18624721956450022 -0.6675127301700202
-0.19377603114142306 -0.6457608227384314
-0.2163624658721916 -0.6675127301700202
-0.20130484271834592 -0.6675127301700202
-0.22389127744911444 -0.5152493781488979
-0.20883365429526876 -0.5587531930120757
-0.19377603114142306 -0.6022570078752536
-0.20883365429526876 -0.6675127301700202
-0.18624721956450022 -0.7110165450331981
-0.15613197325680883 -0.732768452464787
-0.19377603114142306 -0.7762722673279647
-0.17118959641065454 -0.6892646376016092
-0.17871840798757738 -0.6675127301700202
-0.2163624658721916 -0.7545203598963759
-0.22389127744911444 -0.6457608227384314
-0.2540065237568058 -0.7110165450331981
-0.27659295848757437 -0.7545203598963759
-0.26906414691065156 -0.8632798970543204
-0.24647771217988299 -0.8197760821911426
-0.2163624658721916 -0.7110165450331981
-0.20883365429526876 -0.5805051004436647
-0.20883365429526876 -0.6675127301700202
-0.20883365429526876 -0.6240089153068424
-0.23894890060296015 -0.6457608227384314
-0.2615353353337287 -0.7110165450331981
-0.28412177006449724 -0.8415279896227315
-0.2991793932183429 -0.8415279896227315
-0.3142370163721886 -0.8850318044859092
-0.3518810742568029 -0.8632798970543204
-0.3518810742568029 -0.7980241747595537
-0.34435226267988 -0.6457608227384314
-0.33682345110295714 -0.6022570078752536
-0.3067082047952658 -0.6022570078752536
-0.27659295848757437 -0.6675127301700202
-0.27659295848757437 -0.732768452464787
-0.28412177006449724 -0.7980241747595537
-0.2991793932183429 -0.8632798970543204
-0.32176582794911146 -0.8415279896227315
-0.36693869741064855 -0.7762722673279647
-0.37446750898757136 -0.7545203598963759
-0.4045827552952628 -0.7762722673279647
-0.38199632056449423 -0.7980241747595537
-0.3518810742568029 -0.7980241747595537
-0.3292946395260343 -0.8197760821911426
-0.3292946395260343 -0.7762722673279647
-0.32176582794911146 -0.7545203598963759
-0.3594098858337257 -0.7545203598963759
-0.3518810742568029 -0.9067837119174982
-0.4045827552952628 -0.950287526780676
-0.4045827552952628 -0.9720394342122649
-0.4045827552952628 -0.9067837119174982
-0.41964037844910845 -0.950287526780676
-0.4045827552952628 -0.9720394342122649
-0.4271691900260313 -0.8632798970543204
-0.4346980016029542 -0.7980241747595537
-0.4271691900260313 -0.6892646376016092
-0.4045827552952628 -0.6675127301700202
-0.38199632056449423 -0.6240089153068424
-0.37446750898757136 -0.7762722673279647
-0.37446750898757136 -0.7110165450331981
-0.4045827552952628 -0.8197760821911426
-0.41211156687218564 -0.8850318044859092
-0.41964037844910845 -0.8415279896227315
-0.442226813179877 -0.8850318044859092
-0.4798708710644912 -0.8197760821911426
-0.4798708710644912 -0.7110165450331981
-0.3970539437183399 -0.7110165450331981
-0.3594098858337257 -0.6675127301700202
-0.32176582794911146 -0.5805051004436647
-0.29165058164142005 -0.6675127301700202
-0.26906414691065156 -0.6675127301700202
-0.28412177006449724 -0.5805051004436647
-0.29165058164142005 -0.6457608227384314
-0.3142370163721886 -0.6240089153068424
-0.3292946395260343 -0.6892646376016092
-0.3142370163721886 -0.732768452464787
-0.3142370163721886 -0.6675127301700202
-0.29165058164142005 -0.6892646376016092
-0.26906414691065156 -0.7110165450331981
-0.2615353353337287 -0.6892646376016092
-0.23894890060296015 -0.6675127301700202
-0.22389127744911444 -0.7110165450331981
-0.20883365429526876 -0.6892646376016092
-0.16366078483373167 -0.6892646376016092
-0.16366078483373167 -0.8850318044859092
-0.148603161679886 -0.9720394342122649
-0.148603161679886 -1.0155432490754428
-0.17871840798757738 -1.1243027862333872
-0.20130484271834592 -1.0590470639386205
-0.2540065237568058 -0.9285356193490871
-0.28412177006449724 -0.7762722673279647
-0.2991793932183429 -0.732768452464787
-0.29165058164142005 -0.732768452464787
-0.3142370163721886 -0.7762722673279647
-0.3067082047952658 -0.8632798970543204
-0.32176582794911146 -0.950287526780676
-0.3292946395260343 -1.0807989713702093
-0.38199632056449423 -1.1025508788017984
-0.41964037844910845 -0.9720394342122649
-0.4346980016029542 -0.9937913416438539
-0.442226813179877 -0.9720394342122649
-0.46481324791064554 -0.9067837119174982
-0.49492849421833696 -0.8197760821911426
-0.5325725521029512 -0.8415279896227315
-0.540101363679874 -0.7980241747595537
-0.540101363679874 -0.7762722673279647
-0.5476301752567969 -0.950287526780676
-0.5551589868337197 -1.0155432490754428
-0.5626877984106425 -1.0590470639386205
-0.5626877984106425 -1.146054693664976
-0.5852742331414111 -1.1025508788017984
-0.5852742331414111 -1.0590470639386205
-0.5928030447183339 -1.0372951565070316
-0.5852742331414111 -0.950287526780676
-0.5099861173721826 -0.7980241747595537
-0.4873996826414141 -0.732768452464787
-0.46481324791064554 -0.6675127301700202
-0.4723420594875684 -0.6240089153068424
-0.4873996826414141 -0.732768452464787
-0.4873996826414141 -0.7980241747595537
-0.4798708710644912 -0.9720394342122649
-0.44975562475679987 -1.189558508528154
-0.3594098858337257 -1.385325675412454
-0.20883365429526876 -1.7551081017494654
0.0019730698585709505 -2.081386713223299
0.34076959082009906 -2.3424096024023657
0.8226135317431612 -2.6904401213077884
1.3722167768585292 -2.907959195623677
2.012165760896971 -3.168982084802744
2.689758802820027 -3.3429973442554552
3.3748806563200064 -3.4952606962765778
3.9470703361661426 -3.2994935293922776
4.3159821034353625 -2.973214917918444
4.4364430886661275 -2.472921046991899
4.150348248743059 -1.9726271760653544
3.3522942215892377 -1.6463485645915208
2.3886063397431134 -1.624596657159932
1.424918457896989 -1.7551081017494654
0.4612305760508646 -1.8856195463389989
-0.5024573057952598 -1.842115731475821
-1.4661451876413842 -1.7551081017494654
-1.5640197381413812 -1.5158371200019876
-1.1649927245644702 -1.363573767980865
-0.6831487836414081 -1.2330623233913318
-0.37446750898757136 -1.189558508528154
-0.20883365429526876 -1.189558508528154
-0.20883365429526876 -1.146054693664976
-0.2314200890260373 -1.2113104159597428
-0.29165058164142005 -1.146054693664976
-0.36693869741064855 -1.0807989713702093
-0.4045827552952628 -1.0155432490754428
-0.41964037844910845 -0.9937913416438539
-0.4271691900260313 -1.0155432490754428
-0.3895251321414171 -0.9937913416438539
-0.37446750898757136 -1.0807989713702093
-0.3895251321414171 -1.0590470639386205
-0.4045827552952628 -1.0590470639386205
-0.3895251321414171 -1.0807989713702093
-0.41211156687218564 -1.1025508788017984
-0.44975562475679987 -1.1025508788017984
-0.4572844363337227 -0.9937913416438539
-0.4346980016029542 -1.0155432490754428
-0.41964037844910845 -0.9720394342122649
-0.3895251321414171 -1.0155432490754428
-0.3518810742568029 -1.0590470639386205
-0.3142370163721886 -1.0590470639386205
-0.3142370163721886 -1.0590470639386205
-0.3142370163721886 -1.1243027862333872
-0.3142370163721886 -1.146054693664976
-0.3067082047952658 -1.167806601096565
-0.2991793932183429 -1.2330623233913318
-0.3067082047952658 -1.189558508528154
-0.27659295848757437 -1.2330623233913318
-0.27659295848757437 -1.0807989713702093
-0.24647771217988299 -1.0372951565070316
-0.2540065237568058 -0.9937913416438539
-0.2314200890260373 -0.9720394342122649
-0.17118959641065454 -0.9285356193490871
-0.12601672694911745 -1.0155432490754428
-0.11095910379527175 -1.1243027862333872
-0.1184879153721946 -1.0807989713702093
-0.1184879153721946 -1.1025508788017984
-0.11095910379527175 -1.0372951565070316
-0.09590148064142606 -0.9720394342122649
-0.1034302922183489 -1.0372951565070316
-0.08837266906450321 -0.9937913416438539
-0.07331504591065752 -0.950287526780676
-0.035670988026043286 -0.9937913416438539
-0.013084553295274743 -0.9285356193490871
0.032088316166262336 -0.9720394342122649
0.09231880878164511 -0.9285356193490871
0.09984762035856795 -0.9720394342122649
0.1374916782431822 -0.950287526780676
0.1224340550893365 -1.0372951565070316
0.18266454770471927 -1.0807989713702093
0.21277979401241065 -1.0372951565070316
0.2353662287431792 -1.0590470639386205
0.2805390982047163 -0.8415279896227315
0.31065434451240764 -0.8197760821911426
0.3482984023970219 -0.7980241747595537
0.4010000834354818 -0.732768452464787
0.43864414132009605 -0.7545203598963759
0.47628819920471027 -0.9067837119174982
0.5064034455124017 -0.9285356193490871
0.4988746339354788 -0.9720394342122649
0.491345822358556 -0.9067837119174982
0.4988746339354788 -0.9067837119174982
0.5139322570893246 -0.8632798970543204
0.5064034455124017 -0.7980241747595537
0.5591051265508616 -0.7762722673279647
0.6268644307431672 -0.6892646376016092
0.6645084886277814 -0.7110165450331981
0.68709492335855 -0.732768452464787
0.7172101696662414 -0.7110165450331981
0.7021525465123957 -0.6457608227384314
0.6795661117816272 -0.5805051004436647
0.641922053897013 -0.7545203598963759
0.6118068075893215 -0.8632798970543204
0.5741627497047073 -0.8850318044859092
0.5591051265508616 -0.9067837119174982
0.5064034455124017 -0.8415279896227315
0.43864414132009605 -0.8632798970543204
0.4461729528970189 -0.7980241747595537
0.4085288950124047 -0.7545203598963759
0.3784136487047133 -0.8197760821911426
0.34076959082009906 -0.9285356193490871
0.29559672135856196 -0.950287526780676
0.2504238518970249 -1.0590470639386205
0.21277979401241065 -1.146054693664976
0.15254930139702788 -1.2983180456860985
0.06973237405087657 -1.2765661382545095
-0.02061336487219759 -1.363573767980865
-0.06578623433373466 -1.407077582844043
-0.1034302922183489 -1.4723333051388097
-0.15613197325680883 -1.4288294902756318
-0.19377603114142306 -1.3200699531176874
-0.22389127744911444 -1.385325675412454
-0.23894890060296015 -1.3200699531176874
-0.2314200890260373 -1.2765661382545095
-0.2314200890260373 -1.363573767980865
-0.24647771217988299 -1.4723333051388097
-0.2615353353337287 -1.5158371200019876
-0.2615353353337287 -1.5375890274335764
-0.32176582794911146 -1.5375890274335764
-0.3067082047952658 -1.581092842296754
-0.32176582794911146 -1.4940852125703985
-0.3142370163721886 -1.4505813977072208
-0.3142370163721886 -1.407077582844043
-0.2991793932183429 -1.385325675412454
-0.27659295848757437 -1.407077582844043
-0.27659295848757437 -1.3200699531176874
-0.28412177006449724 -1.407077582844043
-0.2991793932183429 -1.5158371200019876
-0.3142370163721886 -1.5593409348651652
-0.3518810742568029 -1.6028447497283431
-0.33682345110295714 -1.5158371200019876
-0.32176582794911146 -1.4505813977072208
-0.3142370163721886 -1.385325675412454
-0.28412177006449724 -1.3418218605492762
-0.26906414691065156 -1.2983180456860985
-0.24647771217988299 -1.2548142308229207
-0.20883365429526876 -1.3200699531176874
-0.20130484271834592 -1.3200699531176874
-0.20883365429526876 -1.4723333051388097
-0.2314200890260373 -1.5375890274335764
-0.2540065237568058 -1.5593409348651652
-0.26906414691065156 -1.581092842296754
-0.27659295848757437 -1.624596657159932
-0.27659295848757437 -1.624596657159932
-0.26906414691065156 -1.581092842296754
-0.2615353353337287 -1.4723333051388097
-0.24647771217988299 -1.363573767980865
-0.23894890060296015 -1.3418218605492762
-0.2163624658721916 -1.3418218605492762
-0.2163624658721916 -1.4505813977072208
-0.2163624658721916 -1.6028447497283431
-0.2314200890260373 -1.5593409348651652
-0.2314200890260373 -1.6463485645915208
-0.26906414691065156 -1.6463485645915208
-0.29165058164142005 -1.6028447497283431
-0.3142370163721886 -1.6028447497283431
-0.3067082047952658 -1.4940852125703985
-0.3067082047952658 -1.4723333051388097
-0.28412177006449724 -1.4723333051388097
-0.28412177006449724 -1.4723333051388097
-0.2540065237568058 -1.4505813977072208
-0.24647771217988299 -1.4940852125703985
-0.28412177006449724 -1.5593409348651652
-0.2991793932183429 -1.6028447497283431
-0.3292946395260343 -1.6028447497283431
-0.3142370163721886 -1.6028447497283431
-0.34435226267988 -1.6028447497283431
-0.3292946395260343 -1.6463485645915208
-0.3518810742568029 -1.624596657159932
-0.33682345110295714 -1.624596657159932
-0.3292946395260343 -1.581092842296754
-0.3292946395260343 -1.5158371200019876
-0.3292946395260343 -1.4723333051388097
-0.34435226267988 -1.5158371200019876
-0.3594098858337257 -1.4940852125703985
-0.36693869741064855 -1.6028447497283431
-0.34435226267988 -1.7116042868862875
-0.37446750898757136 -1.8203638240442321
-0.37446750898757136 -1.7333561943178766
-0.37446750898757136 -1.7333561943178766
-0.3970539437183399 -1.7333561943178766
-0.41211156687218564 -1.6463485645915208
-0.38199632056449423 -1.581092842296754
-0.34435226267988 -1.4505813977072208
-0.3594098858337257 -1.4940852125703985
-0.37446750898757136 -1.5158371200019876
-0.3970539437183399 -1.6028447497283431
-0.38199632056449423 -1.6681004720231098
-0.41211156687218564 -1.6898523794546987
-0.4271691900260313 -1.842115731475821
-0.4346980016029542 -1.7768600091810542
-0.442226813179877 -1.7333561943178766
-0.442226813179877 -1.6681004720231098
-0.4271691900260313 -1.581092842296754
-0.4271691900260313 -1.581092842296754
-0.41211156687218564 -1.6028447497283431
-0.3895251321414171 -1.6463485645915208
-0.37446750898757136 -1.7551081017494654
-0.38199632056449423 -1.6463485645915208
-0.4045827552952628 -1.7116042868862875
-0.41964037844910845 -1.7551081017494654
-0.41964037844910845 -1.7333561943178766
-0.442226813179877 -1.7333561943178766
-0.44975562475679987 -1.7768600091810542
-0.44975562475679987 -1.6681004720231098
-0.41211156687218564 -1.7116042868862875
-0.4346980016029542 -1.6898523794546987
-0.41964037844910845 -1.581092842296754
-0.3895251321414171 -1.624596657159932
-0.3895251321414171 -1.581092842296754
-0.3970539437183399 -1.6898523794546987
-0.38199632056449423 -1.6463485645915208
-0.41211156687218564 -1.7333561943178766
-0.3895251321414171 -1.7116042868862875
-0.37446750898757136 -1.7551081017494654
-0.3594098858337257 -1.7551081017494654
-0.32176582794911146 -1.6898523794546987
-0.28412177006449724 -1.4723333051388097
-0.2540065237568058 -1.4505813977072208
-0.2540065237568058 -1.363573767980865
-0.20883365429526876 -1.363573767980865
-0.18624721956450022 -1.363573767980865
-0.20130484271834592 -1.5158371200019876
-0.2163624658721916 -1.581092842296754
-0.2540065237568058 -1.6681004720231098
-0.23894890060296015 -1.7768600091810542
-0.24647771217988299 -1.7333561943178766
-0.2314200890260373 -1.6681004720231098
-0.24647771217988299 -1.6681004720231098
-0.20883365429526876 -1.581092842296754
-0.19377603114142306 -1.624596657159932
-0.16366078483373167 -1.6028447497283431
-0.1034302922183489 -1.624596657159932
-0.04319979960296613 -1.624596657159932
-0.02061336487219759 -1.7333561943178766
-0.028142176449120437 -1.7551081017494654
-0.06578623433373466 -1.7551081017494654
-0.08837266906450321 -1.7986119166126433
-0.1184879153721946 -1.6898523794546987
-0.148603161679886 -1.7768600091810542
-0.20130484271834592 -1.7116042868862875
-0.20883365429526876 -1.7333561943178766
-0.20130484271834592 -1.7333561943178766
-0.2163624658721916 -1.6898523794546987
-0.20883365429526876 -1.7986119166126433
-0.28412177006449724 -1.7551081017494654
-0.2991793932183429 -1.7551081017494654
-0.34435226267988 -1.7768600091810542
-0.3970539437183399 -1.8203638240442321
-0.4572844363337227 -1.7986119166126433
-0.4873996826414141 -1.8638676389074098
-0.540101363679874 -1.8856195463389989
-0.5250437405260283 -1.8203638240442321
-0.5175149289491054 -1.8203638240442321
-0.49492849421833696 -1.7986119166126433
-0.49492849421833696 -1.7116042868862875
-0.4723420594875684 -1.7116042868862875
-0.4723420594875684 -1.7986119166126433
-0.46481324791064554 -1.7768600091810542
-0.4798708710644912 -1.8638676389074098
-0.49492849421833696 -1.842115731475821
-0.5099861173721826 -1.8856195463389989
-0.5250437405260283 -1.842115731475821
-0.5551589868337197 -1.7333561943178766
-0.5702166099875654 -1.6463485645915208
-0.5476301752567969 -1.6898523794546987
-0.5551589868337197 -1.624596657159932
-0.49492849421833696 -1.624596657159932
-0.4346980016029542 -1.6898523794546987
-0.3970539437183399 -1.8856195463389989
-0.3292946395260343 -2.1466424355180656
-0.18624721956450022 -2.472921046991899
-0.0055557417183518965 -2.799199658465733
0.2654814750508706 -3.168982084802744
0.641922053897013 -3.5170126037081664
1.0560066906277694 -3.7780354928872333
1.5002065736662173 -4.082562196929478
1.959464079858511 -4.343585086108545
2.4864808902431106 -4.6916156050139675
3.043612946935401 -4.822127049603501
3.600745003627692 -4.800375142171911
4.105175379281523 -4.669863697582378
4.474087146550742 -4.2783293638137785
4.617134566512276 -3.865043122613589
4.466558334973819 -3.3647492516870443
3.894368655127683 -2.994966825350033
2.9306807732815585 -2.733943936170966
1.966992891435434 -2.6251843990130217
1.0033050095893095 -2.4946729544234882
0.03961712774318518 -2.4076653246971325
-0.9240707541029392 -2.2336500652444213
-1.37579944871831 -2.037882898360121
-0.9918300582952448 -1.8638676389074098
-0.5250437405260283 -1.7116042868862875
-0.148603161679886 -1.6463485645915208
0.009501881435493797 -1.7116042868862875
0.03961712774318518 -1.7333561943178766
-0.06578623433373466 -1.842115731475821
-0.2163624658721916 -1.8203638240442321
-0.33682345110295714 -1.8856195463389989
-0.4271691900260313 -1.9291233612021765
-0.4572844363337227 -1.842115731475821
-0.44975562475679987 -1.7986119166126433
-0.4346980016029542 -1.7551081017494654
-0.41964037844910845 -1.6898523794546987
-0.4346980016029542 -1.6463485645915208
-0.4271691900260313 -1.7116042868862875
-0.4346980016029542 -1.7551081017494654
-0.44975562475679987 -1.7986119166126433
-0.4723420594875684 -1.8203638240442321
-0.4873996826414141 -1.842115731475821
-0.5099861173721826 -1.7986119166126433
-0.5250437405260283 -1.7986119166126433
-0.5476301752567969 -1.7116042868862875
-0.5325725521029512 -1.6898523794546987
-0.5476301752567969 -1.6028447497283431
-0.5476301752567969 -1.6898523794546987
-0.5476301752567969 -1.6028447497283431
-0.5024573057952598 -1.6898523794546987
-0.5099861173721826 -1.6898523794546987
-0.49492849421833696 -1.6898523794546987
-0.5024573057952598 -1.7768600091810542
-0.49492849421833696 -1.6898523794546987
-0.5175149289491054 -1.7986119166126433
-0.5099861173721826 -1.7333561943178766
-0.4873996826414141 -1.6898523794546987
-0.5024573057952598 -1.6681004720231098
-0.4798708710644912 -1.7116042868862875
-0.4572844363337227 -1.6028447497283431
-0.4271691900260313 -1.6028447497283431
-0.41964037844910845 -1.581092842296754
-0.3970539437183399 -1.624596657159932
-0.3895251321414171 -1.7333561943178766
-0.37446750898757136 -1.7768600091810542
-0.3594098858337257 -1.7333561943178766
-0.32176582794911146 -1.7333561943178766
-0.29165058164142005 -1.6681004720231098
-0.26906414691065156 -1.624596657159932
-0.23894890060296015 -1.4723333051388097
-0.22389127744911444 -1.4940852125703985
-0.20883365429526876 -1.4723333051388097
-0.18624721956450022 -1.4505813977072208
-0.17118959641065454 -1.581092842296754
-0.16366078483373167 -1.6028447497283431
-0.14107435010296313 -1.6028447497283431
-0.148603161679886 -1.5593409348651652
-0.13354553852604029 -1.5593409348651652
-0.08084385748758037 -1.5158371200019876
-0.035670988026043286 -1.4288294902756318
0.03961712774318518 -1.4723333051388097
0.09984762035856795 -1.4505813977072208
0.1676069245508736 -1.4505813977072208
0.22030860558933352 -1.407077582844043
0.2504238518970249 -1.385325675412454
0.2730102866277934 -1.363573767980865
0.30312553293548483 -1.2765661382545095
0.31065434451240764 -1.2983180456860985
0.31065434451240764 -1.2765661382545095
0.3332407792431762 -1.2983180456860985
0.3633560255508676 -1.2983180456860985
0.37088483712779047 -1.3418218605492762
0.38594246028163615 -1.2548142308229207
0.4160577065893275 -1.2113104159597428
0.4461729528970189 -1.1243027862333872
0.46875938762778746 -1.146054693664976
0.47628819920471027 -1.1243027862333872
0.5214610686662474 -1.2113104159597428
0.5214610686662474 -1.3418218605492762
0.5139322570893246 -1.2983180456860985
0.4988746339354788 -1.3200699531176874
0.47628819920471027 -1.363573767980865
0.43864414132009605 -1.4505813977072208
0.42358651816625037 -1.4940852125703985
0.38594246028163615 -1.5158371200019876
0.3332407792431762 -1.5158371200019876
0.3257119676662534 -1.5158371200019876
0.25795266347394774 -1.581092842296754
0.2052509824354878 -1.624596657159932
0.16007811297395072 -1.6028447497283431
0.1073764319354908 -1.7333561943178766
0.032088316166262336 -1.7768600091810542
-0.035670988026043286 -1.8638676389074098
-0.09590148064142606 -1.842115731475821
-0.148603161679886 -1.9073714537705877
-0.18624721956450022 -1.8856195463389989
-0.23894890060296015 -1.8638676389074098
-0.23894890060296015 -1.8638676389074098
-0.32176582794911146 -1.8638676389074098
-0.34435226267988 -1.842115731475821
-0.38199632056449423 -1.8638676389074098
-0.41964037844910845 -1.8856195463389989
-0.4572844363337227 -1.9726271760653544
-0.46481324791064554 -2.081386713223299
-0.49492849421833696 -2.124890528086477
-0.5024573057952598 -2.124890528086477
-0.5325725521029512 -2.103138620654888
-0.5175149289491054 -1.9943790834969433
-0.5250437405260283 -1.9508752686337656
-0.5175149289491054 -1.8638676389074098
-0.5250437405260283 -1.7986119166126433
-0.5099861173721826 -1.842115731475821
-0.4798708710644912 -1.9508752686337656
-0.5024573057952598 -2.037882898360121
-0.540101363679874 -2.081386713223299
-0.5551589868337197 -2.1901462503812437
-0.5852742331414111 -2.298905787539188
-0.5928030447183339 -2.25540197267601
-0.5852742331414111 -2.2336500652444213
-0.5702166099875654 -2.103138620654888
-0.5325725521029512 -2.103138620654888
-0.5024573057952598 -2.016130990928532
-0.46481324791064554 -2.016130990928532
-0.49492849421833696 -2.037882898360121
-0.46481324791064554 -1.9943790834969433
-0.4798708710644912 -2.037882898360121
-0.4723420594875684 -2.081386713223299
-0.49492849421833696 -2.081386713223299
-0.4873996826414141 -2.103138620654888
-0.49492849421833696 -2.124890528086477
-0.49492849421833696 -2.124890528086477
-0.4873996826414141 -2.124890528086477
-0.4798708710644912 -2.016130990928532
-0.4572844363337227 -2.05963480579171
-0.4346980016029542 -2.016130990928532
-0.41964037844910845 -2.05963480579171
-0.41964037844910845 -1.9943790834969433
-0.442226813179877 -2.016130990928532
-0.4346980016029542 -2.1901462503812437
-0.442226813179877 -2.124890528086477
-0.4798708710644912 -2.1901462503812437
-0.4798708710644912 -2.2118981578128323
-0.49492849421833696 -2.124890528086477
-0.49492849421833696 -2.016130990928532
-0.5099861173721826 -1.9726271760653544
-0.49492849421833696 -1.9943790834969433
-0.49492849421833696 -2.05963480579171
-0.4798708710644912 -2.05963480579171
-0.4873996826414141 -2.05963480579171
-0.5024573057952598 -2.103138620654888
-0.5099861173721826 -2.124890528086477
-0.5099861173721826 -2.1466424355180656
-0.5175149289491054 -2.1683943429496546
-0.5325725521029512 -2.1466424355180656
-0.540101363679874 -2.1466424355180656
-0.5551589868337197 -2.103138620654888
-0.540101363679874 -2.05963480579171
-0.5325725521029512 -2.037882898360121
-0.5250437405260283 -2.037882898360121
-0.5099861173721826 -2.081386713223299
-0.5250437405260283 -2.103138620654888
-0.5476301752567969 -2.05963480579171
-0.540101363679874 -2.2336500652444213
-0.5476301752567969 -2.1683943429496546
-0.6003318562952568 -2.2118981578128323
-0.5928030447183339 -2.2118981578128323
-0.6153894794491025 -2.1466424355180656
-0.6229182910260254 -2.081386713223299
-0.5852742331414111 -2.081386713223299
-0.6003318562952568 -2.081386713223299
-0.5476301752567969 -2.037882898360121
-0.540101363679874 -1.9943790834969433
-0.540101363679874 -1.9726271760653544
-0.5325725521029512 -1.9508752686337656
-0.5551589868337197 -1.9508752686337656
-0.5551589868337197 -2.05963480579171
-0.5852742331414111 -2.1466424355180656
-0.5777454215644883 -2.2336500652444213
-0.5928030447183339 -2.25540197267601
-0.6153894794491025 -2.3424096024023657
-0.6078606678721796 -2.2336500652444213
-0.6153894794491025 -2.1683943429496546
-0.5777454215644883 -2.1466424355180656
-0.5702166099875654 -2.037882898360121
-0.5551589868337197 -2.081386713223299
-0.5702166099875654 -2.1466424355180656
-0.540101363679874 -2.1683943429496546
-0.5551589868337197 -2.2336500652444213
-0.5777454215644883 -2.277153880107599
-0.5777454215644883 -2.277153880107599
-0.6003318562952568 -2.2118981578128323
-0.5852742331414111 -2.1466424355180656
-0.5928030447183339 -2.016130990928532
-0.5551589868337197 -1.9943790834969433
-0.5325725521029512 -1.9726271760653544
-0.46481324791064554 -1.8856195463389989
-0.4346980016029542 -1.8856195463389989
-0.4045827552952628 -1.9291233612021765
-0.4271691900260313 -1.9508752686337656
-0.4346980016029542 -1.9726271760653544
-0.4572844363337227 -1.9726271760653544
-0.442226813179877 -2.081386713223299
-0.4271691900260313 -2.037882898360121
-0.44975562475679987 -2.05963480579171
-0.41211156687218564 -2.05963480579171
-0.3895251321414171 -2.081386713223299
-0.37446750898757136 -2.081386713223299
-0.32176582794911146 -2.016130990928532
-0.2991793932183429 -1.9943790834969433
-0.29165058164142005 -2.081386713223299
-0.3142370163721886 -2.1901462503812437
-0.2991793932183429 -2.2336500652444213
-0.29165058164142005 -2.364161509833955
-0.29165058164142005 -2.2336500652444213
-0.29165058164142005 -2.1901462503812437
-0.3067082047952658 -2.1683943429496546
-0.28412177006449724 -2.103138620654888
-0.27659295848757437 -2.016130990928532
-0.26906414691065156 -1.9943790834969433
-0.26906414691065156 -1.9508752686337656
-0.26906414691065156 -2.016130990928532
-0.2991793932183429 -2.1466424355180656
-0.3292946395260343 -2.2118981578128323
-0.3594098858337257 -2.298905787539188
-0.38199632056449423 -2.3206576949707767
-0.44975562475679987 -2.3206576949707767
-0.49492849421833696 -2.277153880107599
-0.5476301752567969 -2.2336500652444213
-0.5777454215644883 -2.25540197267601
-0.6078606678721796 -2.25540197267601
-0.6304471026029482 -2.277153880107599
-0.637975914179871 -2.3424096024023657
-0.637975914179871 -2.3206576949707767
-0.6680911604875625 -2.25540197267601
-0.6982064067952538 -2.298905787539188
-0.6906775952183309 -2.277153880107599
-0.6906775952183309 -2.3206576949707767
-0.7132640299490995 -2.298905787539188
-0.7057352183721767 -2.3424096024023657
-0.7132640299490995 -2.25540197267601
-0.6906775952183309 -2.277153880107599
-0.6530335373337167 -2.1466424355180656
-0.6455047257567939 -2.103138620654888
-0.6304471026029482 -2.05963480579171
-0.6153894794491025 -2.05963480579171
-0.6455047257567939 -2.2118981578128323
-0.6530335373337167 -2.277153880107599
-0.6605623489106396 -2.3206576949707767
-0.6530335373337167 -2.516424861855077
-0.6003318562952568 -2.799199658465733
-0.49492849421833696 -3.0167187327816216
-0.27659295848757437 -3.430004973981811
0.054674750897030874 -3.865043122613589
0.5289898802431702 -4.191321734087422
1.1011795600893066 -4.604607975287611
1.7787726020123629 -4.996142309056212
2.509067324973879 -5.43118045768799
3.239362047935395 -5.648699532003879
3.9470703361661426 -5.692203346867057
4.481615958127665 -5.518188087414345
4.782768421204579 -5.126653753645745
4.888171783281498 -4.648111790150789
4.752653174896888 -4.147817919224245
4.413856653935359 -3.691027863160878
3.78143648147384 -3.3647492516870443
2.817748599627716 -3.212485899665922
1.8540607177815913 -3.0167187327816216
0.8903728359354669 -2.907959195623677
-0.07331504591065752 -2.907959195623677
-1.0370029277567818 -2.799199658465733
-1.3005113329490816 -2.6469363064446103
-1.0520605509106276 -2.516424861855077
-0.6906775952183309 -2.559928676718255
-0.38199632056449423 -2.4946729544234882
-0.22389127744911444 -2.45116913956031
-0.22389127744911444 -2.472921046991899
-0.33682345110295714 -2.45116913956031
-0.44975562475679987 -2.516424861855077
-0.5702166099875654 -2.3859134172655434
-0.6229182910260254 -2.277153880107599
-0.6455047257567939 -2.1901462503812437
-0.637975914179871 -2.124890528086477
-0.6455047257567939 -2.103138620654888
-0.637975914179871 -2.124890528086477
-0.637975914179871 -2.1901462503812437
-0.637975914179871 -2.2118981578128323
-0.6605623489106396 -2.2336500652444213
-0.6756199720644852 -2.1901462503812437
-0.6605623489106396 -2.277153880107599
-0.6605623489106396 -2.2336500652444213
-0.6455047257567939 -2.277153880107599
-0.6455047257567939 -2.2118981578128323
-0.6530335373337167 -2.25540197267601
-0.637975914179871 -2.298905787539188
-0.6530335373337167 -2.364161509833955
-0.637975914179871 -2.277153880107599
-0.6304471026029482 -2.364161509833955
-0.6229182910260254 -2.277153880107599
-0.6304471026029482 -2.25540197267601
-0.6153894794491025 -2.1683943429496546
-0.6153894794491025 -2.2118981578128323
-0.6003318562952568 -2.05963480579171
-0.5777454215644883 -2.016130990928532
-0.5325725521029512 -1.9943790834969433
-0.5175149289491054 -2.037882898360121
-0.5099861173721826 -2.05963480579171
-0.5099861173721826 -2.103138620654888
-0.5099861173721826 -2.1901462503812437
-0.5024573057952598 -2.2118981578128323
-0.5325725521029512 -2.2118981578128323
-0.5024573057952598 -2.2118981578128323
-0.5099861173721826 -2.1466424355180656
-0.4798708710644912 -2.1683943429496546
-0.4346980016029542 -2.1683943429496546
-0.4045827552952628 -2.1683943429496546
-0.34435226267988 -2.103138620654888
-0.3067082047952658 -2.103138620654888
-0.3142370163721886 -2.037882898360121
-0.3067082047952658 -2.05963480579171
-0.3142370163721886 -2.05963480579171
-0.3067082047952658 -2.1466424355180656
-0.2615353353337287 -2.081386713223299
-0.26906414691065156 -2.124890528086477
-0.2314200890260373 -2.037882898360121
-0.20883365429526876 -1.9508752686337656
-0.19377603114142306 -2.016130990928532
-0.16366078483373167 -1.8203638240442321
-0.1184879153721946 -1.7768600091810542
-0.058257422756811825 -1.7768600091810542
-0.02061336487219759 -1.8203638240442321
0.032088316166262336 -1.7986119166126433
0.04714593932010803 -1.8856195463389989
0.09231880878164511 -1.9073714537705877
0.11490524351241366 -1.8203638240442321
0.1374916782431822 -1.7986119166126433
0.18266454770471927 -1.7551081017494654
0.22783741716625636 -1.7116042868862875
0.2654814750508706 -1.7333561943178766
0.30312553293548483 -1.6681004720231098
0.3784136487047133 -1.6463485645915208
0.38594246028163615 -1.6028447497283431
0.4085288950124047 -1.624596657159932
0.4160577065893275 -1.6898523794546987
0.4010000834354818 -1.6898523794546987
0.39347127185855896 -1.7116042868862875
0.39347127185855896 -1.7768600091810542
0.38594246028163615 -1.7333561943178766
0.3633560255508676 -1.7333561943178766
0.35582721397394473 -1.6681004720231098
0.38594246028163615 -1.6898523794546987
0.38594246028163615 -1.6898523794546987
0.3784136487047133 -1.7768600091810542
0.34076959082009906 -1.7768600091810542
0.28806790978163915 -1.8203638240442321
0.19772217085856497 -1.9508752686337656
0.09231880878164511 -1.9943790834969433
0.017030693012416644 -2.016130990928532
-0.058257422756811825 -2.081386713223299
-0.14107435010296313 -2.081386713223299
-0.20130484271834592 -2.124890528086477
-0.2615353353337287 -2.05963480579171
-0.2991793932183429 -2.1466424355180656
-0.33682345110295714 -2.124890528086477
-0.36693869741064855 -2.124890528086477
-0.41964037844910845 -2.1466424355180656
-0.46481324791064554 -2.1683943429496546
-0.5175149289491054 -2.25540197267601
-0.5626877984106425 -2.3424096024023657
-0.6229182910260254 -2.298905787539188
-0.6455047257567939 -2.25540197267601
-0.6831487836414081 -2.277153880107599
-0.6756199720644852 -2.3424096024023657
-0.6906775952183309 -2.3206576949707767
-0.6756199720644852 -2.3424096024023657
-0.6680911604875625 -2.298905787539188
-0.6680911604875625 -2.3206576949707767
-0.6906775952183309 -2.277153880107599
-0.6982064067952538 -2.3424096024023657
-0.7132640299490995 -2.298905787539188
-0.7509080878337138 -2.3424096024023657
-0.7659657109875594 -2.364161509833955
-0.7734945225644823 -2.3206576949707767
-0.7734945225644823 -2.3424096024023657
-0.788552145718328 -2.3206576949707767
-0.8186673920260193 -2.25540197267601
-0.788552145718328 -2.103138620654888
-0.7810233341414051 -2.037882898360121
-0.735850464679868 -2.081386713223299
-0.735850464679868 -2.037882898360121
-0.7433792762567909 -2.2118981578128323
-0.7433792762567909 -2.3424096024023657
-0.7734945225644823 -2.4076653246971325
-0.7810233341414051 -2.45116913956031
-0.7509080878337138 -2.45116913956031
-0.7659657109875594 -2.4076653246971325
-0.7433792762567909 -2.4294172321287215
-0.7283216531029452 -2.2336500652444213
-0.7057352183721767 -2.277153880107599
-0.6906775952183309 -2.2118981578128323
-0.6906775952183309 -2.2118981578128323
-0.6906775952183309 -2.25540197267601
-0.6906775952183309 -2.277153880107599
-0.6982064067952538 -2.2336500652444213
-0.7207928415260223 -2.277153880107599
-0.7433792762567909 -2.3206576949707767
-0.7207928415260223 -2.25540197267601
-0.7509080878337138 -2.25540197267601
-0.7584368994106365 -2.2336500652444213
-0.7659657109875594 -2.1901462503812437
-0.7509080878337138 -2.1683943429496546
-0.7509080878337138 -2.016130990928532
-0.7207928415260223 -1.9508752686337656
-0.7433792762567909 -2.037882898360121
-0.7509080878337138 -2.103138620654888
-0.735850464679868 -2.298905787539188
-0.7433792762567909 -2.298905787539188
-0.7584368994106365 -2.364161509833955
-0.7584368994106365 -2.4294172321287215
-0.7659657109875594 -2.3206576949707767
-0.8186673920260193 -2.298905787539188
-0.8111385804490965 -2.1901462503812437
-0.7810233341414051 -2.2118981578128323
-0.7659657109875594 -2.2118981578128323
-0.7659657109875594 -2.1466424355180656
-0.7734945225644823 -2.1466424355180656
-0.7734945225644823 -2.1901462503812437
-0.8111385804490965 -2.1466424355180656
-0.8412538267567878 -2.1901462503812437
-0.8713690730644793 -2.2336500652444213
-0.8638402614875564 -2.2118981578128323
-0.8487826383337107 -2.25540197267601
-0.8412538267567878 -2.298905787539188
-0.8186673920260193 -2.3206576949707767
-0.7810233341414051 -2.3424096024023657
-0.7960809572952509 -2.277153880107599
-0.7734945225644823 -2.2336500652444213
-0.8261962036029422 -2.277153880107599
-0.8337250151798651 -2.1901462503812437
-0.8563114499106336 -2.1683943429496546
-0.8939555077952478 -2.2336500652444213
-0.931599565679862 -2.3206576949707767
-0.9391283772567849 -2.298905787539188
-0.9466571888337078 -2.298905787539188
-0.931599565679862 -2.25540197267601
-0.931599565679862 -2.1466424355180656
-0.9014843193721707 -2.124890528086477
-0.9014843193721707 -2.081386713223299
-0.8939555077952478 -2.05963480579171
-0.8939555077952478 -1.9726271760653544
-0.9090131309490935 -2.081386713223299
-0.9165419425260164 -2.124890528086477
-0.9391283772567849 -2.1683943429496546
-0.9391283772567849 -2.1901462503812437
-0.9617148119875535 -2.1683943429496546
-0.9541860004106306 -2.1683943429496546
-0.9918300582952448 -2.1466424355180656
-1.0219453046029363 -2.1466424355180656
-0.9617148119875535 -2.124890528086477
-0.9391283772567849 -2.037882898360121
-0.9014843193721707 -1.9726271760653544
-0.8638402614875564 -1.9943790834969433
-0.8563114499106336 -1.9508752686337656
-0.8788978846414022 -1.9508752686337656
-0.8638402614875564 -1.9726271760653544
-0.8788978846414022 -1.9726271760653544
-0.8638402614875564 -1.9943790834969433
-0.8864266962183249 -2.016130990928532
-0.8563114499106336 -1.8856195463389989
-0.8412538267567878 -1.8856195463389989
-0.8036097688721736 -1.8203638240442321
-0.7810233341414051 -1.7768600091810542
-0.7433792762567909 -1.842115731475821
-0.7207928415260223 -1.9943790834969433
-0.7057352183721767 -2.103138620654888
-0.6756199720644852 -2.1901462503812437
-0.6982064067952538 -2.277153880107599
-0.7057352183721767 -2.2336500652444213
-0.7433792762567909 -2.25540197267601
-0.7509080878337138 -2.1901462503812437
-0.7659657109875594 -2.103138620654888
-0.7659657109875594 -2.081386713223299
-0.7734945225644823 -2.081386713223299
-0.7960809572952509 -1.9726271760653544
-0.8036097688721736 -1.9726271760653544
-0.8186673920260193 -1.9726271760653544
-0.8261962036029422 -2.05963480579171
-0.8261962036029422 -2.037882898360121
-0.8186673920260193 -2.1683943429496546
-0.8261962036029422 -2.2336500652444213
-0.8563114499106336 -2.2118981578128323
-0.9090131309490935 -2.25540197267601
-0.9617148119875535 -2.1901462503812437
-0.9993588698721677 -2.2336500652444213
-1.0144164930260133 -2.1901462503812437
-1.029474116179859 -2.124890528086477
-1.0144164930260133 -2.081386713223299
-1.029474116179859 -2.103138620654888
-1.074646985641396 -2.124890528086477
-1.029474116179859 -2.1901462503812437
-1.029474116179859 -2.298905787539188
-1.029474116179859 -2.25540197267601
-1.0520605509106276 -2.25540197267601
-1.0520605509106276 -2.25540197267601
-1.0671181740644733 -2.103138620654888
-1.0595893624875505 -2.103138620654888
-1.0445317393337048 -2.1466424355180656
-1.0445317393337048 -2.05963480579171
-0.9918300582952448 -1.9943790834969433
-0.9993588698721677 -1.9726271760653544
-0.9993588698721677 -1.9726271760653544
-1.0068876814490906 -1.9726271760653544
-1.029474116179859 -2.037882898360121
-1.0068876814490906 -2.103138620654888
-0.9767724351413991 -2.1683943429496546
-0.9240707541029392 -2.3206576949707767
-0.8111385804490965 -2.45116913956031
-0.6229182910260254 -2.6469363064446103
-0.37446750898757136 -2.886207288192088
-0.07331504591065752 -3.0384706402132107
0.3332407792431762 -3.168982084802744
0.7322677928200871 -3.3647492516870443
1.123765994820075 -3.604020233434522
1.5604370662816003 -3.9738026597715335
2.0347521956277395 -4.2348255489506
2.5316537597046476 -4.4305927158349006
3.0812570048200154 -4.408840808403312
3.5480433225892316 -4.147817919224245
3.8567245972430686 -3.7345316780240556
3.849195785666146 -3.212485899665922
3.3146501637046235 -2.8644553807604995
2.350962281858499 -2.6469363064446103
1.3872744000123747 -2.6686882138761994
0.42358651816625037 -2.799199658465733
-0.540101363679874 -2.8427034733289105
-1.5037892455259985 -2.8644553807604995
-2.0759789253721346 -2.733943936170966
-1.722124781256761 -2.538176769286666
-1.2478096519106217 -2.3424096024023657
-0.8939555077952478 -2.1901462503812437
-0.6680911604875625 -2.1466424355180656
-0.5928030447183339 -2.037882898360121
-0.6229182910260254 -2.124890528086477
-0.7132640299490995 -2.103138620654888
-0.8186673920260193 -2.037882898360121
-0.8788978846414022 -2.124890528086477
-0.9391283772567849 -2.081386713223299
-0.9466571888337078 -2.103138620654888
-0.9391283772567849 -2.124890528086477
-0.931599565679862 -2.124890528086477
-0.9165419425260164 -2.1683943429496546
-0.9014843193721707 -2.103138620654888
-0.9014843193721707 -2.016130990928532
-0.9090131309490935 -1.9508752686337656
-0.8939555077952478 -1.9726271760653544
-0.8939555077952478 -1.9508752686337656
-0.8563114499106336 -2.016130990928532
-0.8036097688721736 -1.9508752686337656
-0.7734945225644823 -2.037882898360121
-0.7509080878337138 -2.016130990928532
-0.7584368994106365 -2.016130990928532
-0.7659657109875594 -2.05963480579171
-0.735850464679868 -2.016130990928532
-0.7659657109875594 -1.9943790834969433
-0.7584368994106365 -2.016130990928532
-0.7207928415260223 -1.9943790834969433
-0.7132640299490995 -1.9291233612021765
-0.6906775952183309 -1.8856195463389989
-0.6530335373337167 -1.9291233612021765
-0.637975914179871 -1.9291233612021765
-0.6153894794491025 -1.9508752686337656
-0.6304471026029482 -1.9291233612021765
-0.6229182910260254 -1.9291233612021765
-0.6003318562952568 -1.9291233612021765
-0.5702166099875654 -1.8856195463389989
-0.5551589868337197 -1.9073714537705877
-0.5325725521029512 -1.9073714537705877
-0.5099861173721826 -1.9726271760653544
-0.4798708710644912 -1.9073714537705877
-0.41964037844910845 -1.7986119166126433
-0.3970539437183399 -1.7768600091810542
-0.3518810742568029 -1.8203638240442321
-0.3518810742568029 -1.7333561943178766
-0.33682345110295714 -1.7333561943178766
-0.34435226267988 -1.842115731475821
-0.33682345110295714 -1.7551081017494654
-0.34435226267988 -1.7986119166126433
-0.33682345110295714 -1.8638676389074098
-0.3292946395260343 -1.842115731475821
-0.26906414691065156 -1.7986119166126433
-0.22389127744911444 -1.7116042868862875
-0.15613197325680883 -1.624596657159932
-0.058257422756811825 -1.4940852125703985
-0.02061336487219759 -1.5158371200019876
0.009501881435493797 -1.4940852125703985
0.032088316166262336 -1.6463485645915208
0.04714593932010803 -1.6028447497283431
0.06973237405087657 -1.581092842296754
0.07726118562779942 -1.581092842296754
0.1374916782431822 -1.4940852125703985
0.14502048982010504 -1.4288294902756318
0.1901933592816421 -1.3200699531176874
0.22030860558933352 -1.2548142308229207
0.29559672135856196 -1.2330623233913318
0.34076959082009906 -1.2330623233913318
0.35582721397394473 -1.2113104159597428
0.3784136487047133 -1.2983180456860985
0.39347127185855896 -1.385325675412454
0.3784136487047133 -1.4940852125703985
0.37088483712779047 -1.4288294902756318
0.35582721397394473 -1.4288294902756318
0.3332407792431762 -1.3418218605492762
0.3332407792431762 -1.2983180456860985
0.30312553293548483 -1.2983180456860985
0.3257119676662534 -1.2983180456860985
0.31065434451240764 -1.2113104159597428
0.3257119676662534 -1.2113104159597428
0.31065434451240764 -1.189558508528154
0.2654814750508706 -1.2330623233913318
0.22783741716625636 -1.2765661382545095
0.1676069245508736 -1.363573767980865
0.1073764319354908 -1.4505813977072208
0.07726118562779942 -1.4940852125703985
0.017030693012416644 -1.4940852125703985
-0.028142176449120437 -1.5158371200019876
-0.058257422756811825 -1.385325675412454
-0.07331504591065752 -1.385325675412454
-0.1184879153721946 -1.407077582844043
-0.13354553852604029 -1.407077582844043
-0.148603161679886 -1.4940852125703985
-0.20883365429526876 -1.4505813977072208
-0.2540065237568058 -1.6463485645915208
-0.3067082047952658 -1.624596657159932
-0.37446750898757136 -1.6028447497283431
-0.41964037844910845 -1.581092842296754
-0.46481324791064554 -1.624596657159932
-0.5024573057952598 -1.6028447497283431
-0.5099861173721826 -1.6681004720231098
-0.49492849421833696 -1.6028447497283431
-0.4572844363337227 -1.624596657159932
-0.44975562475679987 -1.6028447497283431
-0.44975562475679987 -1.5593409348651652
-0.49492849421833696 -1.5158371200019876
-0.49492849421833696 -1.5593409348651652
-0.5325725521029512 -1.5158371200019876
-0.5626877984106425 -1.5593409348651652
-0.5702166099875654 -1.581092842296754
-0.5626877984106425 -1.6463485645915208
-0.5852742331414111 -1.624596657159932
-0.5928030447183339 -1.5375890274335764
-0.5626877984106425 -1.4505813977072208
-0.5476301752567969 -1.385325675412454
-0.540101363679874 -1.4288294902756318
-0.540101363679874 -1.4723333051388097
-0.5476301752567969 -1.5593409348651652
-0.5250437405260283 -1.6028447497283431
-0.5175149289491054 -1.6463485645915208
-0.5250437405260283 -1.6463485645915208
-0.5175149289491054 -1.581092842296754
-0.5024573057952598 -1.5158371200019876
-0.5024573057952598 -1.4940852125703985
-0.49492849421833696 -1.407077582844043
-0.4723420594875684 -1.4288294902756318
-0.46481324791064554 -1.3418218605492762
-0.44975562475679987 -1.3418218605492762
-0.442226813179877 -1.363573767980865
-0.442226813179877 -1.3200699531176874
-0.4572844363337227 -1.2765661382545095
-0.4873996826414141 -1.2983180456860985
-0.4572844363337227 -1.363573767980865
-0.4723420594875684 -1.4940852125703985
-0.46481324791064554 -1.5593409348651652
-0.442226813179877 -1.624596657159932
-0.4346980016029542 -1.5593409348651652
-0.41964037844910845 -1.4505813977072208
-0.3970539437183399 -1.407077582844043
-0.38199632056449423 -1.385325675412454
-0.3970539437183399 -1.385325675412454
-0.41964037844910845 -1.4288294902756318
-0.442226813179877 -1.4505813977072208
-0.4572844363337227 -1.4288294902756318
-0.4723420594875684 -1.4940852125703985
-0.4798708710644912 -1.4723333051388097
-0.4873996826414141 -1.5593409348651652
-0.4873996826414141 -1.5375890274335764
-0.4723420594875684 -1.407077582844043
-0.44975562475679987 -1.407077582844043
-0.44975562475679987 -1.3200699531176874
-0.41211156687218564 -1.2983180456860985
-0.442226813179877 -1.2548142308229207
-0.44975562475679987 -1.2983180456860985
-0.4346980016029542 -1.385325675412454
-0.46481324791064554 -1.3418218605492762
-0.46481324791064554 -1.363573767980865
-0.49492849421833696 -1.3200699531176874
-0.4873996826414141 -1.2983180456860985
-0.5325725521029512 -1.2983180456860985
-0.5024573057952598 -1.2765661382545095
-0.5024573057952598 -1.2548142308229207
-0.5175149289491054 -1.3200699531176874
-0.5024573057952598 -1.363573767980865
-0.5325725521029512 -1.407077582844043
-0.5099861173721826 -1.4288294902756318
-0.5250437405260283 -1.4505813977072208
-0.5175149289491054 -1.4288294902756318
-0.540101363679874 -1.4505813977072208
-0.5626877984106425 -1.407077582844043
-0.5702166099875654 -1.385325675412454
-0.5852742331414111 -1.385325675412454
-0.540101363679874 -1.2765661382545095
-0.540101363679874 -1.2330623233913318
-0.5250437405260283 -1.1243027862333872
-0.49492849421833696 -1.1025508788017984
-0.5024573057952598 -1.0807989713702093
-0.5175149289491054 -1.167806601096565
-0.5024573057952598 -1.2983180456860985
-0.5250437405260283 -1.3200699531176874
-0.5777454215644883 -1.3200699531176874
-0.5777454215644883 -1.3200699531176874
-0.5476301752567969 -1.3418218605492762
-0.5626877984106425 -1.2983180456860985
-0.5476301752567969 -1.2113104159597428
-0.5551589868337197 -1.0807989713702093
-0.5476301752567969 -0.9720394342122649
-0.5175149289491054 -0.950287526780676
-0.5099861173721826 -1.0155432490754428
-0.5175149289491054 -1.0807989713702093
-0.5250437405260283 -1.2983180456860985
-0.5250437405260283 -1.363573767980865
-0.5325725521029512 -1.363573767980865
-0.5551589868337197 -1.2983180456860985
-0.5626877984106425 -1.2330623233913318
-0.5702166099875654 -1.1243027862333872
-0.5325725521029512 -0.9937913416438539
-0.5024573057952598 -0.950287526780676
-0.4873996826414141 -0.9285356193490871
-0.4346980016029542 -0.8632798970543204
-0.4271691900260313 -0.950287526780676
-0.4045827552952628 -1.0155432490754428
-0.38199632056449423 -0.9720394342122649
-0.37446750898757136 -0.9720394342122649
-0.37446750898757136 -0.9720394342122649
-0.38199632056449423 -0.9720394342122649
-0.4045827552952628 -0.9937913416438539
-0.4346980016029542 -0.9720394342122649
-0.4045827552952628 -0.9285356193490871
-0.3518810742568029 -0.950287526780676
-0.34435226267988 -0.8850318044859092
-0.33682345110295714 -0.8850318044859092
-0.32176582794911146 -0.9285356193490871
-0.28412177006449724 -0.9067837119174982
-0.26906414691065156 -0.9720394342122649
-0.2314200890260373 -1.0807989713702093
-0.22389127744911444 -1.146054693664976
-0.22389127744911444 -1.1243027862333872
-0.20883365429526876 -1.1025508788017984
-0.2163624658721916 -0.9937913416438539
-0.22389127744911444 -0.7980241747595537
-0.22389127744911444 -0.6892646376016092
-0.23894890060296015 -0.6240089153068424
-0.2314200890260373 -0.5370012855804869
-0.22389127744911444 -0.6240089153068424
-0.23894890060296015 -0.7980241747595537
-0.24647771217988299 -0.9285356193490871
-0.28412177006449724 -1.1025508788017984
-0.27659295848757437 -1.2113104159597428
-0.2991793932183429 -1.167806601096565
-0.34435226267988 -1.146054693664976
-0.4045827552952628 -1.1025508788017984
-0.4271691900260313 -1.0372951565070316
-0.442226813179877 -0.9067837119174982
-0.46481324791064554 -0.950287526780676
-0.5024573057952598 -0.8850318044859092
-0.5175149289491054 -0.9285356193490871
-0.5175149289491054 -0.950287526780676
-0.5626877984106425 -0.9285356193490871
-0.5852742331414111 -0.9720394342122649
-0.6078606678721796 -0.950287526780676
-0.5852742331414111 -0.9067837119174982
-0.5928030447183339 -0.9285356193490871
-0.5702166099875654 -0.9285356193490871
-0.5476301752567969 -0.8850318044859092
-0.5024573057952598 -0.8632798970543204
-0.5250437405260283 -0.8197760821911426
-0.5175149289491054 -0.732768452464787
-0.5175149289491054 -0.732768452464787
-0.5099861173721826 -0.7110165450331981
-0.5099861173721826 -0.7110165450331981
-0.5325725521029512 -0.7545203598963759
-0.540101363679874 -0.7545203598963759
-0.5551589868337197 -0.8850318044859092
-0.5325725521029512 -1.0372951565070316
-0.5099861173721826 -1.2330623233913318
-0.4346980016029542 -1.363573767980865
-0.2615353353337287 -1.624596657159932
-0.0055557417183518965 -2.037882898360121
0.3633560255508676 -2.4076653246971325
0.8451999664739298 -2.8427034733289105
1.4023320231662204 -3.212485899665922
2.0272233840508167 -3.5387645111397554
2.7274028607046414 -3.8867950300451777
3.4049959026276975 -3.9738026597715335
4.037416075089217 -3.9738026597715335
4.504202392858433 -3.8867950300451777
4.790297232781501 -3.604020233434522
4.895700594858421 -3.190733992234333
4.8204124790891925 -2.712192028739377
4.534317639166125 -2.25540197267601
3.9545991477430653 -1.842115731475821
2.990911265896941 -1.6028447497283431
2.0272233840508167 -1.407077582844043
1.0635355022046924 -1.3418218605492762
0.09984762035856795 -1.2113104159597428
-0.8638402614875564 -1.1243027862333872
-1.3607418255644643 -0.950287526780676
-0.9918300582952448 -0.7545203598963759
-0.5551589868337197 -0.6457608227384314
-0.19377603114142306 -0.5152493781488979
0.0019730698585709505 -0.4282417484225423
0.017030693012416644 -0.38473793355936453
-0.1034302922183489 -0.4064898409909534
-0.23894890060296015 -0.4064898409909534
-0.3895251321414171 -0.49349747071730904
-0.4873996826414141 -0.44999365585413126
-0.5325725521029512 -0.5805051004436647
-0.540101363679874 -0.6022570078752536
-0.5250437405260283 -0.5152493781488979
-0.5099861173721826 -0.5152493781488979
-0.5024573057952598 -0.5152493781488979
-0.4798708710644912 -0.4064898409909534
-0.4798708710644912 -0.38473793355936453
-0.442226813179877 -0.38473793355936453
-0.41964037844910845 -0.36298602612777564
-0.41211156687218564 -0.23247458153824221
-0.4271691900260313 -0.2977303038330089
-0.442226813179877 -0.34123411869618675
-0.4798708710644912 -0.3194822112645978
-0.4723420594875684 -0.34123411869618675
-0.4798708710644912 -0.36298602612777564
-0.4723420594875684 -0.38473793355936453
-0.4798708710644912 -0.27597839640142
-0.44975562475679987 -0.25422648896983113
-0.3970539437183399 -0.1889707666750644
-0.37446750898757136 -0.12371504438029769
-0.3518810742568029 -0.10196313694870879
-0.32176582794911146 -0.0802112295171199
-0.29165058164142005 -0.05845932208553099
-0.3142370163721886 -0.1889707666750644
-0.3067082047952658 -0.1889707666750644
-0.3292946395260343 -0.25422648896983113
-0.3292946395260343 -0.27597839640142
-0.33682345110295714 -0.2107226741066533
-0.3594098858337257 -0.1454669518118866
-0.38199632056449423 -0.05845932208553099
-0.3142370163721886 -0.014955507222353184
-0.27659295848757437 0.07205212250400242
-0.23894890060296015 0.05030021507241352
-0.16366078483373167 0.09380402993559132
-0.13354553852604029 0.05030021507241352
-0.14107435010296313 -0.03670741465394209
-0.12601672694911745 -0.03670741465394209
-0.1034302922183489 0.02854830764082462
-0.08837266906450321 0.02854830764082462
-0.1034302922183489 0.006796400209235718
-0.06578623433373466 0.07205212250400242
-0.035670988026043286 0.18081165966194693
0.0019730698585709505 0.2678192893883026
0.04714593932010803 0.3765788265462471
0.09984762035856795 0.4635864562726027
0.1224340550893365 0.42008264140942486
0.1374916782431822 0.35482691911465813
0.1901933592816421 0.24606738195671365
0.17513573612779643 0.22431547452512474
0.24289504032010203 0.18081165966194693
0.28806790978163915 0.28957119681989146
0.34076959082009906 0.39833073397783597
0.35582721397394473 0.42008264140942486
0.4010000834354818 0.5940979008621361
0.4160577065893275 0.6376017157253139
0.4612305760508646 0.6593536231569028
0.47628819920471027 0.7463612528832584
0.5289898802431702 0.7028574380200806
0.5515763149739388 0.7028574380200806
0.5515763149739388 0.6811055305884917
0.5591051265508616 0.615849808293725
0.5591051265508616 0.615849808293725
0.5666339381277845 0.6376017157253139
0.5816915612816301 0.6376017157253139
0.5967491844354759 0.6376017157253139
0.6118068075893215 0.7028574380200806
0.641922053897013 0.6811055305884917
0.6343932423200901 0.6376017157253139
0.641922053897013 0.6811055305884917
0.6494508654739358 0.5940979008621361
0.641922053897013 0.6376017157253139
0.5666339381277845 0.4635864562726027
0.5064034455124017 0.31132310425148035
0.4461729528970189 0.18081165966194693
0.35582721397394473 0.11555593736718023
0.2504238518970249 0.11555593736718023
0.1676069245508736 0.09380402993559132
0.09984762035856795 0.13730784479876915
0.06220356247395373 0.18081165966194693
0.02455950458933949 0.2678192893883026
-0.013084553295274743 0.24606738195671365
-0.04319979960296613 0.18081165966194693
-0.11095910379527175 0.11555593736718023
-0.148603161679886 0.05030021507241352
-0.22389127744911444 -0.03670741465394209
-0.24647771217988299 -0.05845932208553099
-0.29165058164142005 -0.0802112295171199
-0.32176582794911146 -0.05845932208553099
-0.3594098858337257 0.006796400209235718
-0.3594098858337257 0.02854830764082462
-0.38199632056449423 0.07205212250400242
-0.3594098858337257 0.11555593736718023
-0.36693869741064855 0.15905975223035804
-0.34435226267988 0.07205212250400242
-0.34435226267988 0.11555593736718023
-0.36693869741064855 0.09380402993559132
-0.36693869741064855 0.07205212250400242
-0.3895251321414171 0.05030021507241352
-0.36693869741064855 0.05030021507241352
-0.3895251321414171 0.13730784479876915
-0.38199632056449423 0.18081165966194693
-0.41211156687218564 0.20256356709353585
-0.4271691900260313 0.09380402993559132
-0.4271691900260313 0.15905975223035804
-0.4045827552952628 0.07205212250400242
-0.41964037844910845 0.07205212250400242
-0.4271691900260313 0.13730784479876915
-0.41964037844910845 0.02854830764082462
-0.44975562475679987 0.11555593736718023
-0.4723420594875684 0.07205212250400242
-0.4723420594875684 0.07205212250400242
-0.4723420594875684 0.05030021507241352
-0.4346980016029542 0.11555593736718023
-0.3970539437183399 0.15905975223035804
-0.36693869741064855 0.18081165966194693
-0.37446750898757136 0.28957119681989146
-0.33682345110295714 0.31132310425148035
-0.34435226267988 0.31132310425148035
-0.3292946395260343 0.35482691911465813
-0.34435226267988 0.28957119681989146
-0.32176582794911146 0.31132310425148035
-0.3292946395260343 0.2678192893883026
-0.33682345110295714 0.24606738195671365
-0.34435226267988 0.31132310425148035
-0.36693869741064855 0.3765788265462471
-0.38199632056449423 0.31132310425148035
-0.3970539437183399 0.2678192893883026
-0.38199632056449423 0.31132310425148035
-0.37446750898757136 0.35482691911465813
-0.3594098858337257 0.2678192893883026
-0.3292946395260343 0.28957119681989146
-0.33682345110295714 0.2678192893883026
-0.2991793932183429 0.18081165966194693
-0.3292946395260343 0.18081165966194693
-0.33682345110295714 0.13730784479876915
-0.3292946395260343 0.31132310425148035
-0.3518810742568029 0.35482691911465813
-0.36693869741064855 0.44183454884101375
-0.3594098858337257 0.44183454884101375
-0.38199632056449423 0.4635864562726027
-0.37446750898757136 0.39833073397783597
-0.37446750898757136 0.39833073397783597
-0.4346980016029542 0.39833073397783597
-0.4346980016029542 0.39833073397783597
-0.44975562475679987 0.42008264140942486
-0.4798708710644912 0.42008264140942486
-0.49492849421833696 0.44183454884101375
-0.49492849421833696 0.3765788265462471
-0.5099861173721826 0.2678192893883026
-0.5099861173721826 0.3765788265462471
-0.4873996826414141 0.35482691911465813
-0.46481324791064554 0.4853383637041916
-0.442226813179877 0.5723459934305472
-0.442226813179877 0.5940979008621361
-0.4346980016029542 0.5288421785673694
-0.4346980016029542 0.44183454884101375
-0.442226813179877 0.3765788265462471
-0.46481324791064554 0.2678192893883026
-0.49492849421833696 0.28957119681989146
-0.4873996826414141 0.28957119681989146
-0.49492849421833696 0.35482691911465813
-0.44975562475679987 0.42008264140942486
-0.442226813179877 0.5070902711357804
-0.442226813179877 0.5723459934305472
-0.41964037844910845 0.5940979008621361
-0.4346980016029542 0.4853383637041916
-0.44975562475679987 0.4853383637041916
-0.4798708710644912 0.3765788265462471
-0.4873996826414141 0.5070902711357804
-0.4798708710644912 0.5070902711357804
-0.49492849421833696 0.5940979008621361
-0.5024573057952598 0.5940979008621361
-0.49492849421833696 0.5940979008621361
-0.5099861173721826 0.615849808293725
-0.49492849421833696 0.5288421785673694
-0.4873996826414141 0.44183454884101375
-0.46481324791064554 0.5288421785673694
-0.44975562475679987 0.615849808293725
-0.4045827552952628 0.7028574380200806
-0.3518810742568029 0.6376017157253139
-0.33682345110295714 0.6811055305884917
-0.32176582794911146 0.7246093454516696
-0.3292946395260343 0.7028574380200806
-0.3292946395260343 0.7246093454516696
-0.3518810742568029 0.7681131603148473
-0.32176582794911146 0.8333688826096141
-0.32176582794911146 0.8551207900412029
-0.3067082047952658 0.7898650677464362
-0.2991793932183429 0.8551207900412029
-0.2615353353337287 0.7898650677464362
-0.19377603114142306 0.7898650677464362
-0.15613197325680883 0.8333688826096141
-0.1184879153721946 0.9203765123359696
-0.06578623433373466 0.9203765123359696
-0.11095910379527175 0.8986246049043807
-0.14107435010296313 0.9203765123359696
-0.18624721956450022 0.8116169751780251
-0.18624721956450022 0.8116169751780251
-0.16366078483373167 0.8116169751780251
-0.12601672694911745 0.7681131603148473
-0.08084385748758037 0.7898650677464362
-0.08084385748758037 0.8986246049043807
-0.11095910379527175 0.8986246049043807
-0.15613197325680883 0.8333688826096141
-0.22389127744911444 0.7898650677464362
-0.26906414691065156 0.6376017157253139
-0.29165058164142005 0.6376017157253139
-0.28412177006449724 0.5723459934305472
-0.3142370163721886 0.615849808293725
-0.3142370163721886 0.6593536231569028
-0.3292946395260343 0.7681131603148473
-0.3594098858337257 0.9203765123359696
-0.3970539437183399 1.0073841420623253
-0.4572844363337227 1.050887956925503
-0.4873996826414141 1.0073841420623253
-0.5250437405260283 0.9638803271991474
-0.540101363679874 0.8768726974727918
-0.540101363679874 0.7898650677464362
-0.540101363679874 0.6593536231569028
-0.5476301752567969 0.4853383637041916
-0.5325725521029512 0.5288421785673694
-0.540101363679874 0.6376017157253139
-0.5024573057952598 0.7028574380200806
-0.5099861173721826 0.8116169751780251
-0.4723420594875684 1.0073841420623253
-0.4873996826414141 1.1161436792202697
-0.5024573057952598 1.1378955866518587
-0.5325725521029512 1.1378955866518587
-0.5551589868337197 1.072639864357092
-0.6003318562952568 1.0073841420623253
-0.5928030447183339 0.8768726974727918
-0.5476301752567969 0.7463612528832584
-0.49492849421833696 0.44183454884101375
-0.36693869741064855 0.13730784479876915
-0.13354553852604029 -0.23247458153824221
0.19772217085856497 -0.5370012855804869
0.6042779960123987 -0.7762722673279647
1.123765994820075 -1.0372951565070316
1.66584042835852 -1.363573767980865
2.1777996155892736 -1.7768600091810542
2.7048164259738727 -2.1901462503812437
3.2092468016277036 -2.6034324915814326
3.72873480043538 -2.8209515658973214
4.172934683473828 -2.7556958436025547
4.519260016012279 -2.3424096024023657
4.692422682281505 -1.7333561943178766
4.65477862439689 -0.9937913416438539
4.331039726589208 -0.4282417484225423
3.6158026267815373 0.006796400209235718
2.652114744935413 0.20256356709353585
1.6884268630892887 0.35482691911465813
0.7247389812431643 0.4853383637041916
-0.23894890060296015 0.5940979008621361
-1.2026367824490845 0.8116169751780251
-1.0671181740644733 0.9421284197675586
-0.637975914179871 1.0943917717886809
-0.2615353353337287 1.2031513089466253
0.0019730698585709505 1.2031513089466253
0.0019730698585709505 1.2249032163782143
-0.14107435010296313 1.3119108461045699
-0.33682345110295714 1.3336627535361587
-0.5175149289491054 1.3119108461045699
-0.6003318562952568 1.2466551238098031
-0.6229182910260254 1.1596474940834476
-0.5928030447183339 1.0943917717886809
-0.5551589868337197 1.0943917717886809
-0.5024573057952598 1.1161436792202697
-0.49492849421833696 1.1813994015150364
-0.4873996826414141 1.3119108461045699
-0.5325725521029512 1.4424222906941033
-0.5626877984106425 1.5729337352836368
-0.5852742331414111 1.5946856427152256
-0.5928030447183339 1.6164375501468145
-0.5702166099875654 1.6599413650099923
-0.5551589868337197 1.6381894575784035
-0.5325725521029512 1.5511818278520477
-0.540101363679874 1.485926105557281
-0.49492849421833696 1.4206703832625145
-0.4572844363337227 1.3554146609677478
-0.4271691900260313 1.3989184758309254
-0.4346980016029542 1.4641741981256922
-0.46481324791064554 1.5729337352836368
-0.4873996826414141 1.6164375501468145
-0.5175149289491054 1.746948994736348
-0.5250437405260283 1.8557085318942925
-0.5099861173721826 1.9209642541890593
-0.5250437405260283 1.9209642541890593
-0.5175149289491054 1.8122047170311146
-0.5024573057952598 1.8122047170311146
-0.49492849421833696 1.6164375501468145
-0.4798708710644912 1.6164375501468145
-0.4572844363337227 1.6164375501468145
-0.4271691900260313 1.725197087304759
-0.41964037844910845 1.8122047170311146
-0.38199632056449423 1.8774604393258814
-0.38199632056449423 1.8992123467574702
-0.3594098858337257 1.9209642541890593
-0.32176582794911146 1.8339566244627035
-0.3142370163721886 1.8122047170311146
-0.26906414691065156 1.8339566244627035
-0.28412177006449724 1.7904528095995258
-0.23894890060296015 1.8557085318942925
-0.22389127744911444 1.9862199764838258
-0.19377603114142306 2.0079718839154146
-0.16366078483373167 2.0732276062101813
-0.13354553852604029 2.181987143368126
-0.1034302922183489 2.1167314210733594
-0.04319979960296613 2.225490958231304
0.017030693012416644 2.225490958231304
0.04714593932010803 2.3124985879576596
0.09231880878164511 2.2907466805260706
0.1374916782431822 2.2907466805260706
0.15254930139702788 2.2907466805260706
0.19772217085856497 2.399506217684015
0.2052509824354878 2.4430100325471926
0.24289504032010203 2.377754310252426
0.24289504032010203 2.399506217684015
0.29559672135856196 2.4647619399787817
0.4010000834354818 2.421258125115604
0.46875938762778746 2.4865138474103707
0.5139322570893246 2.617025291999904
0.5214610686662474 2.638777199431493
0.5139322570893246 2.595273384568315
0.4988746339354788 2.573521477136726
0.47628819920471027 2.4865138474103707
0.4537017644739417 2.4647619399787817
0.4160577065893275 2.421258125115604
0.4160577065893275 2.4865138474103707
0.4085288950124047 2.4430100325471926
0.42358651816625037 2.377754310252426
0.4537017644739417 2.4430100325471926
0.46875938762778746 2.3560024028208373
0.48381701078163314 2.4647619399787817
0.4537017644739417 2.4430100325471926
0.42358651816625037 2.399506217684015
0.3332407792431762 2.3124985879576596
0.2353662287431792 2.247242865662893
0.17513573612779643 2.2037390507997148
0.1073764319354908 2.0514756987785927
0.017030693012416644 1.964468069052237
-0.06578623433373466 1.9209642541890593
-0.13354553852604029 1.8557085318942925
-0.16366078483373167 1.7904528095995258
-0.22389127744911444 1.8122047170311146
-0.27659295848757437 1.8557085318942925
-0.32176582794911146 1.70344517987317
-0.3518810742568029 1.7904528095995258
-0.3895251321414171 1.70344517987317
-0.41211156687218564 1.70344517987317
-0.4572844363337227 1.6381894575784035
-0.49492849421833696 1.6599413650099923
-0.5175149289491054 1.6816932724415812
-0.5551589868337197 1.6599413650099923
-0.5551589868337197 1.725197087304759
-0.5702166099875654 1.6816932724415812
-0.5702166099875654 1.7904528095995258
-0.5476301752567969 1.8557085318942925
-0.5250437405260283 1.8122047170311146
-0.5250437405260283 1.8557085318942925
-0.540101363679874 1.8122047170311146
-0.5852742331414111 1.746948994736348
-0.6229182910260254 1.8774604393258814
-0.6530335373337167 1.7687009021679367
-0.6605623489106396 1.9209642541890593
-0.6680911604875625 1.964468069052237
-0.637975914179871 1.942716161620648
-0.6229182910260254 1.964468069052237
-0.5852742331414111 2.0297237913470036
-0.5852742331414111 1.9862199764838258
-0.5551589868337197 1.964468069052237
-0.5626877984106425 1.9209642541890593
-0.5626877984106425 1.8992123467574702
-0.6153894794491025 1.8557085318942925
-0.6304471026029482 1.8339566244627035
-0.6756199720644852 1.746948994736348
-0.6831487836414081 1.7904528095995258
-0.6756199720644852 1.8122047170311146
-0.6455047257567939 1.9209642541890593
-0.6078606678721796 2.0514756987785927
-0.6003318562952568 2.0949795136417704
-0.5476301752567969 2.1167314210733594
-0.540101363679874 2.1167314210733594
-0.5476301752567969 2.0297237913470036
-0.5476301752567969 1.9209642541890593
-0.5551589868337197 1.8992123467574702
-0.5626877984106425 1.9862199764838258
-0.6003318562952568 1.9862199764838258
-0.6153894794491025 2.0297237913470036
-0.5777454215644883 2.0079718839154146
-0.5702166099875654 2.0732276062101813
-0.5702166099875654 2.138483328504948
-0.5626877984106425 2.247242865662893
-0.5551589868337197 2.2689947730944815
-0.5476301752567969 2.181987143368126
-0.540101363679874 2.0949795136417704
-0.5626877984106425 2.0514756987785927
-0.6003318562952568 2.0514756987785927
-0.6003318562952568 1.9209642541890593
-0.6229182910260254 1.9209642541890593
-0.6605623489106396 1.942716161620648
-0.6906775952183309 1.9209642541890593
-0.7057352183721767 2.0297237913470036
-0.6831487836414081 2.160235235936537
-0.6530335373337167 2.2037390507997148
-0.5928030447183339 2.2037390507997148
-0.5928030447183339 2.247242865662893
-0.6003318562952568 2.138483328504948
-0.6153894794491025 2.0079718839154146
-0.6530335373337167 2.0732276062101813
-0.6680911604875625 2.0079718839154146
-0.6982064067952538 1.964468069052237
-0.6831487836414081 1.964468069052237
-0.6906775952183309 1.964468069052237
-0.6756199720644852 2.0732276062101813
-0.6304471026029482 2.0079718839154146
-0.6078606678721796 2.0079718839154146
-0.6003318562952568 2.0732276062101813
-0.5928030447183339 2.1167314210733594
-0.6003318562952568 2.160235235936537
-0.6304471026029482 2.1167314210733594
-0.6680911604875625 2.0514756987785927
-0.6831487836414081 2.0079718839154146
-0.7057352183721767 2.0297237913470036
-0.6831487836414081 1.9862199764838258
-0.6680911604875625 2.0732276062101813
-0.637975914179871 2.0949795136417704
-0.6078606678721796 2.138483328504948
-0.6530335373337167 2.2037390507997148
-0.6831487836414081 2.2689947730944815
-0.6906775952183309 2.160235235936537
-0.6906775952183309 2.0079718839154146
-0.6906775952183309 1.9862199764838258
-0.6831487836414081 1.942716161620648
-0.6756199720644852 1.9209642541890593
-0.6831487836414081 2.0079718839154146
-0.7132640299490995 1.9862199764838258
-0.7207928415260223 2.0949795136417704
-0.7509080878337138 2.138483328504948
-0.7283216531029452 2.2037390507997148
-0.6982064067952538 2.2907466805260706
-0.6756199720644852 2.421258125115604
-0.637975914179871 2.3560024028208373
-0.6078606678721796 2.4430100325471926
-0.6003318562952568 2.399506217684015
-0.5702166099875654 2.399506217684015
-0.5702166099875654 2.3560024028208373
-0.5626877984106425 2.4430100325471926
-0.5551589868337197 2.399506217684015
-0.5702166099875654 2.377754310252426
-0.5476301752567969 2.377754310252426
-0.5551589868337197 2.3342504953892482
-0.5325725521029512 2.399506217684015
-0.4723420594875684 2.4647619399787817
-0.4346980016029542 2.5300176622735484
-0.4045827552952628 2.5082657548419593
-0.3895251321414171 2.399506217684015
-0.4045827552952628 2.3342504953892482
-0.4045827552952628 2.225490958231304
-0.3895251321414171 2.138483328504948
-0.41964037844910845 1.9862199764838258
-0.4045827552952628 2.0514756987785927
-0.4271691900260313 2.1167314210733594
-0.41964037844910845 2.225490958231304
-0.442226813179877 2.399506217684015
-0.44975562475679987 2.4647619399787817
-0.4723420594875684 2.399506217684015
-0.4723420594875684 2.3560024028208373
-0.4873996826414141 2.225490958231304
-0.49492849421833696 2.138483328504948
-0.49492849421833696 2.0514756987785927
-0.5250437405260283 2.0732276062101813
-0.5250437405260283 2.0949795136417704
-0.5626877984106425 2.1167314210733594
-0.637975914179871 2.225490958231304
-0.6530335373337167 2.2907466805260706
-0.6982064067952538 2.3342504953892482
-0.6906775952183309 2.377754310252426
-0.7207928415260223 2.377754310252426
-0.7207928415260223 2.3124985879576596
-0.7207928415260223 2.2689947730944815
-0.7509080878337138 2.181987143368126
-0.7509080878337138 2.160235235936537
-0.7584368994106365 2.181987143368126
-0.7584368994106365 2.2037390507997148
-0.7283216531029452 2.138483328504948
-0.7283216531029452 2.247242865662893
-0.6605623489106396 2.247242865662893
-0.6304471026029482 2.2907466805260706
-0.5928030447183339 2.4865138474103707
-0.6078606678721796 2.5300176622735484
-0.637975914179871 2.5082657548419593
-0.6982064067952538 2.5082657548419593
-0.7433792762567909 2.3560024028208373
-0.735850464679868 2.2689947730944815
-0.7283216531029452 2.0732276062101813
-0.6455047257567939 1.8774604393258814
-0.5024573057952598 1.5729337352836368
-0.27659295848757437 1.3119108461045699
-0.0055557417183518965 1.0291360494939141
0.30312553293548483 0.6593536231569028
0.7096813580893185 0.31132310425148035
1.1538812411277666 -0.0802112295171199
1.6056099357431373 -0.47174556328572015
2.1552131808585053 -0.8415279896227315
2.757518107012333 -1.1025508788017984
3.3522942215892377 -1.2330623233913318
3.894368655127683 -1.1243027862333872
4.308453291858439 -0.7762722673279647
4.526788827589201 -0.27597839640142
4.428914277089205 0.33307501168306924
3.977185582473834 0.6811055305884917
3.0812570048200154 1.0073841420623253
2.1175691229738907 1.1596474940834476
1.1538812411277666 1.268407031241392
0.1901933592816421 1.3554146609677478
-0.7734945225644823 1.4641741981256922
-1.5188468686798442 1.6381894575784035
-1.3381553908336958 1.8339566244627035
-0.9541860004106306 2.0079718839154146
-0.5777454215644883 2.0949795136417704
-0.3067082047952658 2.225490958231304
-0.22389127744911444 2.225490958231304
-0.2615353353337287 2.247242865662893
-0.3594098858337257 2.3342504953892482
-0.44975562475679987 2.3124985879576596
-0.540101363679874 2.3124985879576596
-0.6078606678721796 2.3342504953892482
-0.6229182910260254 2.3124985879576596
-0.6906775952183309 2.2037390507997148
-0.7057352183721767 2.225490958231304
-0.6831487836414081 2.2689947730944815
-0.6680911604875625 2.3124985879576596
-0.6455047257567939 2.377754310252426
-0.637975914179871 2.4430100325471926
-0.6455047257567939 2.5082657548419593
-0.6003318562952568 2.617025291999904
-0.6229182910260254 2.595273384568315
-0.6229182910260254 2.638777199431493
-0.6153894794491025 2.660529106863082
-0.6229182910260254 2.573521477136726
-0.6304471026029482 2.5300176622735484
-0.6229182910260254 2.4430100325471926
-0.6078606678721796 2.399506217684015
-0.6003318562952568 2.3342504953892482
-0.5852742331414111 2.247242865662893
-0.5852742331414111 2.3342504953892482
-0.5777454215644883 2.4647619399787817
-0.5476301752567969 2.4865138474103707
-0.540101363679874 2.595273384568315
-0.5175149289491054 2.638777199431493
-0.5250437405260283 2.7040329217262595
-0.5099861173721826 2.660529106863082
-0.5024573057952598 2.660529106863082
-0.5250437405260283 2.573521477136726
-0.5175149289491054 2.638777199431493
-0.5024573057952598 2.682281014294671
-0.5099861173721826 2.7257848291578486
-0.4873996826414141 2.7910405514526153
-0.442226813179877 2.9215519960421488
-0.4045827552952628 2.9868077183369155
-0.38199632056449423 2.9433039034737374
-0.34435226267988 2.834544366315793
-0.3518810742568029 2.7910405514526153
-0.3292946395260343 2.682281014294671
-0.33682345110295714 2.638777199431493
-0.34435226267988 2.5300176622735484
-0.3594098858337257 2.595273384568315
-0.3142370163721886 2.573521477136726
-0.2991793932183429 2.682281014294671
-0.26906414691065156 2.7910405514526153
-0.2314200890260373 2.8780481811789707
-0.2163624658721916 2.8998000886105597
-0.20130484271834592 2.8998000886105597
-0.16366078483373167 2.8127924588842044
-0.14107435010296313 2.7692886440210263
-0.09590148064142606 2.7475367365894376
-0.06578623433373466 2.7692886440210263
-0.0055557417183518965 2.8780481811789707
0.0019730698585709505 2.8998000886105597
0.02455950458933949 2.8998000886105597
0.009501881435493797 2.8998000886105597
0.054674750897030874 2.9650558109053264
0.09231880878164511 2.9433039034737374
0.16007811297395072 3.09556725549486
0.21277979401241065 3.117319162926449
0.25795266347394774 3.09556725549486
0.28806790978163915 3.1608229777896266
0.29559672135856196 3.1390710703580376
0.3181831560893305 3.1390710703580376
0.3332407792431762 3.0520634406316822
0.3257119676662534 3.1608229777896266
0.34076959082009906 3.1825748852212157
0.3482984023970219 3.1608229777896266
0.38594246028163615 3.1608229777896266
0.4010000834354818 3.1825748852212157
0.43864414132009605 3.2043267926528043
0.4612305760508646 3.2478306075159824
0.48381701078163314 3.269582514947571
0.48381701078163314 3.2260787000843933
0.47628819920471027 3.1825748852212157
0.4461729528970189 3.073815348063271
0.38594246028163615 2.9650558109053264
0.3633560255508676 3.008559625768504
0.3257119676662534 2.8780481811789707
0.2805390982047163 2.856296273747382
0.2654814750508706 2.8780481811789707
0.2353662287431792 2.8998000886105597
0.1901933592816421 2.834544366315793
0.1073764319354908 2.8127924588842044
0.06973237405087657 2.7257848291578486
0.017030693012416644 2.638777199431493
-0.04319979960296613 2.638777199431493
-0.09590148064142606 2.5517695697051375
-0.11095910379527175 2.4865138474103707
-0.17118959641065454 2.5300176622735484
-0.18624721956450022 2.4865138474103707
-0.22389127744911444 2.5082657548419593
-0.28412177006449724 2.399506217684015
-0.3067082047952658 2.3560024028208373
-0.3594098858337257 2.3342504953892482
-0.36693869741064855 2.4430100325471926
-0.3594098858337257 2.399506217684015
-0.36693869741064855 2.3124985879576596
-0.3970539437183399 2.247242865662893
-0.41211156687218564 2.2907466805260706
-0.44975562475679987 2.247242865662893
-0.5099861173721826 2.225490958231304
-0.5325725521029512 2.3342504953892482
-0.540101363679874 2.399506217684015
-0.5325725521029512 2.4647619399787817
-0.5024573057952598 2.5082657548419593
-0.5175149289491054 2.421258125115604
-0.4873996826414141 2.4430100325471926
-0.44975562475679987 2.421258125115604
-0.46481324791064554 2.3560024028208373
-0.46481324791064554 2.421258125115604
-0.44975562475679987 2.377754310252426
-0.4572844363337227 2.3560024028208373
-0.442226813179877 2.3560024028208373
-0.44975562475679987 2.377754310252426
-0.4346980016029542 2.2689947730944815
-0.442226813179877 2.2907466805260706
-0.4271691900260313 2.2907466805260706
-0.4346980016029542 2.399506217684015
-0.4346980016029542 2.4865138474103707
-0.4045827552952628 2.4430100325471926
-0.3970539437183399 2.4647619399787817
-0.3895251321414171 2.4647619399787817
-0.3594098858337257 2.3560024028208373
-0.3518810742568029 2.2907466805260706
-0.38199632056449423 2.225490958231304
-0.3970539437183399 2.2907466805260706
-0.4346980016029542 2.3342504953892482
-0.442226813179877 2.421258125115604
-0.4346980016029542 2.5300176622735484
-0.4045827552952628 2.573521477136726
-0.3970539437183399 2.660529106863082
-0.3594098858337257 2.5300176622735484
-0.3594098858337257 2.5517695697051375
-0.3518810742568029 2.4647619399787817
-0.3518810742568029 2.377754310252426
-0.34435226267988 2.2037390507997148
-0.36693869741064855 2.225490958231304
-0.38199632056449423 2.225490958231304
-0.37446750898757136 2.247242865662893
-0.41211156687218564 2.377754310252426
-0.41964037844910845 2.421258125115604
-0.38199632056449423 2.4647619399787817
-0.3970539437183399 2.4865138474103707
-0.3895251321414171 2.5517695697051375
-0.38199632056449423 2.4647619399787817
-0.38199632056449423 2.377754310252426
-0.3594098858337257 2.399506217684015
-0.3594098858337257 2.399506217684015
-0.36693869741064855 2.2689947730944815
-0.3594098858337257 2.2907466805260706
-0.3895251321414171 2.225490958231304
-0.4271691900260313 2.247242865662893
-0.44975562475679987 2.2689947730944815
-0.4723420594875684 2.2689947730944815
-0.4723420594875684 2.377754310252426
-0.44975562475679987 2.377754310252426
-0.4346980016029542 2.3124985879576596
-0.41211156687218564 2.4430100325471926
-0.38199632056449423 2.377754310252426
-0.3895251321414171 2.377754310252426
-0.4271691900260313 2.3124985879576596
-0.46481324791064554 2.3560024028208373
-0.46481324791064554 2.377754310252426
-0.4798708710644912 2.5082657548419593
-0.4873996826414141 2.5517695697051375
-0.4723420594875684 2.5082657548419593
-0.44975562475679987 2.5082657548419593
-0.46481324791064554 2.595273384568315
-0.4271691900260313 2.4647619399787817
-0.41964037844910845 2.4647619399787817
-0.41964037844910845 2.5517695697051375
-0.4346980016029542 2.4430100325471926
-0.442226813179877 2.5300176622735484
-0.4723420594875684 2.573521477136726
-0.5024573057952598 2.4647619399787817
-0.49492849421833696 2.4430100325471926
-0.4873996826414141 2.399506217684015
-0.4572844363337227 2.421258125115604
-0.3970539437183399 2.4430100325471926
-0.3594098858337257 2.5300176622735484
-0.3292946395260343 2.660529106863082
-0.32176582794911146 2.638777199431493
-0.3895251321414171 2.617025291999904
-0.44975562475679987 2.4865138474103707
-0.4873996826414141 2.421258125115604
-0.5099861173721826 2.399506217684015
-0.49492849421833696 2.399506217684015
-0.4873996826414141 2.4865138474103707
-0.4346980016029542 2.7040329217262595
-0.38199632056449423 2.7475367365894376
-0.3292946395260343 2.7910405514526153
-0.2615353353337287 2.856296273747382
-0.24647771217988299 2.7692886440210263
-0.2314200890260373 2.7692886440210263
-0.27659295848757437 2.617025291999904
-0.33682345110295714 2.7257848291578486
-0.33682345110295714 2.7257848291578486
-0.3067082047952658 2.682281014294671
-0.29165058164142005 2.8127924588842044
-0.3142370163721886 2.8127924588842044
-0.3292946395260343 2.834544366315793
-0.3067082047952658 2.8127924588842044
-0.3067082047952658 2.834544366315793
-0.3067082047952658 2.7475367365894376
-0.27659295848757437 2.7692886440210263
-0.24647771217988299 2.7257848291578486
-0.22389127744911444 2.7040329217262595
-0.19377603114142306 2.682281014294671
-0.14107435010296313 2.7040329217262595
-0.13354553852604029 2.7257848291578486
-0.13354553852604029 2.7692886440210263
-0.13354553852604029 2.834544366315793
-0.15613197325680883 2.8998000886105597
-0.148603161679886 2.856296273747382
-0.17871840798757738 2.9650558109053264
-0.148603161679886 2.8998000886105597
-0.18624721956450022 2.7910405514526153
-0.20130484271834592 2.7692886440210263
-0.2163624658721916 2.7040329217262595
-0.2314200890260373 2.617025291999904
-0.24647771217988299 2.573521477136726
-0.2615353353337287 2.595273384568315
-0.2991793932183429 2.617025291999904
-0.3594098858337257 2.617025291999904
-0.41211156687218564 2.595273384568315
-0.4572844363337227 2.617025291999904
-0.4723420594875684 2.617025291999904
-0.4271691900260313 2.617025291999904
-0.41211156687218564 2.638777199431493
-0.41964037844910845 2.595273384568315
-0.4572844363337227 2.4865138474103707
-0.442226813179877 2.4647619399787817
-0.44975562475679987 2.3560024028208373
-0.46481324791064554 2.3560024028208373
-0.4798708710644912 2.421258125115604
-0.49492849421833696 2.595273384568315
-0.4798708710644912 2.7475367365894376
-0.4873996826414141 2.9650558109053264
-0.4798708710644912 2.9433039034737374
-0.4798708710644912 2.856296273747382
-0.4798708710644912 2.617025291999904
-0.49492849421833696 2.3342504953892482
-0.4572844363337227 2.138483328504948
-0.4045827552952628 1.8122047170311146
-0.33682345110295714 1.5946856427152256
-0.148603161679886 1.3119108461045699
0.09231880878164511 0.9421284197675586
0.43111532974317324 0.5505940859989583
0.8376711548970069 0.07205212250400242
1.3571591537046834 -0.34123411869618675
1.9444064567046655 -0.8415279896227315
2.6445859333584902 -1.2548142308229207
3.3974670910507747 -1.385325675412454
4.067531321396908 -1.363573767980865
4.587019320204584 -1.1025508788017984
4.858056536973807 -0.5805051004436647
4.888171783281498 0.006796400209235718
4.624663378089199 0.5940979008621361
3.9696567708969113 1.072639864357092
3.005968889050787 1.3336627535361587
2.042281007204662 1.4641741981256922
1.0785931253585381 1.50767801298887
0.11490524351241366 1.6816932724415812
-0.8487826383337107 2.0079718839154146
-1.0068876814490906 2.160235235936537
-0.6605623489106396 2.4865138474103707
-0.28412177006449724 2.421258125115604
-0.02061336487219759 2.3560024028208373
0.06973237405087657 2.2907466805260706
-0.013084553295274743 2.181987143368126
-0.12601672694911745 2.160235235936537
-0.24647771217988299 2.2037390507997148
-0.3292946395260343 2.3124985879576596
-0.36693869741064855 2.4430100325471926
-0.3895251321414171 2.5300176622735484
-0.37446750898757136 2.5300176622735484
-0.3594098858337257 2.5517695697051375
-0.37446750898757136 2.4647619399787817
-0.3895251321414171 2.4430100325471926
-0.3895251321414171 2.4865138474103707
-0.4271691900260313 2.5517695697051375
-0.4271691900260313 2.5517695697051375
-0.4572844363337227 2.5300176622735484
-0.44975562475679987 2.595273384568315
-0.41964037844910845 2.617025291999904
-0.41211156687218564 2.5300176622735484
-0.36693869741064855 2.4430100325471926
-0.3142370163721886 2.399506217684015
-0.24647771217988299 2.377754310252426
-0.19377603114142306 2.421258125115604
-0.17118959641065454 2.5300176622735484
-0.17871840798757738 2.5082657548419593
-0.2163624658721916 2.5517695697051375
-0.23894890060296015 2.5082657548419593
-0.27659295848757437 2.5517695697051375
-0.27659295848757437 2.5517695697051375
-0.28412177006449724 2.5517695697051375
-0.27659295848757437 2.660529106863082
-0.2991793932183429 2.7475367365894376
-0.29165058164142005 2.7692886440210263
-0.27659295848757437 2.7475367365894376
-0.2615353353337287 2.7910405514526153
-0.2540065237568058 2.8127924588842044
-0.2163624658721916 2.682281014294671
-0.19377603114142306 2.7475367365894376
-0.19377603114142306 2.660529106863082
-0.19377603114142306 2.638777199431493
-0.17118959641065454 2.617025291999904
-0.148603161679886 2.617025291999904
-0.08837266906450321 2.595273384568315
-0.013084553295274743 2.682281014294671
0.032088316166262336 2.7040329217262595
0.09984762035856795 2.7475367365894376
0.09231880878164511 2.7692886440210263
0.07726118562779942 2.7692886440210263
0.017030693012416644 2.7910405514526153
0.02455950458933949 2.7910405514526153
0.08478999720472226 2.7475367365894376
0.1374916782431822 2.8127924588842044
0.19772217085856497 2.9215519960421488
0.2504238518970249 2.9433039034737374
0.29559672135856196 3.117319162926449
0.3257119676662534 3.2043267926528043
0.38594246028163615 3.1825748852212157
0.4085288950124047 3.117319162926449
0.4461729528970189 3.117319162926449
0.4537017644739417 3.1390710703580376
0.4612305760508646 3.030311533200093
0.48381701078163314 3.09556725549486
0.5139322570893246 3.1608229777896266
0.5816915612816301 3.2043267926528043
0.6343932423200901 3.269582514947571
0.6795661117816272 3.3348382372423377
0.6946237349354728 3.3348382372423377
0.68709492335855 3.356590144673927
0.6645084886277814 3.29133442237916
0.6268644307431672 3.2478306075159824
0.6268644307431672 3.1825748852212157
0.6193356191662444 3.1608229777896266
0.641922053897013 3.09556725549486
0.6720373002047043 3.1390710703580376
0.7096813580893185 3.09556725549486
0.7172101696662414 3.1608229777896266
0.7021525465123957 3.073815348063271
0.6795661117816272 3.09556725549486
0.6193356191662444 2.9868077183369155
0.5816915612816301 3.008559625768504
0.5289898802431702 2.9215519960421488
0.47628819920471027 2.8780481811789707
0.4160577065893275 2.7040329217262595
0.3482984023970219 2.638777199431493
0.29559672135856196 2.617025291999904
0.24289504032010203 2.617025291999904
0.17513573612779643 2.595273384568315
0.1374916782431822 2.682281014294671
0.1073764319354908 2.682281014294671
0.06973237405087657 2.7257848291578486
-0.0055557417183518965 2.660529106863082
-0.08084385748758037 2.638777199431493
-0.1184879153721946 2.573521477136726
-0.15613197325680883 2.399506217684015
-0.17871840798757738 2.3342504953892482
-0.18624721956450022 2.3124985879576596
-0.17871840798757738 2.3124985879576596
-0.20130484271834592 2.2907466805260706
-0.2615353353337287 2.2907466805260706
-0.3067082047952658 2.377754310252426
-0.36693869741064855 2.3342504953892482
-0.36693869741064855 2.377754310252426
-0.37446750898757136 2.3560024028208373
-0.37446750898757136 2.3560024028208373
-0.33682345110295714 2.399506217684015
-0.3292946395260343 2.3124985879576596
-0.3518810742568029 2.247242865662893
-0.37446750898757136 2.247242865662893
-0.37446750898757136 2.225490958231304
-0.3518810742568029 2.160235235936537
-0.32176582794911146 2.1167314210733594
-0.3292946395260343 2.160235235936537
-0.36693869741064855 2.160235235936537
-0.36693869741064855 2.247242865662893
-0.3594098858337257 2.399506217684015
-0.3142370163721886 2.399506217684015
-0.2615353353337287 2.3560024028208373
-0.2540065237568058 2.421258125115604
-0.2540065237568058 2.3342504953892482
-0.24647771217988299 2.3342504953892482
-0.24647771217988299 2.3124985879576596
-0.26906414691065156 2.3124985879576596
-0.29165058164142005 2.4430100325471926
-0.28412177006449724 2.4865138474103707
-0.28412177006449724 2.4647619399787817
-0.28412177006449724 2.5082657548419593
-0.2615353353337287 2.4647619399787817
-0.2615353353337287 2.4430100325471926
-0.2163624658721916 2.421258125115604
-0.2314200890260373 2.3342504953892482
-0.27659295848757437 2.377754310252426
-0.29165058164142005 2.3342504953892482
-0.2991793932183429 2.377754310252426
-0.2991793932183429 2.421258125115604
-0.27659295848757437 2.4647619399787817
-0.2615353353337287 2.421258125115604
-0.23894890060296015 2.4865138474103707
-0.24647771217988299 2.4647619399787817
-0.2615353353337287 2.4647619399787817
-0.3067082047952658 2.4647619399787817
-0.3067082047952658 2.4430100325471926
-0.3142370163721886 2.377754310252426
-0.2991793932183429 2.3342504953892482
-0.26906414691065156 2.3124985879576596
-0.24647771217988299 2.181987143368126
-0.26906414691065156 2.2037390507997148
-0.26906414691065156 2.3342504953892482
-0.3067082047952658 2.2907466805260706
-0.3292946395260343 2.377754310252426
-0.33682345110295714 2.4865138474103707
-0.3067082047952658 2.4865138474103707
-0.27659295848757437 2.5082657548419593
-0.29165058164142005 2.421258125115604
-0.3142370163721886 2.3342504953892482
-0.33682345110295714 2.3124985879576596
-0.4045827552952628 2.247242865662893
-0.4572844363337227 2.2037390507997148
-0.4572844363337227 2.225490958231304
-0.4723420594875684 2.181987143368126
-0.4798708710644912 2.247242865662893
-0.46481324791064554 2.247242865662893
-0.4346980016029542 2.225490958231304
-0.4271691900260313 2.2689947730944815
-0.38199632056449423 2.3124985879576596
-0.37446750898757136 2.3124985879576596
-0.37446750898757136 2.399506217684015
-0.3895251321414171 2.3124985879576596
-0.4045827552952628 2.181987143368126
-0.4271691900260313 2.160235235936537
-0.442226813179877 2.2037390507997148
-0.4346980016029542 2.0949795136417704
-0.442226813179877 2.181987143368126
-0.41964037844910845 2.2907466805260706
-0.4346980016029542 2.3342504953892482
-0.41211156687218564 2.2907466805260706
-0.4346980016029542 2.399506217684015
-0.41964037844910845 2.3560024028208373
-0.4346980016029542 2.2907466805260706
-0.442226813179877 2.3342504953892482
-0.4346980016029542 2.2689947730944815
-0.4572844363337227 2.247242865662893
-0.46481324791064554 2.225490958231304
-0.4572844363337227 2.2037390507997148
-0.442226813179877 2.2037390507997148
-0.442226813179877 2.225490958231304
-0.4271691900260313 2.225490958231304
-0.4271691900260313 2.247242865662893
-0.41964037844910845 2.3342504953892482
-0.41211156687218564 2.2907466805260706
-0.46481324791064554 2.3560024028208373
-0.4346980016029542 2.377754310252426
-0.4271691900260313 2.3560024028208373
-0.3970539437183399 2.3342504953892482
-0.37446750898757136 2.3342504953892482
-0.33682345110295714 2.421258125115604
-0.3518810742568029 2.4865138474103707
-0.34435226267988 2.4865138474103707
-0.3292946395260343 2.5300176622735484
-0.3067082047952658 2.5300176622735484
-0.24647771217988299 2.4865138474103707
-0.20130484271834592 2.421258125115604
-0.18624721956450022 2.377754310252426
-0.14107435010296313 2.377754310252426
-0.12601672694911745 2.399506217684015
-0.16366078483373167 2.3124985879576596
-0.20883365429526876 2.3342504953892482
-0.22389127744911444 2.399506217684015
-0.22389127744911444 2.421258125115604
-0.2163624658721916 2.5082657548419593
-0.20883365429526876 2.5517695697051375
-0.2314200890260373 2.4865138474103707
-0.27659295848757437 2.4430100325471926
-0.29165058164142005 2.399506217684015
-0.29165058164142005 2.3124985879576596
-0.23894890060296015 2.3560024028208373
-0.2314200890260373 2.225490958231304
-0.20883365429526876 2.160235235936537
-0.22389127744911444 2.160235235936537
-0.2540065237568058 2.138483328504948
-0.26906414691065156 2.1167314210733594
-0.3292946395260343 2.247242865662893
-0.3594098858337257 2.181987143368126
-0.4271691900260313 2.225490958231304
-0.4572844363337227 2.225490958231304
-0.46481324791064554 2.2907466805260706
-0.4798708710644912 2.2907466805260706
-0.4873996826414141 2.247242865662893
-0.5024573057952598 2.2689947730944815
-0.5325725521029512 2.160235235936537
-0.5476301752567969 2.0949795136417704
-0.5626877984106425 2.1167314210733594
-0.540101363679874 2.225490958231304
-0.5325725521029512 2.3124985879576596
-0.5250437405260283 2.3342504953892482
-0.49492849421833696 2.3560024028208373
-0.46481324791064554 2.3560024028208373
-0.4723420594875684 2.247242865662893
-0.5250437405260283 2.3560024028208373
-0.5325725521029512 2.3124985879576596
-0.5702166099875654 2.3342504953892482
-0.5777454215644883 2.2907466805260706
-0.6003318562952568 2.247242865662893
-0.5702166099875654 2.1167314210733594
-0.5551589868337197 2.0079718839154146
-0.5175149289491054 1.7687009021679367
-0.3895251321414171 1.4424222906941033
-0.20130484271834592 1.1596474940834476
0.06973237405087657 0.7681131603148473
0.48381701078163314 0.33307501168306924
0.9581321401277725 -0.10196313694870879
1.5303218199739088 -0.6675127301700202
2.2229724850508106 -1.2765661382545095
2.9607960195892495 -1.6898523794546987
3.72873480043538 -1.7986119166126433
4.3762125960507445 -1.4723333051388097
4.8204124790891925 -0.8850318044859092
4.986046333781496 -0.1454669518118866
4.782768421204579 0.5288421785673694
4.112704190858445 1.0073841420623253
3.149016309012321 1.3989184758309254
2.1853284271661964 1.5729337352836368
1.221640545320072 1.6816932724415812
0.25795266347394774 1.7904528095995258
-0.7057352183721767 1.942716161620648
-1.029474116179859 2.1167314210733594
-0.5928030447183339 2.2689947730944815
-0.19377603114142306 2.3124985879576596
0.02455950458933949 2.377754310252426
0.03961712774318518 2.377754310252426
-0.07331504591065752 2.3342504953892482
-0.2540065237568058 2.3342504953892482
-0.41211156687218564 2.3342504953892482
-0.5024573057952598 2.4865138474103707
-0.5325725521029512 2.5517695697051375
-0.4798708710644912 2.595273384568315
-0.442226813179877 2.573521477136726
-0.41211156687218564 2.5517695697051375
-0.44975562475679987 2.4430100325471926
-0.46481324791064554 2.3560024028208373
-0.5024573057952598 2.399506217684015
-0.540101363679874 2.4430100325471926
-0.5175149289491054 2.4430100325471926
-0.5099861173721826 2.573521477136726
-0.4572844363337227 2.5517695697051375
-0.442226813179877 2.595273384568315
-0.4271691900260313 2.617025291999904
-0.4346980016029542 2.5082657548419593
-0.44975562475679987 2.5517695697051375
-0.44975562475679987 2.4430100325471926
-0.44975562475679987 2.4430100325471926
-0.4271691900260313 2.5082657548419593
-0.4346980016029542 2.4647619399787817
-0.4045827552952628 2.573521477136726
-0.3518810742568029 2.595273384568315
-0.3518810742568029 2.638777199431493
-0.3594098858337257 2.7257848291578486
-0.36693869741064855 2.7910405514526153
-0.3970539437183399 2.682281014294671
-0.37446750898757136 2.682281014294671
-0.36693869741064855 2.660529106863082
-0.3518810742568029 2.660529106863082
-0.2991793932183429 2.7040329217262595
-0.29165058164142005 2.638777199431493
-0.23894890060296015 2.617025291999904
-0.2615353353337287 2.595273384568315
-0.27659295848757437 2.617025291999904
-0.24647771217988299 2.7040329217262595
-0.20883365429526876 2.7910405514526153
-0.14107435010296313 2.8127924588842044
-0.11095910379527175 2.856296273747382
-0.08084385748758037 2.8127924588842044
-0.06578623433373466 2.7692886440210263
-0.08837266906450321 2.7475367365894376
-0.09590148064142606 2.834544366315793
-0.058257422756811825 2.8780481811789707
-0.02061336487219759 2.9433039034737374
0.032088316166262336 2.9868077183369155
0.07726118562779942 3.0520634406316822
0.14502048982010504 3.008559625768504
0.19772217085856497 3.008559625768504
0.28806790978163915 3.1390710703580376
0.3482984023970219 3.117319162926449
0.38594246028163615 3.117319162926449
0.4160577065893275 3.0520634406316822
0.4537017644739417 3.008559625768504
0.47628819920471027 3.030311533200093
0.491345822358556 3.030311533200093
0.48381701078163314 3.073815348063271
0.5214610686662474 3.117319162926449
0.5440475033970159 3.29133442237916
0.5666339381277845 3.269582514947571
0.6042779960123987 3.356590144673927
0.6343932423200901 3.269582514947571
0.6569796770508586 3.2260787000843933
0.641922053897013 3.117319162926449
0.6193356191662444 3.09556725549486
0.6042779960123987 2.9868077183369155
0.589220372858553 2.9868077183369155
0.5741627497047073 2.8780481811789707
0.5666339381277845 2.8780481811789707
0.5591051265508616 2.9215519960421488
0.5440475033970159 2.856296273747382
0.5289898802431702 2.9650558109053264
0.4537017644739417 2.8127924588842044
0.4085288950124047 2.834544366315793
0.2654814750508706 2.7040329217262595
0.1374916782431822 2.595273384568315
0.009501881435493797 2.5300176622735484
-0.035670988026043286 2.4647619399787817
-0.08837266906450321 2.399506217684015
-0.11095910379527175 2.399506217684015
-0.1184879153721946 2.377754310252426
-0.13354553852604029 2.4430100325471926
-0.16366078483373167 2.573521477136726
-0.18624721956450022 2.5517695697051375
-0.20130484271834592 2.573521477136726
-0.22389127744911444 2.421258125115604
-0.24647771217988299 2.377754310252426
-0.28412177006449724 2.2689947730944815
-0.2991793932183429 2.181987143368126
-0.3594098858337257 2.138483328504948
-0.3970539437183399 2.0514756987785927
-0.41211156687218564 2.138483328504948
-0.44975562475679987 2.0949795136417704
-0.44975562475679987 2.138483328504948
-0.4271691900260313 2.181987143368126
-0.4271691900260313 2.247242865662893
-0.41964037844910845 2.3342504953892482
-0.36693869741064855 2.3342504953892482
-0.3970539437183399 2.3342504953892482
-0.3895251321414171 2.247242865662893
-0.4045827552952628 2.0732276062101813
-0.3970539437183399 2.0297237913470036
-0.41964037844910845 2.0514756987785927
-0.41964037844910845 2.0732276062101813
-0.38199632056449423 2.160235235936537
-0.37446750898757136 2.247242865662893
-0.37446750898757136 2.377754310252426
-0.33682345110295714 2.4865138474103707
-0.3518810742568029 2.5300176622735484
-0.33682345110295714 2.5300176622735484
-0.37446750898757136 2.399506217684015
-0.41211156687218564 2.2689947730944815
-0.41211156687218564 2.181987143368126
-0.41211156687218564 2.138483328504948
-0.38199632056449423 2.0949795136417704
-0.38199632056449423 2.0732276062101813
-0.37446750898757136 2.138483328504948
-0.38199632056449423 2.2037390507997148
-0.3895251321414171 2.2907466805260706
-0.38199632056449423 2.2907466805260706
-0.3594098858337257 2.3124985879576596
-0.33682345110295714 2.399506217684015
-0.32176582794911146 2.4430100325471926
-0.33682345110295714 2.3124985879576596
-0.3292946395260343 2.2907466805260706
-0.3594098858337257 2.2037390507997148
-0.3594098858337257 2.1167314210733594
-0.37446750898757136 2.160235235936537
-0.3970539437183399 2.160235235936537
-0.3895251321414171 2.2037390507997148
-0.3895251321414171 2.2689947730944815
-0.3970539437183399 2.2689947730944815
-0.38199632056449423 2.3124985879576596
-0.37446750898757136 2.247242865662893
-0.3594098858337257 2.225490958231304
-0.36693869741064855 2.247242865662893
-0.3895251321414171 2.3124985879576596
-0.41211156687218564 2.2689947730944815
-0.4346980016029542 2.2689947730944815
-0.44975562475679987 2.2689947730944815
-0.442226813179877 2.181987143368126
-0.44975562475679987 2.160235235936537
-0.4271691900260313 2.138483328504948
-0.4045827552952628 2.160235235936537
-0.36693869741064855 2.225490958231304
-0.3594098858337257 2.247242865662893
-0.3594098858337257 2.2689947730944815
-0.4045827552952628 2.247242865662893
-0.4346980016029542 2.2689947730944815
-0.4723420594875684 2.1167314210733594
-0.5024573057952598 2.0949795136417704
-0.4873996826414141 2.0514756987785927
-0.49492849421833696 2.0297237913470036
-0.5024573057952598 2.0732276062101813
-0.4873996826414141 2.1167314210733594
-0.4572844363337227 2.0949795136417704
-0.4346980016029542 2.2037390507997148
-0.4346980016029542 2.2037390507997148
-0.41211156687218564 2.225490958231304
-0.4045827552952628 2.247242865662893
-0.41964037844910845 2.181987143368126
-0.442226813179877 2.160235235936537
-0.4346980016029542 2.0297237913470036
-0.46481324791064554 2.1167314210733594
-0.4798708710644912 2.0732276062101813
-0.4873996826414141 2.0514756987785927
-0.4873996826414141 2.0949795136417704
-0.46481324791064554 2.181987143368126
-0.4572844363337227 2.181987143368126
-0.4271691900260313 2.225490958231304
-0.44975562475679987 2.2037390507997148
-0.44975562475679987 2.2689947730944815
-0.442226813179877 2.1167314210733594
-0.46481324791064554 2.138483328504948
-0.49492849421833696 2.138483328504948
-0.4873996826414141 2.225490958231304
-0.4798708710644912 2.181987143368126
-0.44975562475679987 2.247242865662893
-0.41964037844910845 2.2907466805260706
-0.3970539437183399 2.377754310252426
-0.3292946395260343 2.377754310252426
-0.2991793932183429 2.399506217684015
-0.29165058164142005 2.377754310252426
-0.28412177006449724 2.377754310252426
-0.29165058164142005 2.2037390507997148
-0.2991793932183429 2.160235235936537
-0.32176582794911146 2.181987143368126
-0.33682345110295714 2.225490958231304
-0.36693869741064855 2.247242865662893
-0.3594098858337257 2.3342504953892482
-0.3142370163721886 2.4865138474103707
-0.32176582794911146 2.4647619399787817
-0.2615353353337287 2.3560024028208373
-0.20883365429526876 2.2907466805260706
-0.16366078483373167 2.160235235936537
-0.16366078483373167 2.138483328504948
-0.148603161679886 2.0079718839154146
-0.16366078483373167 2.0297237913470036
-0.2163624658721916 2.0079718839154146
-0.22389127744911444 1.964468069052237
-0.23894890060296015 1.9862199764838258
-0.2540065237568058 2.0732276062101813
-0.24647771217988299 2.0514756987785927
-0.2163624658721916 2.0732276062101813
-0.20883365429526876 2.0949795136417704
-0.16366078483373167 2.0514756987785927
-0.17871840798757738 2.0297237913470036
-0.17118959641065454 1.9862199764838258
-0.20130484271834592 2.0514756987785927
-0.24647771217988299 2.0297237913470036
-0.3142370163721886 1.942716161620648
-0.36693869741064855 1.9862199764838258
-0.4271691900260313 1.964468069052237
-0.4723420594875684 1.9862199764838258
-0.4873996826414141 1.9862199764838258
-0.5024573057952598 2.0732276062101813
-0.5250437405260283 2.0949795136417704
-0.5099861173721826 2.181987143368126
-0.5099861173721826 2.0514756987785927
-0.5099861173721826 1.9862199764838258
-0.5099861173721826 1.8992123467574702
-0.5024573057952598 1.8339566244627035
-0.5175149289491054 1.8992123467574702
-0.5099861173721826 1.8774604393258814
-0.5099861173721826 1.8992123467574702
-0.5175149289491054 1.964468069052237
-0.5099861173721826 2.0079718839154146
-0.5024573057952598 2.0732276062101813
-0.4798708710644912 2.2037390507997148
-0.5099861173721826 2.247242865662893
-0.4798708710644912 2.181987143368126
-0.5099861173721826 2.160235235936537
-0.5099861173721826 2.0514756987785927
-0.5250437405260283 1.8557085318942925
-0.49492849421833696 1.6164375501468145
-0.442226813179877 1.290158938672981
-0.29165058164142005 0.8768726974727918
-0.06578623433373466 0.3765788265462471
0.30312553293548483 -0.1454669518118866
0.8075559085893156 -0.5152493781488979
1.4173896463200661 -0.9285356193490871
2.102511499820045 -1.385325675412454
2.8328062227815614 -1.7551081017494654
3.5706297573200003 -1.9943790834969433
4.225636364512288 -1.9943790834969433
4.715009117012273 -1.7551081017494654
5.016161580089187 -1.385325675412454
5.12909375374303 -0.8415279896227315
5.0236903916661095 -0.27597839640142
4.722537928589196 0.2678192893883026
4.0976465677046 0.6376017157253139
3.133958685858475 0.8333688826096141
2.170270804012351 0.9856322346307363
1.2065829221662265 1.050887956925503
0.24289504032010203 1.1378955866518587
-0.7207928415260223 1.290158938672981
-1.4360299413336928 1.5294299204204589
-1.1122910435260103 1.746948994736348
-0.6153894794491025 1.8122047170311146
-0.148603161679886 1.9862199764838258
0.1224340550893365 2.0514756987785927
0.17513573612779643 2.0514756987785927
0.08478999720472226 2.1167314210733594
-0.08837266906450321 2.2037390507997148
-0.26906414691065156 2.225490958231304
-0.3292946395260343 2.2907466805260706
-0.4045827552952628 2.247242865662893
-0.4045827552952628 2.2037390507997148
-0.41964037844910845 2.1167314210733594
-0.3970539437183399 2.0732276062101813
-0.38199632056449423 2.1167314210733594
-0.3518810742568029 2.0732276062101813
-0.36693869741064855 2.1167314210733594
-0.36693869741064855 2.1167314210733594
-0.3594098858337257 2.1167314210733594
-0.33682345110295714 2.2689947730944815
-0.34435226267988 2.2907466805260706
-0.33682345110295714 2.399506217684015
-0.32176582794911146 2.3560024028208373
-0.3292946395260343 2.3124985879576596
-0.3142370163721886 2.181987143368126
-0.3142370163721886 2.138483328504948
-0.3142370163721886 2.1167314210733594
-0.32176582794911146 2.181987143368126
-0.34435226267988 2.247242865662893
-0.34435226267988 2.3342504953892482
-0.32176582794911146 2.3124985879576596
-0.28412177006449724 2.2689947730944815
-0.24647771217988299 2.3124985879576596
-0.2163624658721916 2.2907466805260706
-0.2163624658721916 2.2907466805260706
-0.19377603114142306 2.3124985879576596
-0.20883365429526876 2.3342504953892482
-0.20883365429526876 2.2689947730944815
-0.2163624658721916 2.2689947730944815
-0.19377603114142306 2.247242865662893
-0.20883365429526876 2.225490958231304
-0.18624721956450022 2.181987143368126
-0.16366078483373167 2.225490958231304
-0.148603161679886 2.181987143368126
-0.12601672694911745 2.2907466805260706
-0.09590148064142606 2.421258125115604
-0.08837266906450321 2.399506217684015
-0.08084385748758037 2.399506217684015
-0.028142176449120437 2.421258125115604
-0.013084553295274743 2.377754310252426
0.0019730698585709505 2.399506217684015
0.04714593932010803 2.3560024028208373
0.054674750897030874 2.3342504953892482
0.07726118562779942 2.377754310252426
0.09231880878164511 2.377754310252426
0.16007811297395072 2.421258125115604
0.1901933592816421 2.399506217684015
0.2504238518970249 2.4647619399787817
0.3181831560893305 2.4865138474103707
0.3482984023970219 2.4430100325471926
0.3633560255508676 2.377754310252426
0.3784136487047133 2.377754310252426
0.39347127185855896 2.399506217684015
0.4612305760508646 2.399506217684015
0.48381701078163314 2.4865138474103707
0.491345822358556 2.5082657548419593
0.5289898802431702 2.5300176622735484
0.6118068075893215 2.5300176622735484
0.6343932423200901 2.5082657548419593
0.7096813580893185 2.5300176622735484
0.7397966043970099 2.5082657548419593
0.7774406622816241 2.5082657548419593
0.8000270970123927 2.5082657548419593
0.8075559085893156 2.5082657548419593
0.8000270970123927 2.377754310252426
0.7699118507047014 2.2907466805260706
0.7623830391277785 2.247242865662893
0.7397966043970099 2.2907466805260706
0.7473254159739328 2.399506217684015
0.7623830391277785 2.4865138474103707
0.7548542275508556 2.5082657548419593
0.7623830391277785 2.4647619399787817
0.7096813580893185 2.3560024028208373
0.6569796770508586 2.3342504953892482
0.6193356191662444 2.247242865662893
0.5741627497047073 2.225490958231304
0.5139322570893246 2.2037390507997148
0.42358651816625037 2.138483328504948
0.37088483712779047 2.0949795136417704
0.30312553293548483 2.138483328504948
0.24289504032010203 2.0949795136417704
0.18266454770471927 2.138483328504948
0.14502048982010504 2.181987143368126
0.08478999720472226 2.160235235936537
0.032088316166262336 2.1167314210733594
0.032088316166262336 2.0514756987785927
-0.035670988026043286 1.9862199764838258
-0.09590148064142606 1.8992123467574702
-0.12601672694911745 1.7687009021679367
-0.148603161679886 1.8339566244627035
-0.18624721956450022 1.746948994736348
-0.2163624658721916 1.725197087304759
-0.20883365429526876 1.7904528095995258
-0.22389127744911444 1.7904528095995258
-0.23894890060296015 1.7687009021679367
-0.24647771217988299 1.746948994736348
-0.27659295848757437 1.6816932724415812
-0.29165058164142005 1.485926105557281
-0.2991793932183429 1.268407031241392
-0.3292946395260343 1.1813994015150364
-0.3518810742568029 1.1161436792202697
-0.36693869741064855 1.1813994015150364
-0.3518810742568029 1.290158938672981
-0.34435226267988 1.4424222906941033
-0.33682345110295714 1.5946856427152256
-0.33682345110295714 1.6381894575784035
-0.2991793932183429 1.8122047170311146
-0.29165058164142005 1.8557085318942925
-0.27659295848757437 1.8339566244627035
-0.27659295848757437 1.8339566244627035
-0.29165058164142005 1.8122047170311146
-0.29165058164142005 1.8992123467574702
-0.27659295848757437 1.8992123467574702
-0.29165058164142005 2.0949795136417704
-0.29165058164142005 2.138483328504948
-0.2615353353337287 2.160235235936537
-0.23894890060296015 2.0949795136417704
-0.2163624658721916 2.1167314210733594
-0.19377603114142306 2.3124985879576596
-0.18624721956450022 2.4430100325471926
-0.17871840798757738 2.573521477136726
-0.18624721956450022 2.4865138474103707
-0.17118959641065454 2.399506217684015
-0.19377603114142306 2.3560024028208373
-0.20883365429526876 2.225490958231304
-0.20883365429526876 2.181987143368126
-0.20883365429526876 2.2907466805260706
-0.23894890060296015 2.4647619399787817
-0.28412177006449724 2.5082657548419593
-0.26906414691065156 2.617025291999904
-0.26906414691065156 2.7257848291578486
-0.24647771217988299 2.7475367365894376
-0.27659295848757437 2.617025291999904
-0.23894890060296015 2.5082657548419593
-0.2615353353337287 2.3560024028208373
-0.26906414691065156 2.3560024028208373
-0.2615353353337287 2.3124985879576596
-0.2615353353337287 2.2907466805260706
-0.24647771217988299 2.2689947730944815
-0.2540065237568058 2.3124985879576596
-0.2540065237568058 2.3560024028208373
-0.24647771217988299 2.225490958231304
-0.22389127744911444 2.225490958231304
-0.2163624658721916 2.2037390507997148
-0.23894890060296015 2.225490958231304
-0.2540065237568058 2.181987143368126
-0.28412177006449724 2.181987143368126
-0.2991793932183429 2.181987143368126
-0.2991793932183429 2.0079718839154146
-0.2991793932183429 1.8992123467574702
-0.3067082047952658 1.8774604393258814
-0.3067082047952658 1.8122047170311146
-0.2991793932183429 1.7687009021679367
-0.2991793932183429 1.8774604393258814
-0.28412177006449724 1.942716161620648
-0.2540065237568058 1.9209642541890593
-0.2540065237568058 1.8774604393258814
-0.2540065237568058 1.8339566244627035
-0.2540065237568058 1.8122047170311146
-0.29165058164142005 1.746948994736348
-0.3067082047952658 1.7687009021679367
-0.3292946395260343 1.7687009021679367
-0.3594098858337257 1.8122047170311146
-0.38199632056449423 1.8339566244627035
-0.3518810742568029 1.9209642541890593
-0.3142370163721886 1.8992123467574702
-0.29165058164142005 1.964468069052237
-0.23894890060296015 2.0297237913470036
-0.2540065237568058 1.964468069052237
-0.24647771217988299 1.9209642541890593
-0.2615353353337287 1.8122047170311146
-0.27659295848757437 1.746948994736348
-0.2991793932183429 1.5946856427152256
-0.34435226267988 1.5729337352836368
-0.33682345110295714 1.5946856427152256
-0.3518810742568029 1.6599413650099923
-0.3292946395260343 1.7687009021679367
-0.32176582794911146 1.9209642541890593
-0.3067082047952658 2.0079718839154146
-0.27659295848757437 2.0514756987785927
-0.2615353353337287 2.0079718839154146
-0.2314200890260373 1.942716161620648
-0.2615353353337287 1.8339566244627035
-0.2314200890260373 1.8122047170311146
-0.20130484271834592 1.8122047170311146
-0.17871840798757738 1.9209642541890593
-0.16366078483373167 1.9209642541890593
-0.15613197325680883 2.0079718839154146
-0.148603161679886 2.0949795136417704
-0.13354553852604029 2.1167314210733594
-0.13354553852604029 2.0732276062101813
-0.1034302922183489 2.1167314210733594
-0.12601672694911745 1.9862199764838258
-0.1034302922183489 1.8992123467574702
-0.09590148064142606 1.8122047170311146
-0.08837266906450321 1.725197087304759
-0.07331504591065752 1.5946856427152256
-0.035670988026043286 1.6381894575784035
-0.04319979960296613 1.6381894575784035
-0.035670988026043286 1.70344517987317
-0.02061336487219759 1.7687009021679367
-0.02061336487219759 1.7904528095995258
-0.028142176449120437 1.8774604393258814
-0.035670988026043286 1.8992123467574702
-0.058257422756811825 1.8774604393258814
-0.08084385748758037 1.8339566244627035
-0.11095910379527175 1.746948994736348
-0.13354553852604029 1.6381894575784035
-0.17118959641065454 1.5729337352836368
-0.17871840798757738 1.5729337352836368
-0.17118959641065454 1.5729337352836368
-0.22389127744911444 1.5946856427152256
-0.2540065237568058 1.70344517987317
-0.2991793932183429 1.70344517987317
-0.3142370163721886 1.6816932724415812
-0.32176582794911146 1.6599413650099923
-0.34435226267988 1.6164375501468145
-0.36693869741064855 1.50767801298887
-0.3594098858337257 1.3771665683993366
-0.4045827552952628 1.3119108461045699
-0.41211156687218564 1.290158938672981
-0.41964037844910845 1.3554146609677478
-0.41964037844910845 1.3554146609677478
-0.41211156687218564 1.4641741981256922
-0.3970539437183399 1.485926105557281
-0.38199632056449423 1.5946856427152256
-0.38199632056449423 1.6381894575784035
-0.36693869741064855 1.6816932724415812
-0.37446750898757136 1.70344517987317
-0.3970539437183399 1.7687009021679367
-0.37446750898757136 1.7904528095995258
-0.3970539437183399 1.70344517987317
-0.41211156687218564 1.5946856427152256
-0.4045827552952628 1.4206703832625145
-0.3594098858337257 1.1813994015150364
-0.26906414691065156 0.8551207900412029
-0.11095910379527175 0.42008264140942486
0.1676069245508736 -0.05845932208553099
0.5666339381277845 -0.38473793355936453
1.1162371832431524 -0.732768452464787
1.7034844862431344 -1.146054693664976
2.3434334702815764 -1.5593409348651652
3.0210265122046325 -2.037882898360121
3.6760331193969202 -2.3859134172655434
4.270809233973825 -2.516424861855077
4.715009117012273 -2.364161509833955
5.001103956935341 -1.8856195463389989
5.0839208842814925 -1.2113104159597428
4.978517522204573 -0.44999365585413126
4.65477862439689 0.05030021507241352
3.9244839014353743 0.5288421785673694
2.9607960195892495 0.7028574380200806
1.9971081377431252 0.7898650677464362
1.033420255897001 0.8768726974727918
0.06973237405087657 0.9856322346307363
-0.8939555077952478 1.1813994015150364
-0.9466571888337078 1.290158938672981
-0.5325725521029512 1.4424222906941033
-0.14107435010296313 1.5511818278520477
0.08478999720472226 1.6164375501468145
0.16007811297395072 1.5729337352836368
0.06220356247395373 1.6816932724415812
-0.07331504591065752 1.70344517987317
-0.22389127744911444 1.725197087304759
-0.33682345110295714 1.6816932724415812
-0.3895251321414171 1.746948994736348
-0.3970539437183399 1.7687009021679367
-0.4271691900260313 1.7904528095995258
-0.3895251321414171 1.8339566244627035
-0.41211156687218564 1.8339566244627035
-0.38199632056449423 1.8339566244627035
-0.41964037844910845 1.7687009021679367
-0.3970539437183399 1.725197087304759
-0.4045827552952628 1.746948994736348
-0.38199632056449423 1.725197087304759
-0.36693869741064855 1.8339566244627035
-0.36693869741064855 1.7904528095995258
-0.36693869741064855 1.7904528095995258
-0.3895251321414171 1.7904528095995258
-0.3970539437183399 1.8122047170311146
-0.38199632056449423 1.7904528095995258
-0.3895251321414171 1.8122047170311146
-0.36693869741064855 1.8122047170311146
-0.3594098858337257 1.8339566244627035
-0.33682345110295714 1.7904528095995258
-0.3142370163721886 1.8557085318942925
-0.26906414691065156 1.8557085318942925
-0.24647771217988299 1.9209642541890593
-0.23894890060296015 1.942716161620648
-0.2540065237568058 1.8774604393258814
-0.23894890060296015 1.964468069052237
-0.24647771217988299 1.9209642541890593
-0.23894890060296015 1.8557085318942925
-0.2314200890260373 1.8557085318942925
-0.2314200890260373 1.8774604393258814
-0.2163624658721916 1.9862199764838258
-0.22389127744911444 2.0949795136417704
-0.19377603114142306 2.138483328504948
-0.17118959641065454 2.0732276062101813
-0.11095910379527175 2.0297237913470036
-0.09590148064142606 1.942716161620648
-0.058257422756811825 1.8774604393258814
-0.04319979960296613 1.8339566244627035
-0.035670988026043286 1.964468069052237
-0.028142176449120437 1.9209642541890593
-0.02061336487219759 1.942716161620648
-0.013084553295274743 1.9209642541890593
-0.0055557417183518965 1.942716161620648
0.02455950458933949 2.0514756987785927
0.04714593932010803 2.0514756987785927
0.11490524351241366 2.0949795136417704
0.17513573612779643 2.181987143368126
0.21277979401241065 2.225490958231304
0.2504238518970249 2.2689947730944815
0.28806790978163915 2.2689947730944815
0.31065434451240764 2.225490958231304
0.3482984023970219 2.1167314210733594
0.3784136487047133 2.138483328504948
0.4085288950124047 2.181987143368126
0.4537017644739417 2.181987143368126
0.5289898802431702 2.247242865662893
0.5591051265508616 2.3124985879576596
0.6042779960123987 2.3342504953892482
0.6569796770508586 2.399506217684015
0.6645084886277814 2.3124985879576596
0.6645084886277814 2.3124985879576596
0.6645084886277814 2.225490958231304
0.6645084886277814 2.2037390507997148
0.6494508654739358 2.2907466805260706
0.68709492335855 2.2037390507997148
0.6720373002047043 2.2689947730944815
0.6795661117816272 2.2037390507997148
0.6946237349354728 2.247242865662893
0.68709492335855 2.138483328504948
0.6645084886277814 2.138483328504948
0.6795661117816272 2.225490958231304
0.6569796770508586 2.181987143368126
0.5967491844354759 2.1167314210733594
0.5591051265508616 2.0514756987785927
0.4612305760508646 1.9862199764838258
0.4010000834354818 1.8122047170311146
0.3482984023970219 1.8122047170311146
0.24289504032010203 1.746948994736348
0.19772217085856497 1.746948994736348
0.14502048982010504 1.7904528095995258
0.11490524351241366 1.8122047170311146
0.07726118562779942 1.8122047170311146
0.03961712774318518 1.8992123467574702
0.0019730698585709505 1.8774604393258814
-0.058257422756811825 1.8122047170311146
-0.1034302922183489 1.70344517987317
-0.148603161679886 1.5729337352836368
-0.19377603114142306 1.5511818278520477
-0.2540065237568058 1.5294299204204589
-0.27659295848757437 1.5511818278520477
-0.33682345110295714 1.5294299204204589
-0.33682345110295714 1.6816932724415812
-0.34435226267988 1.725197087304759
-0.3518810742568029 1.8122047170311146
-0.3292946395260343 1.7687009021679367
-0.3518810742568029 1.6816932724415812
-0.3518810742568029 1.6381894575784035
-0.33682345110295714 1.4641741981256922
-0.37446750898757136 1.4206703832625145
-0.41211156687218564 1.3989184758309254
-0.41964037844910845 1.4206703832625145
-0.442226813179877 1.50767801298887
-0.44975562475679987 1.50767801298887
-0.4271691900260313 1.5511818278520477
-0.41211156687218564 1.6164375501468145
-0.3970539437183399 1.6816932724415812
-0.38199632056449423 1.746948994736348
-0.3594098858337257 1.6599413650099923
-0.3594098858337257 1.70344517987317
-0.36693869741064855 1.6599413650099923
-0.36693869741064855 1.5729337352836368
-0.4045827552952628 1.485926105557281
-0.4346980016029542 1.5294299204204589
-0.4271691900260313 1.5294299204204589
-0.4271691900260313 1.5729337352836368
-0.3970539437183399 1.6816932724415812
-0.34435226267988 1.725197087304759
-0.3594098858337257 1.7687009021679367
-0.34435226267988 1.8557085318942925
-0.3292946395260343 1.7904528095995258
-0.32176582794911146 1.6381894575784035
-0.3142370163721886 1.485926105557281
-0.28412177006449724 1.3771665683993366
-0.26906414691065156 1.3336627535361587
-0.26906414691065156 1.3336627535361587
-0.27659295848757437 1.4641741981256922
-0.2991793932183429 1.5511818278520477
-0.3142370163721886 1.6599413650099923
-0.3518810742568029 1.725197087304759
-0.34435226267988 1.725197087304759
-0.3594098858337257 1.70344517987317
-0.38199632056449423 1.725197087304759
-0.3970539437183399 1.6816932724415812
-0.4271691900260313 1.5946856427152256
-0.46481324791064554 1.5511818278520477
-0.46481324791064554 1.5294299204204589
-0.44975562475679987 1.5294299204204589
-0.4572844363337227 1.485926105557281
-0.4873996826414141 1.485926105557281
-0.46481324791064554 1.6164375501468145
-0.46481324791064554 1.6816932724415812
-0.44975562475679987 1.70344517987317
-0.41211156687218564 1.725197087304759
-0.37446750898757136 1.6164375501468145
-0.3895251321414171 1.50767801298887
-0.4045827552952628 1.3771665683993366
-0.4271691900260313 1.268407031241392
-0.44975562475679987 1.1596474940834476
-0.46481324791064554 1.290158938672981
-0.4572844363337227 1.290158938672981
-0.49492849421833696 1.4206703832625145
-0.4873996826414141 1.50767801298887
-0.46481324791064554 1.5294299204204589
-0.4723420594875684 1.5511818278520477
-0.46481324791064554 1.6164375501468145
-0.4572844363337227 1.5294299204204589
-0.44975562475679987 1.4424222906941033
-0.442226813179877 1.3771665683993366
-0.4723420594875684 1.4206703832625145
-0.4723420594875684 1.3554146609677478
-0.4723420594875684 1.3554146609677478
-0.4798708710644912 1.3989184758309254
-0.49492849421833696 1.2466551238098031
-0.4798708710644912 1.4424222906941033
-0.4798708710644912 1.4641741981256922
-0.4798708710644912 1.4641741981256922
-0.4723420594875684 1.4641741981256922
-0.4572844363337227 1.5294299204204589
-0.46481324791064554 1.485926105557281
-0.4873996826414141 1.485926105557281
-0.49492849421833696 1.4641741981256922
-0.5099861173721826 1.3989184758309254
-0.5250437405260283 1.3989184758309254
-0.5325725521029512 1.3771665683993366
-0.5702166099875654 1.3554146609677478
-0.5325725521029512 1.3989184758309254
-0.5250437405260283 1.3554146609677478
-0.5099861173721826 1.50767801298887
-0.5099861173721826 1.5294299204204589
-0.4873996826414141 1.5729337352836368
-0.4346980016029542 1.5946856427152256
-0.3970539437183399 1.5946856427152256
-0.4045827552952628 1.5294299204204589
-0.41211156687218564 1.5511818278520477
-0.41964037844910845 1.5511818278520477
-0.442226813179877 1.6599413650099923
-0.4723420594875684 1.6599413650099923
-0.4346980016029542 1.70344517987317
-0.4045827552952628 1.70344517987317
-0.36693869741064855 1.6816932724415812
-0.34435226267988 1.6381894575784035
-0.3292946395260343 1.5294299204204589
-0.2991793932183429 1.4424222906941033
-0.29165058164142005 1.4641741981256922
-0.2991793932183429 1.3989184758309254
-0.3067082047952658 1.3554146609677478
-0.28412177006449724 1.3989184758309254
-0.2615353353337287 1.3989184758309254
-0.26906414691065156 1.4424222906941033
-0.28412177006449724 1.4424222906941033
-0.3067082047952658 1.4206703832625145
-0.32176582794911146 1.3771665683993366
-0.3142370163721886 1.4424222906941033
-0.3142370163721886 1.4641741981256922
-0.32176582794911146 1.4424222906941033
-0.33682345110295714 1.4206703832625145
-0.3594098858337257 1.268407031241392
-0.37446750898757136 1.1813994015150364
-0.37446750898757136 1.1161436792202697
-0.41211156687218564 1.072639864357092
-0.4572844363337227 1.1161436792202697
-0.4798708710644912 1.1813994015150364
-0.5099861173721826 1.1813994015150364
-0.5024573057952598 1.290158938672981
-0.5099861173721826 1.3554146609677478
-0.5551589868337197 1.3336627535361587
-0.5777454215644883 1.3554146609677478
-0.6304471026029482 1.268407031241392
-0.6304471026029482 1.2466551238098031
-0.6455047257567939 1.2249032163782143
-0.6304471026029482 1.1378955866518587
-0.637975914179871 1.1161436792202697
-0.6530335373337167 1.2031513089466253
-0.6153894794491025 1.2466551238098031
-0.6003318562952568 1.3771665683993366
-0.6304471026029482 1.4206703832625145
-0.5626877984106425 1.50767801298887
-0.5551589868337197 1.4424222906941033
-0.5476301752567969 1.3554146609677478
-0.5852742331414111 1.290158938672981
-0.6078606678721796 1.2249032163782143
-0.6153894794491025 1.2249032163782143
-0.5777454215644883 1.072639864357092
-0.5325725521029512 1.0291360494939141
-0.4572844363337227 0.8333688826096141
-0.3142370163721886 0.5723459934305472
-0.1184879153721946 0.18081165966194693
0.14502048982010504 -0.16721885924347551
0.491345822358556 -0.5805051004436647
0.9280168938200811 -1.0590470639386205
1.4324472694739119 -1.4723333051388097
2.004636949320048 -1.9073714537705877
2.6219994986277215 -2.25540197267601
3.299592540550778 -2.364161509833955
3.9094262782815283 -2.277153880107599
4.398799030781514 -1.9291233612021765
4.692422682281505 -1.2548142308229207
4.7300667401661185 -0.732768452464787
4.413856653935359 -0.3194822112645978
3.6459178730892288 -0.0802112295171199
2.6822299912431045 0.11555593736718023
1.71854210939698 0.11555593736718023
0.7548542275508556 0.24606738195671365
-0.20883365429526876 0.33307501168306924
-1.1725215361413932 0.5940979008621361
-1.3005113329490816 0.7463612528832584
-0.9240707541029392 0.8986246049043807
-0.5325725521029512 0.9856322346307363
-0.23894890060296015 1.0291360494939141
-0.08084385748758037 1.0943917717886809
-0.11095910379527175 1.072639864357092
-0.2163624658721916 1.0943917717886809
-0.33682345110295714 1.1813994015150364
-0.4346980016029542 1.0943917717886809
-0.5024573057952598 1.072639864357092
-0.5476301752567969 1.072639864357092
-0.5476301752567969 1.0943917717886809
-0.540101363679874 1.1596474940834476
-0.5250437405260283 1.072639864357092
-0.5175149289491054 1.2466551238098031
-0.49492849421833696 1.2466551238098031
-0.5175149289491054 1.290158938672981
-0.5175149289491054 1.268407031241392
-0.5024573057952598 1.268407031241392
-0.4572844363337227 1.290158938672981
-0.4271691900260313 1.268407031241392
-0.41211156687218564 1.268407031241392
-0.4346980016029542 1.2466551238098031
-0.41964037844910845 1.268407031241392
-0.46481324791064554 1.290158938672981
-0.4572844363337227 1.2249032163782143
-0.49492849421833696 1.2466551238098031
-0.49492849421833696 1.0943917717886809
-0.4798708710644912 1.0291360494939141
-0.4572844363337227 1.0291360494939141
-0.4271691900260313 1.2031513089466253
-0.38199632056449423 1.1596474940834476
-0.37446750898757136 1.2466551238098031
-0.36693869741064855 1.2466551238098031
-0.34435226267988 1.2249032163782143
-0.33682345110295714 1.2031513089466253
-0.34435226267988 1.1813994015150364
